Distance_nm     Force_uN
0     -1.0033
-0.094     -0.0314
-0.021     0.7838
1.195     0.3762
3.54     -0.533
5.915     -0.9092
8.155     -1.16
10.609     -1.0973
12.88     -0.1881
15.073     0.6584
17.439     1.066
19.678     0.8151
21.981     -0.3762
24.346     -0.9719
26.476     0.0314
28.737     0.4389
31.061     -0.8778
33.295     -2.1006
35.561     -0.8778
37.786     1.2541
39.926     1.066
42.26     0.0627
44.49     -0.8465
46.73     -1.7243
49.032     -1.3481
51.183     -0.1254
53.429     1.0346
55.715     1.2227
57.861     0.5016
60.133     -0.9719
62.425     -1.9125
64.576     -1.5049
66.863     0.5016
69.103     1.693
71.243     1.0973
73.562     -0.1881
75.817     -1.4108
78.01     -1.7243
80.354     -0.7524
82.558     0.0627
84.756     0.3135
86.98     0.0941
89.157     0.0627
91.439     0.5016
93.674     1.6616
95.815     1.2227
98.138     -0.5643
100.32     -1.0346
102.508     0
104.847     -0.4076
107.056     -2.2573
109.249     -2.32
111.53     -0.1568
113.64     1.693
115.869     1.8811
118.151     -0.2508
120.234     -2.6335
122.485     -3.0411
124.725     -1.3168
126.891     0.5016
129.168     1.1914
131.324     1.3795
133.465     1.4108
135.71     1.0346
137.647     0.3762
139.934     -0.3449
142.184     -0.7838
144.325     -0.1568
146.607     0.627
148.815     -0.5643
150.935     -1.3795
153.285     -0.1568
155.467     -0.4076
157.613     -1.0346
159.931     -1.1287
162.13     -0.7211
164.354     0.1254
166.62     0.0627
168.781     -0.7524
171.042     -1.066
173.277     -0.9092
175.444     0.1568
177.767     1.4422
179.997     2.1006
182.116     1.4422
184.45     -0.2508
186.664     -1.8497
188.888     -1.8811
191.196     -0.1881
193.332     1.066
195.525     1.3481
197.843     1.3481
200.057     -0.4389
202.333     -3.1665
204.536     -2.7903
206.714     0
209.032     0.627
211.22     -1.0346
213.386     -1.066
215.752     1.3168
217.934     1.8497
220.164     -0.3762
222.414     -1.4108
224.643     0.0314
226.904     1.0973
229.155     1.5676
231.327     0.7524
233.666     -0.7838
238.125     -0.5643
240.427     0.5643
242.641     0.4703
244.855     -0.1568
247.163     -0.0314
249.314     -0.3135
251.58     -1.3481
253.987     -2.7589
256.227     -1.8497
258.55     0.627
260.827     1.4735
262.983     0.5643
265.296     -0.9092
267.578     -1.1287
269.76     0.1568
272.131     0.6584
274.324     -0.7838
276.595     -1.5049
279.017     -0.627
281.221     0.8151
283.508     1.3168
285.873     0.3449
288.081     -0.6584
290.389     -0.3135
292.749     1.0973
294.994     1.3481
297.37     -1.4422
299.647     -2.4454
301.897     -1.4108
304.304     -1.0973
306.596     -0.9405
308.925     0.1881
311.217     1.4108
313.404     1.5989
315.759     0.8151
318.093     -0.3135
320.37     -1.5362
322.787     -1.1914
325.126     -0.2195
327.387     1.0033
329.784     0.7211
332.039     -0.4076
334.305     -0.533
336.723     0.0941
339.02     -0.0627
341.359     -0.8151
343.703     -1.1287
345.959     -0.627
348.361     0.0941
350.71     1.4108
352.95     0.9092
355.3     0.4076
357.639     0.3135
359.947     -0.4389
362.411     -0.3449
364.693     -1.0346
366.985     -1.3795
369.449     -0.2822
371.71     0.1254
374.054     -0.8465
376.399     -0.5957
378.639     0.9719
381.02     1.5049
383.359     -0.4076
385.666     -1.5362
388.089     -1.3168
390.439     -1.16
392.705     -0.4076
395.08     0.2508
397.383     0.5643
399.743     1.3795
402.145     0.627
404.395     -1.3168
406.745     -0.5957
409.105     1.0973
411.397     -0.3135
413.861     -1.9438
416.216     -1.9752
418.456     -0.7211
420.894     0.6897
423.265     1.4735
425.562     0.7211
428.047     -0.7524
430.365     -1.1914
432.694     -0.627
435.112     0.1881
437.487     0.4076
439.879     0.0627
442.306     -0.4076
444.572     -0.4703
447.006     0.4703
449.428     0.8778
451.652     0.4703
454.054     -0.1254
456.367     -0.533
458.722     -0.0314
461.166     0.8778
463.494     0.8778
465.865     -0.0627
468.266     -0.4076
470.574     -0.2822
473.002     0.0627
475.44     -0.0627
477.753     -0.6897
480.192     -0.6584
482.562     0.2195
484.86     0.0627
487.355     -0.3135
489.663     -0.8778
492.018     -0.2508
494.482     1.0033
496.848     0.8465
499.291     0.1568
501.771     0.8778
504.079     1.3168
506.444     0.4389
508.7     -0.2508
510.214     -0.2195
510.261     -0.1881
510.209     -0.3762
510.172     -0.2508
510.136     -0.533
510.12     -0.1254
510.052     0.9719
510.026     0.6897
510.01     -0.6897
509.989     -1.2854
510.047     -0.627
510.036     0.0314
510.031     0.0314
510.042     -0.3762
510.052     -0.9092
510.042     -0.533
509.989     0.9405
509.995     1.7243
510.005     1.0033
510.026     -0.3449
510.052     -0.4389
510.01     0.1568
510.073     0.0314
510.063     -0.4703
510.063     -0.5643
510.099     -0.1254
510.099     0.3135
510.115     0.4703
510.109     0.1881
510.073     -1.1914
510.104     -2.1319
510.104     -0.4703
510.063     0.1568
510.052     0.6897
510.104     0.5016
510.12     -0.0314
510.151     0.4076
510.156     1.3795
510.151     1.6303
510.146     0.533
510.136     -0.3449
510.13     -0.7211
510.209     -0.9092
510.25     -0.0627
510.271     0.8778
510.308     0.6897
510.334     0.4076
510.334     -0.3762
510.365     -1.5989
510.407     -1.9125
510.449     -0.9092
510.506     -0.1254
510.506     0.4076
510.501     0.5957
510.553     0.8465
510.585     1.0346
510.606     0.7838
510.647     0.5016
510.726     -0.0314
510.778     -0.627
510.767     -0.6584
510.799     -0.3135
510.893     -0.0314
510.955     0.2822
510.966     -0.1568
510.997     -1.0033
511.049     -0.9719
511.138     -0.5643
511.19     0.0627
511.232     0.0627
511.269     -0.8465
511.279     -1.4422
511.31     -0.7211
511.347     0.8151
511.368     1.1287
511.462     1.0033
511.504     0.4389
511.524     -0.1254
511.587     -0.5643
511.629     -0.2195
511.692     0.1254
511.728     -0.1568
511.806     -0.0627
511.827     -0.0941
511.806     -0.7211
511.9     -1.0346
511.926     -0.2508
511.958     0.2822
512.005     0.2822
512.062     0.1254
512.109     -0.533
512.156     -0.8465
512.141     -0.3135
512.083     0.7211
512.125     0.6584
512.224     0.0627
512.261     0.2822
512.287     0.2195
512.349     0.2822
512.396     0.2195
512.365     -0.0941
512.365     -0.5016
512.36     -1.066
512.423     -1.3168
512.459     -0.8151
512.485     -0.5016
512.475     0.2508
512.543     0.7524
512.574     0.4389
512.579     0
512.59     0
512.563     0.1568
512.574     0.3449
512.616     0.2195
512.6     0.2195
512.558     0.1568
512.584     0.533
512.668     1.1287
512.663     1.16
512.741     0.1881
512.757     -0.9092
512.704     -1.16
512.741     -1.1287
512.762     -0.533
512.814     -0.8151
512.845     -1.2854
512.825     -1.0973
512.845     -0.3762
512.851     -0.0314
512.913     0.2822
512.908     0.7524
512.913     0.7211
512.966     0.533
512.976     0.4389
513.007     0.4703
513.169     0.1881
513.133     0.533
513.08     0.9405
513.138     0.6584
513.143     0.1254
513.169     0.0314
513.2     -0.1254
513.268     -0.8151
513.294     -1.1914
513.352     -0.5016
513.435     -0.3762
513.477     -0.5643
513.54     -0.4076
513.561     0
513.587     0.627
513.623     0.8151
513.608     0.5957
513.665     0.6584
513.728     0.7838
513.843     0.9405
513.916     0.7838
513.942     0.0314
513.968     0.0627
514.01     0.4703
513.989     0.4703
514.078     -0.2508
514.151     -0.8465
514.182     -0.9719
514.239     -0.0627
514.286     0.5016
514.339     0.2195
514.354     -0.4703
514.433     -0.627
514.506     0
514.506     0.2195
514.527     0.627
514.574     1.0973
514.642     0.7211
514.689     0.7838
514.709     1.066
514.709     0.1568
514.746     -0.2195
514.824     0.0627
514.876     0.0314
514.903     -0.1568
514.918     -0.4076
514.955     -0.6584
514.981     -0.4076
515.012     -0.3762
515.033     -0.6897
515.122     -0.533
515.101     -0.0627
515.315     0.5016
517.028     0.5957
519.503     0.0941
522.113     0.0627
524.468     0.9405
526.953     1.693
529.553     1.7557
531.924     1.0346
534.425     0.1568
536.842     -0.4703
539.134     -1.0973
541.635     -0.8465
544.074     0.2508
546.439     0.533
548.929     0.0627
551.274     -0.9405
553.561     -1.2854
556.03     -0.8465
558.364     0
560.745     0.3449
563.157     0.6897
565.434     0.9719
567.888     0.9719
570.248     0.9092
572.451     0.8151
574.842     0.4703
577.192     0.0627
579.27     -0.3762
581.599     -0.2508
583.891     -0.0314
586.298     -0.2822
588.673     -1.16
590.934     -1.7557
593.367     -1.1914
595.696     0.1568
598.014     0.1881
600.547     -0.3135
602.907     -0.8151
605.209     -0.627
607.7     0.2195
610.091     0.8778
612.472     1.066
614.978     1.2541
617.364     1.5049
619.771     1.0033
622.241     -0.1254
624.627     -0.7524
627.149     -0.2195
629.645     -0.0627
631.963     -0.6897
634.443     -1.0973
636.866     -1.2227
639.267     -0.8465
641.768     -0.5643
644.144     -1.066
646.603     -0.8465
649.115     -0.4389
651.485     -0.5957
653.96     -0.5957
656.456     -0.3135
658.878     0.6897
661.426     1.787
663.891     1.3795
666.407     0.5016
668.94     0.1254
671.315     0.8778
673.821     0.2195
676.39     -1.066
678.803     -1.2854
681.33     -0.6584
683.898     -0.2195
686.326     -0.4703
688.869     -0.7524
691.412     -0.7211
693.85     -1.066
696.435     -1.1914
698.842     -0.8465
701.322     0.3135
703.979     0.9092
706.392     1.1287
708.908     0.8151
711.467     0.5957
713.91     0.8778
716.521     0.8778
719.069     0.6897
721.512     0.3449
724.071     -0.6897
726.598     -0.627
729.083     -0.627
731.662     -0.8465
734.069     -0.4703
736.654     -0.2822
739.218     -0.5643
741.066     -1.0973
743.441     -1.0973
744.136     -0.2508
744.219     0.3135
744.266     0.4076
744.277     0.2195
744.329     0.0627
744.413     0.4703
744.439     0.7524
744.439     0.2822
744.543     -0.533
744.621     -0.5957
744.627     -0.0314
744.71     1.0033
744.773     1.0973
744.846     -0.6584
744.94     -1.8184
745.05     -0.8778
745.138     0.2822
745.149     0
745.206     -0.6897
745.274     -0.8151
745.332     -0.5643
745.42     0.2195
745.478     1.1914
745.509     1.1287
745.598     0
745.624     -0.8151
745.65     -0.6584
745.671     0.0941
745.728     0.7524
745.843     0.9719
745.895     0.627
745.969     0.2195
746.005     0.0941
745.974     0
746.036     -0.5957
746.151     -1.1287
746.198     -0.3762
746.193     0.1568
746.224     0.0627
746.298     -0.4389
746.365     -1.0346
746.407     -0.9092
746.459     0.3449
746.485     1.0346
746.506     0.4703
746.512     -0.7524
746.527     -0.8778
746.611     0.1254
746.616     0.7838
746.673     0.7524
747.676     0.3762
750.281     -0.0314
752.808     -0.5016
755.252     -0.3762
757.831     -0.6897
760.28     -0.9719
762.802     -1.2854
765.459     -1.5362
767.887     -1.0033
770.399     -0.1568
772.931     0.5957
775.38     0.627
777.959     0.0627
780.497     -0.4076
782.914     -0.4076
785.493     -1.0033
787.958     -1.0033
790.391     -0.1881
792.975     0.8465
795.382     1.9438
797.909     1.8184
800.51     0.5016
802.969     -0.8778
805.485     -1.9752
808.013     -1.5362
810.467     -0.5957
813.035     -0.0314
815.505     0.3449
817.985     -0.5957
820.606     -1.7557
823.05     -1.6616
825.472     0.1881
828.14     0.2195
830.657     -0.3135
833.184     -1.2227
835.769     -1.0346
838.264     0.0941
840.901     1.0033
843.496     1.1914
845.914     0.9405
848.529     0.0627
851.14     -1.16
853.678     -1.5362
856.319     -1.0346
858.789     -0.1881
861.4     0.2195
864.078     -0.2822
