Distance_nm     Force_uN
0     -0.243
0.027     -0.648
6.477     -0.81
13.014     0.567
25.759     0.405
38.666     -1.053
45.068     -1.62
51.439     -1.215
64.179     -1.377
76.94     0.081
83.332     -0.162
96.007     0.081
108.371     -0.972
114.714     -0.81
127.385     -0.162
133.717     1.053
146.414     0.162
152.806     -0.405
165.481     -1.62
178.124     -1.053
183.871     -0.972
196.31     -0.405
202.685     0.324
215.463     0.405
228.101     -0.567
234.503     0.729
247.383     0.324
253.78     -0.405
265.789     -0.405
272.105     -0.324
284.883     -1.215
297.747     -1.215
304.149     -0.486
317.024     0.729
323.485     0.891
336.333     -0.648
349.207     -1.053
355.588     -1.215
368.387     0.486
374.902     0.729
387.669     -1.215
394.147     -1.782
406.93     -1.053
419.729     -0.324
426.013     -0.324
438.522     -0.486
444.597     -0.324
456.477     -1.215
468.588     -0.486
474.576     -0.243
486.822     -1.215
492.928     -0.243
505.244     0.081
517.565     -0.891
523.687     -0.81
535.976     -0.648
548.259     -0.891
554.409     -0.567
566.633     0.243
572.863     -0.81
585.194     -1.296
597.66     0.567
603.853     0.891
616.19     0.324
622.372     0.162
634.806     -0.729
641.004     -1.053
653.507     -0.729
665.688     0.081
671.725     -0.162
684.191     -1.539
702.925     -1.458
709.273     -2.106
721.879     -1.296
728.136     -0.567
740.726     -0.081
746.929     -0.486
759.519     -0.648
772.313     -0.324
778.65     0.162
791.401     -0.729
797.787     -1.296
810.501     -1.62
816.854     -0.486
829.675     0.567
836.034     0.243
848.844     -1.134
861.697     -0.567
868.164     -0.243
881.012     -1.053
887.463     0
900.418     -0.486
906.927     -1.782
919.883     -1.539
926.408     -0.162
939.423     -0.891
945.922     -0.081
959.027     -0.729
965.553     -0.891
978.632     -1.053
991.824     -0.162
998.366     0.243
1011.563     1.134
1018.261     1.215
1024.948     -0.729
1038.22     -1.782
1044.886     -0.648
1058.26     -0.162
1064.953     -0.567
1078.29     -0.81
1084.977     -0.081
1098.314     -1.539
1105.001     -1.134
1118.623     0.162
1125.407     0.891
1138.931     0.081
1152.591     -1.701
1159.434     -1.458
1173.125     -0.243
1179.985     -0.405
1186.79     -0.648
1200.514     -0.891
1207.427     -0.405
1221.113     -1.134
1234.885     -0.324
1241.777     0
1248.7     0.324
1262.564     0.243
1276.406     -0.648
1283.384     -0.972
1297.317     -0.648
1304.235     -0.729
1318.088     -1.863
1325.146     -1.782
1339.268     -1.944
1346.305     -1.053
1360.211     0.324
1367.307     0.324
1381.434     0.324
1388.508     0.405
1402.689     -0.972
1409.752     -1.053
1423.944     -0.243
1431.007     -0.972
1445.269     -1.215
1452.365     -2.106
1466.669     -2.025
1481.065     -0.405
1502.588     0.405
1509.824     1.053
1524.193     -1.134
1531.461     -0.648
1546.012     -0.486
1553.21     -0.648
1567.751     0
1575.024     0.162
1589.597     -0.972
1604.16     -1.863
1611.497     -0.891
1626.124     0.567
1633.408     -0.486
1648.116     0.567
1662.796     0.648
1670.156     -0.243
1684.971     -0.405
1692.383     -1.296
1707.263     -0.729
1722.014     -1.134
1729.47     -1.458
1744.387     -1.377
1751.81     -0.243
1766.83     -1.296
1781.731     0.243
1789.154     -0.405
1804.179     -0.162
1811.748     -0.324
1827.02     -1.134
1842.265     -2.025
1849.802     -0.729
1864.971     -0.81
1880.179     0.486
1887.721     0.567
1902.794     -1.458
1917.953     0.324
1933.246     -0.243
1940.864     -1.053
1956.125     0
1963.79     0.324
1979.1     -1.62
1994.592     -1.944
2002.322     -1.134
2017.885     0.081
2025.604     -1.539
2041.086     -1.701
2048.843     -1.134
2064.416     -0.648
2080.01     -1.134
2087.789     -0.324
2103.437     -0.081
2111.296     -1.053
2126.928     -0.324
2142.695     -0.891
2150.591     -1.134
2166.363     -1.782
2182.178     -1.458
2190.145     -1.782
2206.046     -1.215
2213.991     -1.458
2229.924     -1.053
2237.89     -1.296
2253.716     -0.81
2261.753     -0.891
2277.718     -0.648
2293.812     -1.296
2301.844     -1.377
2317.873     -2.187
2333.979     -1.458
2342.064     -1.377
2358.325     -1.053
2366.334     -1.377
2382.509     -1.458
2406.887     -0.972
2423.073     -1.296
2439.329     -0.567
2447.392     -0.081
2463.723     -0.891
2471.889     -1.458
2488.091     -1.134
2504.771     -1.377
2504.572     -1.944
2502.728     -1.377
2490.219     -1.296
2476.915     -1.539
2470.319     -1.701
2456.982     -0.567
2450.381     -0.729
2437.023     -1.215
2430.314     -0.405
2417.004     -1.053
2410.355     -1.539
2396.959     -0.648
2390.293     -0.324
2376.822     -1.458
2370.162     -1.296
2356.739     -1.377
2350.084     -1.458
2336.666     -1.62
2323.244     -1.215
2316.546     -0.972
2303.123     -1.215
2296.452     -1.458
2282.905     -2.268
2276.186     -1.134
2262.693     -0.081
2255.925     -0.243
2242.438     -1.539
2235.703     -1.701
2222.081     -1.539
2208.54     -1.134
2201.745     -1.701
2188.172     -2.025
2181.334     -1.62
2167.68     -0.081
2147.151     -0.162
2140.319     0.081
2126.546     -0.729
2119.757     -1.215
2106.022     -1.539
2092.175     -1.134
2085.224     -0.972
2071.468     -1.62
2064.577     -1.701
2050.821     -0.972
2043.843     -0.972
2029.861     -0.972
2022.965     -0.567
2009.004     -0.729
1995.082     -1.215
1988.136     -1.053
1974.095     -1.377
1967.102     -2.025
1953.077     -2.349
1946.067     -1.782
1931.908     -2.592
1924.887     -2.106
1910.803     -0.972
1903.783     -0.729
1889.591     -0.081
1875.459     -0.081
1868.396     -1.215
1854.166     -1.701
1847.06     -2.106
1832.782     -0.729
1818.516     -2.349
1811.355     -2.673
1797.008     -1.944
1789.81     -2.268
1775.511     -2.106
1768.27     -1.782
1753.961     0.162
1739.581     0.567
1732.964     0.567
1719.052     -1.701
1711.843     -1.053
1697.308     -2.025
1690.083     -1.62
1675.563     -1.863
1668.242     -1.944
1653.717     -1.701
1646.374     -1.62
1631.742     -1.782
1624.372     -0.486
1609.664     -0.405
1594.978     -0.648
1587.667     -0.486
1572.922     -0.567
1565.579     -1.134
1550.856     -1.134
1535.998     -0.648
1528.585     -0.486
1513.77     -1.458
1506.324     -1.62
1491.579     -0.891
1484.268     -0.729
1473.017     -0.324
1465.932     -0.405
1451.854     -0.891
1436.91     -0.567
1429.389     -0.243
1414.408     -0.972
1406.919     -0.405
1392.126     -1.377
1385.009     -1.782
1369.93     -2.268
1354.949     -1.701
1347.401     -1.215
1332.291     -0.243
1317.406     -1.053
1302.289     -1.539
1294.688     -1.053
1279.508     -0.648
1264.37     -0.81
1249.098     -1.944
1241.519     -1.782
1226.22     -2.025
1218.544     -1.944
1203.186     -1.782
1187.946     -1.782
1180.291     -1.458
1164.852     -1.134
1149.527     -1.944
1141.823     -0.729
1126.439     -1.053
1118.703     -1.458
1103.179     -1.134
1087.831     -1.944
1080.091     -1.701
1064.517     -1.215
1056.777     -1.458
1041.37     -1.053
1025.787     -1.782
1018.035     -1.701
1002.494     -0.891
994.721     -0.81
979.207     -0.567
971.423     -0.324
955.877     -1.134
940.982     -1.62
933.128     -1.701
917.464     -1.053
909.68     -1.215
894.144     -1.62
878.426     -1.539
862.805     -1.62
854.973     -0.972
839.287     -0.972
831.417     -1.62
815.607     -1.458
799.884     -1.782
791.998     -2.268
776.285     -1.053
768.426     -1.377
752.633     -2.43
744.774     -2.916
728.937     -1.458
713.149     -1.134
705.156     -0.891
689.416     -2.106
673.623     0
665.645     0
649.707     -0.81
641.869     -0.567
626.377     -1.377
618.421     -2.025
602.66     -1.539
586.78     -1.62
578.9     -1.377
563.262     -0.486
555.317     -0.648
539.233     -1.782
523.381     -1.377
515.42     -0.567
499.486     -1.134
491.59     -1.296
475.769     -2.025
459.842     -1.782
451.891     -2.106
435.963     -1.62
420.041     -0.405
412.053     -0.567
388.239     -1.215
380.251     -1.458
364.452     -1.215
348.557     -0.486
340.579     -0.324
324.63     -0.972
308.821     -2.025
300.908     -1.458
285.141     -1.539
277.191     -1.782
261.311     -1.215
245.948     0.243
238.653     -1.134
222.887     -1.539
207.083     -1.782
199.186     -1.863
183.425     -0.729
175.544     -1.377
159.778     -2.43
144.124     -2.187
136.48     -1.782
121.025     -1.701
105.302     -1.377
97.534     -1.134
81.907     -2.187
74.048     -1.62
58.561     -1.296
43.155     -0.891
27.625     -1.296
19.932     -1.863
4.612     -1.377
-3     -1.296
