Distance_nm     Force_uN
0     -1.863
-0.236     -1.215
-0.282     0.162
2.655     -0.405
2.999     -1.539
5.266     -2.754
6.048     -1.62
6.14     -1.134
7.939     -1.701
9.394     -2.754
9.535     -2.673
11.138     -2.916
12.356     -2.43
12.511     -2.754
15.197     -2.106
15.435     -2.349
16.675     -1.944
17.848     -0.891
17.785     -0.243
19.094     -0.729
20.517     -0.162
21.084     -1.458
22.218     -1.701
24.456     -2.673
24.435     -2.673
27.06     -2.349
27.114     -1.62
27.132     -1.944
29.806     -1.863
30.337     -2.673
31.034     -2.106
32.694     -1.62
32.491     0.486
33.339     -0.324
36.37     -2.43
36.278     -2.187
36.657     -1.296
38.991     -0.729
39.725     -1.944
42.261     -1.701
42.155     -1.458
44.32     -1.62
45.269     -1.863
45.388     -2.349
47.317     -1.863
48.343     -1.701
47.95     0.324
49.409     0.972
51.021     -0.648
51.38     -1.701
52.981     -2.511
54.36     -1.62
54.143     -0.648
56.912     -0.567
57.215     -1.053
58.503     -1.539
60.473     -2.511
60.592     -2.106
60.992     0.162
62.756     0.162
63.211     -0.891
64.063     -0.729
66.203     -0.324
66.478     -1.377
67.441     -2.106
69.623     -1.539
69.137     0.162
71.998     -0.891
72.804     -1.701
72.917     -0.486
74.871     -0.567
75.54     -0.648
75.907     -0.486
78.495     -0.162
78.706     -0.891
79.143     -0.972
81.942     -1.458
81.807     -0.891
83.838     -0.729
84.978     -1.215
84.822     0.081
86.819     -0.891
88.506     -2.835
88.571     -2.349
89.837     -1.053
90.76     0.243
90.687     0.891
93.939     -0.324
94.083     -0.567
95.954     -1.701
97.163     -0.648
97.493     -1.215
98.75     -0.891
100.416     -1.296
100.554     -1.458
102.011     -2.106
104.015     -2.592
103.562     -0.972
106.106     0.486
106.611     -0.162
107.938     -1.863
109.543     -0.972
109.723     -0.324
110.635     -0.405
112.93     -2.025
113.127     -1.458
113.784     -1.296
116.404     -1.782
116.215     -1.053
116.864     -1.296
119.147     -0.162
118.951     0.729
121.47     0.405
122.174     0.648
122.611     0.648
124.552     0.162
125.81     -1.377
126.493     -2.754
128.276     -2.592
129.172     -1.863
129.37     -1.62
132.184     -1.134
132.396     -1.377
134.925     0
134.869     0.405
136.542     0.648
138.046     0.081
137.771     1.944
139.405     1.539
141.819     -1.215
142.282     -2.673
143.662     -2.835
144.972     -1.053
144.971     -0.891
148.143     -2.106
148.752     -3.321
149.527     -2.025
151.042     -0.972
150.877     0.81
151.947     0.729
153.902     0.405
154.375     -0.243
155.616     -1.62
158.136     -2.106
158.093     -1.944
160.66     -1.539
161.072     -1.053
162.374     -3.645
164.279     -3.483
164.586     -2.106
164.584     -0.243
166.386     0.324
166.483     2.43
167.185     1.377
170.55     -0.405
170.523     -0.243
172.805     -0.648
173.732     -0.648
174.243     -1.458
175.923     -0.729
177.276     -1.458
177.588     -1.782
179.073     -0.972
180.228     -0.486
180.438     -0.324
183.077     0.972
183.215     0.891
184.905     0.81
186.639     -0.243
186.893     -0.405
188.451     -1.134
190.49     -2.106
190.828     -3.078
191.993     -2.511
193.541     -0.972
193.383     -0.162
196.284     -0.081
196.514     0.081
197.718     -0.405
199.49     -0.081
199.647     0.891
200.768     0.081
203.065     -0.162
203.153     -0.729
206.058     -1.215
206.579     -1.296
206.541     -1.053
209.129     -0.729
209.977     -1.539
210.247     -0.162
211.883     0.891
212.273     2.349
213.082     0.972
216.128     -0.243
216.023     0.567
218.135     1.296
219.449     0
219.916     -0.567
222.001     -1.296
223.209     -1.701
223.494     -1.863
225.225     -1.62
226.268     -0.891
226.472     -0.729
228.981     1.296
228.885     2.187
232.32     1.053
232.712     -0.081
234.384     -0.486
235.714     0.567
235.963     0.405
237.554     -0.648
239.422     -1.215
239.845     -1.458
240.885     -1.053
242.856     -0.648
242.601     0.486
245.642     0.081
245.811     0.729
246.38     2.268
248.561     1.377
249.473     -0.405
250.434     -0.81
252.089     0.405
252.334     1.62
253.39     0.405
256.471     -1.377
256.455     -1.296
259.1     -1.62
259.55     -0.486
259.069     1.458
261.678     1.053
262.527     0.81
262.852     1.053
264.562     2.025
265.843     0.891
266.343     0.243
269.551     -0.81
269.155     0.972
271.376     0.243
273.025     -1.539
273.11     -1.62
274.778     -0.729
275.829     0.405
275.924     1.215
277.519     1.296
279.319     0.567
279.494     0.405
282.149     1.701
282.382     1.539
284.104     0.729
286.042     -0.162
286.537     -0.972
287.542     -0.081
289.295     -0.081
289.509     0.243
290.875     -0.972
292.973     -0.567
292.768     0.243
295.587     0.648
295.885     1.053
296.143     0.243
298.835     0.729
299.033     1.782
299.897     1.701
302.089     0.729
302.978     0.081
303.632     -0.081
306.273     0.162
306.25     0.486
308.936     -0.486
309.465     0.729
309.767     1.296
311.968     0.405
313.034     0.081
313.234     0.891
314.855     1.701
316.004     1.539
316.613     0.243
319.492     1.134
319.803     0.324
322.184     -1.377
323.402     -0.972
323.098     1.215
324.682     1.296
326.103     1.458
327.643     2.592
329.17     2.592
330.059     0.324
333.426     -0.891
333.667     -0.648
334.165     2.106
335.857     2.511
336.912     -0.081
338.253     -0.729
340.648     -1.377
340.13     0.486
342.604     2.187
343.407     0.891
344.544     0.243
346.286     1.134
347.202     -0.486
348.063     -0.81
349.914     1.782
349.961     1.863
353.234     -0.162
353.585     0.81
354.499     -0.405
356.316     0.324
356.847     1.215
357.579     0.324
359.543     0.405
360.096     1.863
360.355     2.511
363.628     1.296
363.966     0.243
365.75     1.944
367.012     1.458
367.594     0.243
369.368     0.324
370.743     0.162
370.92     0.486
373.859     1.053
373.9     1.296
375.702     1.053
377.305     0.729
377.313     1.863
378.588     2.511
380.882     1.215
381.161     0.405
384.181     0.648
384.53     0.486
385.982     -0.162
387.686     0.081
387.795     1.134
388.848     1.134
390.722     1.215
391.423     0.243
393.953     1.458
394.368     1.62
394.372     1.782
396.871     2.835
397.758     1.62
398.749     0.729
400.819     0.567
401.508     0.648
402.344     0.081
404.88     1.134
404.867     1.458
407.514     0.972
408.518     0.405
408.753     1.458
410.458     2.43
411.679     1.701
412.146     1.134
414.977     2.106
415.435     0.486
415.951     -0.324
418.789     0.486
418.587     1.539
420.642     1.296
421.969     1.377
422.509     0.891
424.208     0.324
425.828     0.486
425.775     1.458
428.749     2.349
428.902     2.187
432.301     0.972
432.473     1.296
433.93     0.729
435.6     1.296
435.629     2.43
436.815     2.349
439.709     0.162
440.001     -0.891
442.723     -0.162
443.057     0.243
443.248     3.159
444.919     4.536
446.49     1.053
447.486     0.162
450.287     -0.729
449.908     0.81
452.033     2.835
452.832     2.997
454.269     -0.162
456.481     -0.972
456.744     1.296
456.944     2.187
459.989     1.944
460.267     1.215
462.394     2.025
463.392     2.43
463.902     1.782
465.668     2.187
467.045     1.701
467.702     0.405
470.398     1.944
470.31     2.511
470.699     1.782
473.971     1.377
474.122     1.62
475.448     2.511
477.118     2.43
477.93     0.648
479.341     0.648
481.196     1.215
481.108     1.782
484.113     1.944
484.575     1.296
486.168     0.162
487.73     1.134
487.844     2.187
488.758     2.511
491.401     1.701
491.404     2.025
494.393     1.458
494.887     1.62
495.568     2.187
497.497     2.592
498.266     1.863
498.966     1.782
502.221     0.162
502.51     -0.567
504.768     0.324
505.269     1.782
505.335     3.726
507.486     3.321
509.204     0.648
511.512     0.324
512.385     1.296
512.072     4.05
514.082     3.402
515.997     1.215
516.632     0
519.588     0.486
519.45     1.377
521.022     2.511
522.506     2.592
522.838     2.592
524.774     1.215
526.4     1.296
526.559     1.215
529.065     3.645
529.145     4.212
532.951     1.944
533.76     -0.162
534.946     0.405
536.498     2.997
536.555     3.078
540.069     1.134
540.626     0.567
540.348     1.944
542.967     3.159
543.542     3.078
544.594     2.43
547.51     1.701
547.92     0.324
550.082     2.187
550.452     3.564
550.353     4.131
553.925     0.648
554.795     0.486
555.096     1.053
557.37     3.564
557.388     3.969
560.185     2.268
561.114     2.592
561.819     1.944
564     0.972
565.008     2.106
564.856     3.726
567.839     3.969
568.221     2.835
570.624     0.81
572.109     0.891
572.134     1.782
573.81     1.539
575.276     2.754
575.414     2.592
578.352     3.402
579.637     0.243
580.705     1.134
582.234     2.268
582.133     4.05
583.71     2.916
586.711     -0.243
587.515     1.458
589.147     2.349
589.429     2.754
590.346     3.402
593.178     1.863
593.231     1.863
596.184     1.863
596.699     2.025
597.53     2.187
599.249     3.321
600     2.835
600.943     1.944
603.824     1.863
603.741     2.43
606.379     2.349
607.345     2.025
607.78     2.349
610.782     2.106
610.974     1.863
613.257     2.106
614.147     2.916
614.133     3.321
616.696     1.944
617.913     1.863
617.995     2.997
621.494     1.782
621.695     1.62
623.623     1.458
625.204     1.215
625.263     1.863
626.889     2.025
628.377     2.997
628.233     4.131
631.764     2.754
632.291     1.944
633.649     1.944
635.815     2.511
636.983     2.592
639.049     3.078
639.332     2.43
642.921     0.405
642.92     2.106
643.533     3.321
645.763     4.455
646.209     3.159
649.522     1.377
649.841     2.511
650.399     3.321
652.728     2.268
653.514     1.944
653.964     2.43
657.208     1.458
657.437     1.053
659.626     2.106
660.399     3.078
660.987     2.511
663.9     3.078
664.006     2.997
665.725     4.86
667.135     4.212
668.076     2.187
670.037     1.701
671.108     3.078
671.333     3.159
674.854     1.863
675.06     2.592
676.553     2.916
678.332     2.187
679.095     0.648
680.954     5.346
681.299     4.941
683.216     3.24
685.196     2.43
685.676     2.268
687.022     1.782
688.855     3.24
688.899     3.645
692.417     1.944
692.985     1.296
694.124     0.972
695.693     2.673
695.604     4.941
696.765     3.726
699.857     1.944
700     1.782
702.638     2.511
702.906     4.131
703.546     4.536
706.091     2.673
706.982     2.511
709.53     2.511
710.619     1.782
711.198     1.863
712.648     3.969
714.127     2.43
714.842     1.053
717.63     2.106
717.221     4.293
719.223     4.941
720.573     4.536
721.188     3.888
723.448     2.106
725.31     0.891
725.234     2.025
727.906     3.969
728.776     2.187
730.464     1.62
731.978     2.025
731.946     3.645
735.098     3.888
735.178     4.617
736.848     3.645
738.912     2.835
739.75     1.134
742.652     1.701
742.618     3.726
743.666     3.645
746.384     2.673
746.717     1.62
749.769     1.134
749.836     2.997
750.327     4.374
752.288     4.698
753.268     3.888
754.087     3.402
757.164     2.349
757.415     1.782
759.189     4.941
760.279     4.212
761.3     2.592
764.349     2.592
764.185     3.402
766.322     4.293
767.729     3.321
768.13     3.24
769.981     3.564
771.338     3.807
771.817     2.997
774.707     3.888
774.735     4.374
777.153     2.673
778.857     2.106
778.843     3.402
780.202     4.131
781.83     4.698
782.166     4.131
786.089     1.701
786.293     1.863
787.296     2.997
788.911     3.969
789.148     4.779
790.566     3.807
793.252     2.835
793.655     1.539
796.144     3.402
796.19     5.184
797.303     4.86
799.999     2.511
800.83     1.782
801.253     3.159
803.728     3.888
803.785     3.888
804.47     3.807
807.281     3.969
807.596     3.24
810.573     2.187
811.366     2.43
811.503     3.969
814.411     4.536
814.555     4.212
817.297     2.916
818.368     3.321
818.434     4.536
820.422     3.969
822.271     2.268
822.507     2.349
825.526     2.835
825.856     3.078
827.551     3.159
828.782     4.86
829.138     4.455
832.851     2.673
833.143     2.349
834.29     4.05
836.367     3.564
836.553     3.321
839.705     3.645
839.767     4.536
841.036     4.617
843.299     3.159
844.052     2.349
844.953     2.997
847.142     3.969
848.221     3.321
850.61     4.212
850.787     3.807
853.797     3.24
854.52     2.997
855.132     3.483
857.766     4.131
857.919     4.05
860.909     2.592
861.955     2.025
862.17     3.726
864.18     3.969
865.396     3.24
865.796     3.24
868.168     5.913
869.062     4.455
871.297     3.321
872.69     2.916
872.87     3.564
875.825     4.131
876.296     3.807
877.875     4.536
879.759     3.969
880.03     3.645
883.268     3.564
883.399     3.645
884.846     4.536
886.542     4.455
886.67     5.751
888.286     5.022
890.957     2.511
892.141     3.321
893.973     3.402
893.649     6.156
894.924     5.265
897.866     3.888
897.984     3.483
901.137     2.835
901.78     2.673
902.32     3.807
904.311     3.726
904.662     5.589
907.586     4.536
908.783     3.402
909.226     4.131
911.017     4.779
912.518     3.159
912.986     3.24
916.162     3.078
916.207     3.321
918.425     3.24
919.475     4.374
919.619     4.86
922.865     4.536
923.176     3.726
925.24     3.726
926.605     4.293
927.001     4.131
930.165     4.131
930.429     4.05
932.034     4.131
934.019     4.05
934.311     3.726
937.442     4.05
937.882     3.483
938.837     4.86
940.807     4.617
941.19     4.941
942.08     5.67
944.727     5.103
944.937     4.374
948.202     3.402
948.831     3.159
949.767     3.24
951.828     5.346
952.358     3.888
956.328     2.349
955.949     3.969
958.222     5.67
959.385     4.293
960.005     4.374
961.771     5.589
963.057     4.617
965.857     3.24
966.71     4.05
967.478     3.321
969.175     3.888
970.194     5.022
970.462     5.022
973.783     4.536
973.984     4.374
976.139     4.131
977.701     4.374
977.825     4.698
981.134     4.293
981.487     3.564
983.144     3.726
984.493     5.103
985.066     4.536
986.608     3.807
988.697     3.888
988.759     4.131
991.891     4.293
992.443     3.564
993.272     4.779
995.468     5.508
995.536     5.508
998.585     5.508
999.193     5.103
1000.345     4.455
1002.377     4.455
1003.149     4.05
1003.977     3.888
1006.593     4.779
1007.455     4.212
1009.341     4.779
1010.155     5.022
1010.777     4.941
1013.897     4.536
1014.261     3.564
1016.963     2.673
1017.957     2.754
1018.277     3.807
1020.052     4.455
1021.047     5.265
1023.629     3.402
1025.198     2.592
1025.343     3.726
1026.891     4.455
1028.363     4.86
1030.474     4.05
1031.985     4.131
1032.513     3.888
1033.9     4.374
1035.71     4.536
1035.878     4.617
1039.213     4.212
1039.519     4.131
1040.642     4.617
1042.562     4.86
1043.258     4.05
1044.26     4.536
1046.392     5.427
1047.447     5.022
1049.437     5.103
1050.753     2.754
1051.433     3.483
1053.938     4.455
1054.738     4.374
1056.77     4.536
1057.376     5.184
1058.142     4.779
1060.974     4.86
1061.39     5.67
1064.366     5.427
1064.531     5.184
1067.408     4.05
1068.741     3.078
1068.769     4.455
1071.579     5.508
1071.802     5.184
1073.981     5.346
1075.694     4.293
1075.957     4.293
1078.898     5.427
1079.362     4.455
1081.064     5.103
1082.505     5.346
1083.241     3.969
1086.523     3.645
1086.301     5.265
1087.708     5.994
1089.616     5.589
1089.909     5.913
1093.349     4.86
1093.907     4.05
1095.004     4.536
1097.27     5.022
1097.452     4.536
1100.672     4.05
1101.152     4.05
1101.85     5.103
1104.012     4.617
1104.789     4.212
1105.432     4.86
1107.991     5.67
1108.75     5.427
1110.836     5.346
1111.661     5.508
1112.299     5.346
1115.431     4.779
1115.342     5.508
1117.881     5.184
1119.067     5.022
1119.446     5.022
1122.644     4.698
1122.908     3.888
1124.977     4.617
1125.972     5.508
1126.183     6.237
1129.13     7.209
1129.503     6.48
1131.751     5.022
1133.493     4.212
1133.667     5.022
1137.315     3.483
1137.478     3.564
1138.436     5.913
1140.266     5.508
1140.778     5.346
1143.964     5.265
1143.943     6.723
1145.665     5.103
1147.689     4.779
1148.066     5.184
1148.903     5.913
1151.657     5.103
1152.594     5.184
1154.619     5.427
1155.084     5.913
1155.825     6.237
1158.758     5.265
1158.966     4.86
1161.763     4.779
1162.349     5.346
1162.619     6.561
1164.764     6.237
1166.012     5.427
1166.922     3.969
1169.745     4.617
1171.676     6.399
1172.808     6.399
1173.574     5.346
1175.432     5.427
1176.724     5.832
1177.256     5.022
1180.437     4.86
1180.292     6.885
1182.113     6.237
1184.284     4.293
1184.624     3.807
1187.48     5.103
1187.68     5.913
1189.204     5.589
1191.005     6.237
1191.433     5.184
1194.346     5.832
1194.7     5.67
1196.214     5.265
1198.076     5.427
1198.479     5.832
1199.37     6.399
1201.869     5.994
1202.088     5.427
1205.386     4.374
1205.798     4.941
1206.252     6.399
1208.98     6.156
1208.973     6.561
1211.747     6.642
1213.046     4.455
1213.632     4.941
1215.502     5.67
1216.117     6.642
1218.482     7.209
1219.747     6.237
1220.683     4.779
1222.609     4.941
1223.71     4.941
1223.954     5.346
1226.637     7.29
1227.542     5.832
1229.31     5.913
1230.959     5.022
1231.25     4.779
1234.131     6.156
1234.209     7.209
1235.848     6.966
1237.87     6.075
1238.097     5.994
1241.677     4.455
1241.872     4.455
1242.773     5.832
1244.261     7.776
1245.141     6.075
1248.127     5.913
1248.728     5.832
1250.097     4.293
1251.935     4.941
1252.333     6.075
1252.856     6.642
1256.099     5.103
1256.474     4.05
1259     5.022
1259.426     6.642
1259.892     7.128
1263.046     6.318
1263.147     6.156
1265.606     6.156
1266.69     6.156
1267.413     5.103
1269.139     5.994
1270.618     5.346
1272.665     5.508
1273.85     6.237
1275.955     6.318
1277.686     5.751
1277.973     5.346
1280.944     5.994
1281.056     6.561
1282.726     6.399
1284.633     5.427
1284.859     6.237
1288.041     5.994
1288.477     5.346
1289.693     6.156
1291.486     6.561
1292.425     4.617
1295.031     6.237
1295.355     6.561
1296.395     7.047
1298.281     7.614
1298.949     6.966
1301.996     6.318
1302.866     5.346
1303.985     4.131
1305.806     5.103
1306.266     6.399
1307.027     5.832
1310.171     4.941
1309.926     8.505
1311.857     8.748
1313.553     6.237
1314.303     5.184
1317.246     5.913
1317.11     6.642
1319.577     6.156
1321.022     5.751
1321.383     5.346
1324.148     6.885
1324.302     6.642
1326.405     6.318
1327.675     6.885
1327.994     7.209
1329.649     6.885
1331.391     7.047
1332.944     7.938
1334.892     7.047
1335.72     5.265
1337.05     5.67
1339.046     5.589
1339.4     4.617
1342.384     5.589
1342.269     7.047
1343.237     7.128
1345.58     7.938
1345.917     7.128
1348.731     7.533
1349.121     8.181
1350.326     6.804
1353.65     4.941
1353.738     5.103
1356.118     5.913
1357.132     5.427
1358.087     4.293
1359.811     5.589
1360.798     5.913
1362.842     7.371
1363.635     8.505
1364.191     8.019
1366.387     7.128
1368.146     5.427
1368.855     4.131
1371.864     4.536
1371.791     5.265
1373.657     5.67
1375.196     5.427
1375.801     4.779
1378.651     6.075
1378.705     6.642
1379.962     7.695
1382.221     6.804
1383.958     6.075
1385.65     6.642
1385.911     6.885
1387.217     6.804
1389.857     5.751
1390.965     6.237
1392.95     6.156
1393.681     5.508
1394.731     5.184
1396.935     6.318
1396.792     7.209
1399.456     8.019
1400.235     7.29
1401.35     6.561
1403.95     7.533
1404.386     6.156
1407.248     5.589
1408.139     5.427
1408.856     5.265
1411.76     5.589
1411.521     6.723
1413.829     7.29
1414.747     7.695
1415.398     7.29
1417.162     8.019
1418.668     7.128
1418.704     8.1
1422.494     5.913
1423.167     5.265
1424.683     6.075
1426.1     6.804
1426.472     6.156
1429.748     6.075
1429.747     6.966
1431.076     8.262
1433.263     6.399
1433.393     7.371
1434.523     8.505
1436.515     8.991
1438.45     7.047
1440.588     6.075
1441.138     5.751
1442.004     6.966
1444.499     6.318
1445.981     5.103
1448.01     4.86
1447.908     7.533
1448.689     8.019
1451.331     8.181
1452.012     8.586
1454.362     7.614
1455.135     7.776
1455.75     7.857
1458.958     6.885
1459.13     6.399
1462.274     4.617
1463.074     5.508
1463.601     5.427
1466.298     6.723
1466.193     7.452
1468.549     7.938
1469.555     8.667
1469.993     8.505
1473.518     7.29
1473.764     6.723
1476.028     5.994
1477.341     6.399
1478.264     4.617
1481.281     5.346
1480.996     7.047
1482.825     6.804
1484.767     6.075
1484.82     7.614
1486.272     7.776
1488.046     8.586
1491.523     8.343
1492.073     7.857
1493.675     6.966
1495.868     6.48
1496.427     6.399
1499.443     6.561
1499.96     6.399
1501.195     5.832
1502.963     6.885
1503.766     6.48
1504.102     8.1
1507.151     7.209
1507.208     7.371
1509.971     7.533
1510.65     7.614
1511.5     7.209
1513.759     6.48
1514.942     5.832
1517.523     5.751
1518.459     5.832
1518.214     7.047
1520.866     6.561
1521.923     6.804
1521.965     8.262
1525.251     7.452
1525.678     6.642
1527.6     7.371
1528.894     7.533
1529.244     7.938
1531.267     6.966
1533.102     6.561
1533.403     6.399
1536.637     6.156
1536.529     7.371
1538.418     6.723
1540.037     7.128
1540.3     8.019
1541.894     7.371
1543.977     7.695
1543.763     8.91
1546.794     9.234
1547.876     7.209
1549.027     6.804
1551.33     7.29
1551.876     5.832
1554.886     6.075
1555.126     7.29
1556.015     7.371
1558.25     6.885
1558.62     8.262
1559.091     9.558
1562.561     7.047
1562.678     6.966
1565.4     6.966
1566.312     6.804
1567.094     6.318
1569.12     6.48
1570.093     6.723
1570.442     7.209
1573.709     6.885
1574.03     6.075
1575.576     8.748
1576.523     9.558
1577.593     7.776
1580.672     8.019
1580.555     8.991
1582.968     7.857
1584.625     7.371
1584.939     7.695
1586.588     7.533
1588.184     8.181
1588.712     7.128
1591.988     7.047
1592.088     7.776
1593.334     8.829
1595.264     8.343
1596.049     7.452
1597.189     7.857
1599.661     7.533
1600.479     8.748
1603.406     7.29
1603.806     6.399
1606.36     8.019
1607.037     7.533
1608.362     6.237
1610.214     7.209
1610.877     7.209
1611.542     7.857
1614.034     9.153
1614.35     8.343
1617.099     8.262
1618.107     7.857
1618.436     8.991
1620.737     8.181
1622.01     7.614
1622.737     6.804
1626.303     4.941
1625.981     8.181
1627.836     8.748
1629.347     7.938
1629.828     7.695
1633.127     7.209
1633.269     7.29
1634.773     9.072
1636.41     8.424
1637.286     7.29
1638.306     9.801
1640.464     8.343
1641.419     5.751
1644.333     6.966
1643.986     9.234
1645.738     8.667
1648.207     6.318
1648.343     7.209
1649.309     8.424
1651.559     8.91
1651.733     8.829
1654.996     8.262
1655.438     8.262
1656.441     8.667
1659.405     7.128
1659.641     6.561
1662.013     9.234
1662.933     7.938
1664.722     4.86
1666.531     6.075
1666.759     8.181
1667.292     8.748
1670.052     9.315
1670.503     8.1
1673.322     7.776
1673.751     9.72
1675.543     5.427
1677.641     5.103
1678.306     7.29
1679.205     5.103
1681.765     7.209
1681.481     8.748
1684.413     6.561
1685.432     7.695
1685.403     9.639
1687.65     8.181
1689.301     7.776
1689.731     7.209
1693.157     6.723
1692.805     9.72
1694.438     9.558
1697.707     4.941
1697.631     5.994
1700.157     8.586
1700.679     7.695
1702.283     7.209
1703.979     7.857
1704.318     8.424
1705.719     7.533
1707.735     9.153
1709     8.991
1711.768     8.424
1711.674     8.991
1715.128     7.452
1716.008     6.561
1716.775     7.533
1718.818     7.614
1719.774     7.128
1720.257     8.1
1723.271     7.695
1723.598     6.885
1726.236     7.614
1726.846     8.505
1726.993     10.206
1729.262     9.396
1730.856     8.019
1731.578     7.047
1734.625     7.29
1735.228     6.966
1736.643     8.748
1738.532     7.29
1739.344     5.508
1742.365     6.399
1742.119     7.857
1743.699     9.396
1745.457     8.667
1745.925     8.748
1747.158     10.125
1749.515     8.829
1750.137     7.209
1753.688     5.994
1753.622     7.128
1755.041     7.614
1756.829     7.938
1757.717     6.561
1759.263     5.346
1760.719     8.829
1762.287     7.371
1764.109     8.1
1763.969     10.935
1765.369     9.477
1768.028     9.396
1768.159     9.477
1772.067     6.156
1772.648     6.642
1773.137     8.343
1775.056     8.748
1776.106     8.424
1777.25     6.642
1780.547     5.589
1779.962     8.1
1781.88     11.097
1783.074     10.368
1783.934     9.396
1785.988     9.315
1787.834     7.128
1788.536     6.075
1791.408     7.371
1791.291     8.343
1792.995     10.206
1794.623     9.153
1795.858     6.318
1797.368     7.29
1798.759     8.748
1798.942     8.91
1802.156     9.315
1802.532     8.991
1804.2     9.153
1806.868     7.047
1807.37     5.994
1810.015     8.019
1810.401     7.857
1812.198     6.804
1814.152     6.642
1814.439     7.047
1815.313     8.667
1817.634     9.558
1817.858     9.153
1820.583     10.287
1821.537     9.234
1824.838     8.505
1825.589     8.1
1826.554     7.857
1829.433     7.938
1829.537     8.1
1831.945     8.586
1833.224     7.938
1833.955     7.29
1835.977     7.29
1836.564     10.044
1836.716     10.935
1840.318     9.234
1840.76     8.424
1842.939     8.586
1844.522     8.019
1844.927     8.1
1846.715     8.343
1848.157     9.315
1848.621     8.424
1852.008     8.181
1852.298     8.1
1854.1     7.938
1855.706     8.667
1855.883     9.72
1856.843     11.097
1859.496     9.477
1859.612     9.477
1863.291     8.1
1864.139     6.561
1865.326     6.885
1866.872     8.748
1867.18     10.044
1870.642     8.748
1871.361     8.343
1872.491     7.857
1874.651     7.614
1875.198     8.505
1875.286     11.097
1878.402     10.368
1878.809     9.477
1881.979     7.776
1883.023     7.452
1883.682     7.452
1885.693     7.371
1886.516     8.829
1886.893     9.072
1890.61     7.452
1891.178     6.075
1892.615     9.234
1893.752     10.044
1894.705     8.505
1897.612     9.963
1898.021     9.396
1900.202     7.614
1902.134     6.885
1902.515     7.452
1904.106     7.209
1905.963     8.262
1906.222     8.1
1909.66     7.29
1909.927     7.614
1910.997     8.991
1913.046     8.829
1912.986     11.502
1914.043     11.745
1917.308     9.153
1917.893     7.533
1921.033     7.209
1921.86     6.318
1922.871     6.318
1925.024     8.748
1925.221     8.505
1927.928     9.072
1928.823     9.072
1929.414     9.72
1931.567     9.72
1932.246     11.421
1935.053     10.53
1936.55     9.396
1937.213     8.667
1941.35     5.022
1941.216     6.156
1942.485     10.044
1944.598     7.452
1944.618     9.072
1946.159     10.206
1948.07     9.477
1948.412     9.477
1951.599     10.044
1951.425     11.664
1953.869     9.153
1955.935     7.938
1956.984     6.156
1959.914     7.371
1960.213     7.533
1961.422     8.667
1963.478     8.262
1963.857     8.991
1964.753     10.449
1967.573     9.234
1967.93     8.505
1970.469     10.773
1971.221     10.044
1972.938     7.695
1975.324     6.642
1975.834     7.614
1976.724     7.533
1979.704     6.804
1979.879     6.642
1981.961     9.315
1982.516     10.692
1983.504     10.125
1985.692     9.72
1986.451     11.097
1987.064     10.854
1991.049     7.695
1991.4     8.829
1993.286     9.396
1995.211     7.29
1995.946     6.075
1998.26     9.558
1998.315     10.044
1998.991     8.991
2002.128     9.801
2002.327     10.854
2004.286     9.963
2006.053     10.206
2006.408     9.882
2009.849     9.558
2010.09     9.72
2012.448     7.452
2014.756     5.589
2014.582     8.019
2015.279     10.773
2017.782     9.72
2018.133     9.234
2021.15     9.963
2021.495     10.287
2023.075     9.477
2024.902     10.287
2025.264     11.178
2028.598     10.206
2029.743     8.262
2031.577     5.589
2033.143     7.614
2033.026     11.016
2034.442     8.667
2037.36     8.424
2037.009     10.611
2040.133     9.558
2041.616     7.371
2041.547     10.611
2042.925     13.203
2045.196     8.991
2046.252     6.966
2049.331     7.938
2049.704     8.1
2052.932     8.748
2053.091     8.667
2055.369     8.829
2056.296     10.368
2057.071     9.477
2059.255     8.1
2060.524     10.449
2060.522     11.421
2064.855     7.533
2064.994     7.938
2065.903     11.421
2067.892     10.773
2069.154     7.857
2070.516     8.181
2072.666     8.667
2074.026     9.153
2075.942     9.234
2076.517     9.153
2077.766     8.991
2080.065     9.963
2080.661     8.262
2083.66     8.586
2083.793     10.692
2085.128     9.558
2087.379     9.072
2088.152     9.234
2089.08     9.072
2092.473     7.047
2092.194     8.586
2094.696     10.044
2095.801     9.396
2096.643     9.396
2100.021     8.181
2100.232     8.1
2102.612     8.91
2103.442     9.963
2104.672     7.857
2107.056     6.399
2107.263     10.854
2107.599     11.097
2111.732     7.857
2111.569     9.477
2113.636     9.72
2115.416     8.91
2115.436     10.611
2117.151     10.854
2119.065     10.53
2119.635     9.396
2123.219     8.829
2123.531     8.748
2124.911     10.125
2127.121     8.829
2127.838     7.857
2128.538     10.206
2131.085     9.72
2133.083     7.695
2134.706     9.072
2134.84     11.097
2136.215     10.206
2138.65     10.611
2138.978     10.287
2142.075     10.206
2142.659     10.287
2143.968     9.72
2146.284     8.991
2146.786     10.287
2147.528     10.449
2151.403     7.209
2151.446     7.938
2153.94     8.991
2154.702     9.882
2155.546     9.639
2158.748     9.558
2158.873     9.801
2160.871     11.745
2162.191     11.178
2165.553     8.424
2166.864     8.343
2166.638     11.502
2168.954     9.963
2170.991     8.424
2171.177     8.991
2174.099     10.611
2174.024     11.664
2176.509     9.963
2178.158     9.882
2178.339     11.097
2181.957     10.206
2182.439     9.801
2184.958     6.318
2186.583     7.371
2186.054     11.664
2188     9.558
2190.732     8.1
2190.63     9.234
2193.157     11.583
2193.5     12.231
2195.04     11.097
2197.287     10.53
2198.026     10.935
2199.173     10.287
2202.823     6.885
2202.797     7.614
2204.728     11.745
2205.685     11.259
2206.707     10.287
2209.913     9.639
2210.022     9.801
2212.331     11.826
2213.665     10.611
2214.643     9.315
2216.15     11.421
2218.087     9.234
2219.072     7.533
2222.14     8.586
2222.059     9.639
2223.889     11.502
2225.744     9.801
2226.344     9.801
2227.67     11.502
2229.405     11.097
2230.033     10.044
2233.32     10.53
2233.189     11.988
2235.582     10.044
2237.852     8.343
2238.286     8.829
2239.718     8.829
2241.695     9.963
2241.571     11.259
2245.013     10.692
2245.59     10.125
2247.023     10.044
2248.58     11.826
2249.432     11.178
2253.418     8.019
2253.801     8.991
2254.353     11.502
2256.978     9.396
2258.327     7.614
2258.823     9.153
2261.157     11.259
2261.346     11.259
2264.938     8.667
2265.612     9.477
2266.067     10.692
2268.097     11.097
2269.083     11.745
2269.884     10.854
2274.018     7.452
2273.575     9.963
2275.608     11.502
2278.523     6.156
2278.717     7.128
2281.003     11.664
2281.647     10.692
2285.292     9.639
2284.935     11.826
2287.074     11.664
2288.859     10.854
2289.89     9.396
2291.23     10.53
2292.918     11.664
2293.294     11.259
2297.36     8.748
2297.819     8.586
2299.21     9.234
2300.679     10.854
2301.679     9.315
2304.456     11.259
2304.407     13.122
2306.417     10.854
2308.928     9.396
2309.372     10.692
2310.438     10.287
2313.312     9.639
2313.582     9.396
2316.856     8.829
2317.623     9.072
2318.136     10.287
2321.466     9.153
2321.628     9.234
2323.312     13.284
2324.334     13.203
2325.588     11.502
2327.635     11.745
2329.378     10.044
2330.181     8.829
2332.899     11.016
2333.309     10.368
2335.802     9.963
2337.554     9.396
2337.815     9.72
2341.002     10.287
2341.109     10.773
2342.868     12.231
2344.328     12.798
2345.065     12.069
2346.589     12.474
2348.999     11.178
2349.358     11.016
2353.145     9.153
2353.368     9.639
2354.984     9.72
2357.706     8.181
2357.728     8.829
2360.002     12.879
2360.459     13.041
2362.088     11.826
2364.016     12.474
2364.968     11.826
2366.119     11.421
2368.981     10.935
2369.3     10.449
2372.865     8.829
2373.463     9.153
2374.478     9.234
2376.544     9.72
2377.403     10.368
2377.973     11.016
2380.601     12.393
2380.785     12.474
2383.562     12.15
2384.857     12.15
2385.215     12.231
2388.996     10.449
2389.234     10.368
2391.815     9.315
2393.424     8.91
2394.081     8.262
2395.315     10.368
2396.7     12.717
2398.693     12.231
2400.878     12.312
2400.947     12.879
2404.335     12.555
2404.891     12.15
2406.792     11.259
2408.698     11.259
2409.405     11.016
2410.697     10.692
2413.898     8.343
2414.013     8.424
2417.163     8.262
2417.501     9.72
2418.072     11.664
2419.994     12.393
2420.778     13.284
2424.033     12.312
2425.429     10.611
2426.17     10.854
2428.127     11.097
2429.438     11.097
2430.228     10.206
2433.559     9.72
2433.813     9.558
2436.09     9.153
2437.39     10.044
2437.024     13.608
2438.513     14.499
2440.769     13.365
2441.336     12.717
2445.133     11.097
2445.598     10.773
2447.3     10.53
2449.696     10.53
2450.016     9.882
2453.446     9.558
2453.962     9.477
2454.836     11.097
2456.601     12.474
2457.603     11.502
2458.564     11.907
2461.13     12.393
2461.287     12.555
2464.797     11.178
2465.788     11.016
2467.034     9.639
2469.967     9.558
2469.971     10.53
2473.007     10.125
2473.999     9.801
2474.12     12.15
2476.285     11.988
2477.661     11.664
2478.03     12.393
2481.166     12.717
2481.973     12.474
2484.115     11.826
2486.445     8.991
2486.903     8.991
2490.316     8.829
2490.157     10.53
2491.998     11.583
2493.659     11.259
2494.102     11.907
2495.949     11.34
2498.078     11.016
2499.247     13.446
2501.036     13.608
2502.241     11.34
2504.266     9.153
2506.589     8.991
2506.874     8.991
2509.463     11.502
2510.135     10.935
2511.238     12.15
2513.33     11.907
2514.422     10.773
2515.134     12.231
2517.9     12.717
2518.925     12.15
2521.738     12.798
2523.261     10.935
2525.855     9.639
2526.888     9.396
2527.323     10.611
2530.294     11.178
2530.434     11.502
2533.068     11.988
2534.002     12.474
2534.96     11.745
2537.027     11.988
2538.418     11.826
2538.676     12.717
2542.24     11.907
2542.758     10.854
2545.469     9.315
2547.039     9.963
2547.002     11.502
2550.551     10.692
2551.003     10.044
2552.366     12.555
2553.764     13.689
2554.784     12.312
2556.654     11.421
2558.72     11.826
2558.983     11.826
2562.333     11.745
2562.894     11.178
2564.83     9.963
2566.858     9.72
2567.191     11.097
2570.411     11.502
2570.933     11.34
2571.445     14.337
2573.808     13.608
2575.239     11.502
2576.304     11.259
2579.086     11.664
2579.125     12.15
2582.654     10.449
2583.438     10.53
2584.402     10.449
2586.394     10.854
2587.915     9.477
2590.09     11.664
2590.928     12.393
2591.332     14.094
2593.947     12.069
2595.407     11.745
2595.536     13.041
2599.278     11.664
2599.557     11.583
2602.196     10.692
2603.614     11.097
2603.871     12.069
2607.51     11.178
2607.832     11.016
2610.117     10.287
2611.516     11.34
2611.99     12.069
2613.298     13.284
2615.399     13.284
2615.814     12.636
2619.889     10.206
2620.236     11.178
2621.184     12.717
2623.916     11.988
2624.391     10.935
2627.712     11.097
2628.327     10.53
2629.194     12.312
2630.84     14.175
2631.634     14.337
2632.837     13.203
2635.664     13.203
2637.26     11.583
2640.477     10.692
2640.3     12.069
2643.128     12.717
2644.449     11.259
2645.399     10.854
2647.568     10.935
2648.445     12.069
2650.853     13.284
2651.845     13.851
2653.002     12.474
2655.319     11.502
2656.615     12.231
2656.982     12.393
2660.681     11.259
2660.905     11.502
2662.996     12.312
2664.484     12.474
2665.487     11.421
2667.343     11.016
2669.047     11.988
2671.104     11.421
2672.97     11.097
2672.776     14.175
2674.448     13.689
2676.863     13.122
2677.226     12.393
2681.193     10.449
2681.582     10.611
2682.982     11.421
2684.755     12.474
2685.519     12.312
2686.845     11.745
2689.706     11.34
2690.567     12.555
2692.445     13.527
2693.114     14.337
2694.064     13.932
2697.404     12.798
2697.912     11.664
2701.184     10.53
2702.025     10.692
2702.841     11.502
2704.974     11.502
2706.139     11.988
2708.797     12.15
2710.209     11.259
2710.773     11.907
2712.627     12.636
2713.684     14.337
2714.206     14.175
2718.159     11.988
2718.428     11.988
2720.669     12.231
2722.127     12.312
2722.898     11.988
2726.402     11.583
2726.684     11.826
2728.389     12.798
2730.061     13.122
2730.892     12.474
2732.349     12.636
2734.175     14.418
2734.373     14.661
2738.167     13.365
2738.874     12.474
2740.676     11.502
2743.228     11.583
2743.622     11.016
2746.331     12.879
2746.774     13.608
2748.201     12.879
2750.159     13.689
2751.217     12.96
2752.326     12.393
2755.166     12.96
2755.82     14.256
2758.803     14.661
2760.295     12.798
2762.869     11.34
2764.28     10.449
2764.766     11.097
2767.605     12.474
2767.966     14.337
2769.933     14.742
2771.877     12.879
2772.243     13.284
2775.701     13.527
2775.343     15.795
2777.974     14.418
2780.084     12.231
2781.375     9.801
2783.901     13.041
2784.261     12.879
2786.545     12.15
2788.16     12.393
2788.719     12.96
2790.384     12.798
2792.675     12.798
2792.997     12.636
2796.021     13.851
2796.511     14.58
2798.21     13.284
2801.24     11.259
2801.616     11.016
2804.663     11.988
2805.458     11.178
2806.242     12.879
2808.708     14.175
2809.323     12.717
2812.353     13.041
2813.149     12.96
2814.082     13.608
2816.197     13.851
2817.25     13.77
2818.068     13.608
2821.361     13.203
2821.859     11.988
2825.117     10.449
2826.156     11.826
2826.563     12.393
2829.439     13.689
2829.774     13.284
2832.282     13.77
2833.495     14.175
2834.147     14.337
2836.187     13.932
2838.102     13.365
2838.588     13.122
2842.321     12.312
2842.827     11.502
2844.927     11.664
2847.034     11.502
2847.386     11.583
2850.136     13.77
2850.262     14.58
2852.574     12.798
2854.691     12.069
2855.192     12.636
2856.49     13.041
2858.79     14.013
2860.307     13.851
2862.641     12.879
2863.808     11.502
2864.829     11.583
2867.428     12.636
2867.59     12.879
2870.576     13.446
2871.264     13.77
2872.134     14.337
2874.243     14.742
2876.022     12.474
2876.602     13.041
2879.822     12.555
2880.728     12.555
2883.829     13.365
2884.748     12.069
2886.806     11.421
2888.615     11.745
2888.427     13.932
2892.032     13.365
2892.315     13.527
2894.51     12.798
2896.182     13.122
2896.651     13.932
2900.258     13.041
2900.77     12.798
2902.482     12.717
2904.355     12.96
2905.248     12.474
2906.866     11.421
2909.354     11.745
2909.418     12.393
2912.195     14.418
2913.664     11.988
2914.281     13.527
2917.17     13.77
2917.684     12.474
2920.689     12.636
2921.461     12.96
2922.858     11.826
2924.768     12.879
2926.151     12.312
2926.856     12.393
2929.821     13.041
2929.949     13.527
2932.505     13.932
2933.619     15.147
2934.257     14.985
2937.945     13.851
2938.333     13.203
2940.942     12.879
2942.331     12.96
2943.108     12.555
2945.025     12.393
2946.807     12.798
2949.021     13.203
2950.595     13.284
2951.197     13.851
2952.644     14.661
2954.745     14.742
2955.143     14.256
2958.936     13.041
2959.294     13.041
2960.946     13.284
2963.749     12.15
2964.088     11.907
2967.161     12.96
2967.682     12.96
2969.35     12.312
2971.234     13.203
2971.803     14.013
2975.141     13.932
2975.978     13.284
2977.177     13.446
2979.692     12.069
2980.684     12.555
2981.591     12.393
2984.591     12.474
2985.08     11.745
2987.732     12.798
2989.181     11.826
2989.752     12.312
2992.529     14.337
2992.83     14.175
2995.685     13.203
2995.685     13.203
2994.32     11.826
2993.009     11.097
2992.673     11.745
2991.392     11.259
2989.957     10.125
2990.005     9.963
2986.587     11.745
2986.371     11.745
2985.146     12.231
2983.596     11.745
2983.244     12.393
2982.079     12.636
2979.995     12.555
2979.072     12.798
2977.495     11.664
2977.251     11.097
2976.617     10.611
2974.217     10.449
2974.205     10.692
2971.189     12.231
2970.518     12.474
2970.32     11.421
2968.506     11.097
2967.434     12.393
2966.987     12.312
2964.25     12.15
2964.342     11.745
2962.475     10.692
2961.232     11.583
2960.974     11.502
2958.17     11.259
2958.006     11.34
2956.032     12.069
2954.46     13.284
2954.266     13.203
2951.591     12.393
2951.64     11.421
2950.166     11.34
2948.607     11.502
2948.56     11.34
2945.509     11.745
2945.238     12.15
2943.97     12.069
2942.433     10.449
2942.089     11.502
2938.869     12.636
2938.622     12.555
2937.316     13.527
2935.545     12.96
2935.741     11.259
2934.865     11.502
2932.659     10.773
2932.502     11.34
2929.846     11.664
2929.304     11.745
2928.351     12.474
2926.03     11.583
2926.115     11.421
2922.993     13.77
2922.509     12.879
2922.311     11.826
2920.297     12.231
2919.627     11.664
2919.48     10.854
2916.598     11.097
2916.56     11.259
2914.569     10.611
2913.267     11.583
2913.064     11.259
2911.298     11.664
2909.373     12.879
2907.547     13.527
2906.265     13.122
2904.462     13.527
2903.388     11.988
2903.835     9.639
2902.228     10.53
2899.672     13.284
2899.503     13.446
2897.18     11.178
2897.019     10.935
2895.488     12.231
2893.161     13.122
2893.096     13.365
2890.689     11.907
2890.277     12.15
2889.285     12.393
2887.186     12.96
2886.884     12.393
2884.385     11.34
2884.095     10.611
2883.234     11.097
2880.843     12.717
2880.179     12.798
2879.523     13.284
2877.206     11.745
2876.615     11.988
2874.484     12.636
2873.08     14.661
2872.616     14.823
2870.523     12.069
2870.793     11.016
2868.796     10.53
2867.474     11.34
2866.673     13.041
2864.217     11.097
2864.115     11.34
2861.595     13.446
2860.138     13.932
2859.873     14.337
2858.346     14.256
2857.339     12.15
2855.73     12.555
2854.227     12.231
2854.055     11.907
2852.811     11.34
2851.208     10.206
2851.156     10.044
2847.127     14.175
2846.752     14.418
2845.689     14.337
2844.183     11.907
2844.109     11.988
2840.704     14.094
2840.573     13.203
2839.868     12.312
2838.018     11.826
2837.787     10.935
2837.297     10.206
2834.495     11.259
2833.097     13.932
2831.238     13.284
2830.754     12.393
2830.078     12.798
2827.021     14.013
2826.887     14.337
2824.971     12.717
2824.283     11.664
2823.929     11.826
2821.185     11.259
2820.993     11.583
2818.955     11.583
2817.621     11.907
2817.515     11.259
2813.931     13.446
2813.27     14.661
2810.667     13.365
2810.888     11.826
2808.956     13.365
2807.178     13.851
2807.19     12.879
2804.385     11.988
2804.213     11.583
2803.223     10.935
2801.465     10.854
2800.551     12.798
2799.454     13.122
2796.992     13.608
2796.896     13.77
2794.338     12.879
2793.752     13.122
2792.907     13.527
2790.648     11.988
2790.649     11.826
2788.186     11.664
2787.508     11.502
2786.732     11.907
2784.821     11.745
2784.109     11.259
2781.136     13.284
2780.381     12.798
2779.63     14.094
2777.692     14.175
2777.093     12.393
2776.907     11.907
2773.561     13.122
2773.293     13.041
2771.577     12.96
2771.028     10.044
2770.327     11.664
2766.761     13.527
2766.336     14.094
2764.82     14.094
2763.457     13.203
2763.52     12.474
2760.301     12.798
2759.956     13.203
2758.501     13.365
2757.012     12.474
2757.234     10.773
2753.888     11.988
2753.442     12.555
2752.283     12.636
2750.145     13.527
2749.656     13.446
2748.653     13.77
2746.084     14.499
2745.599     13.122
2743.512     13.284
2743.223     12.474
2742.658     11.907
2740.136     11.097
2739.851     11.988
2737.362     11.826
2736.04     13.527
2735.616     13.203
2732.735     13.284
2732.612     13.527
2730.173     13.77
2729.033     14.175
2728.776     14.013
2726.09     12.636
2726.431     11.178
2724.464     10.935
2723.258     10.854
2722.36     12.879
2719.265     12.879
2719.204     12.555
2717.243     13.689
2715.786     13.446
2715.276     14.094
2711.835     14.58
2711.58     14.904
2708.94     13.608
2708.985     12.474
2707.874     11.664
2706.311     10.773
2705.554     12.15
2702.256     13.284
2701.8     13.689
2700.962     13.122
2699.016     12.798
2698.236     13.689
2695.229     14.58
2694.834     13.851
2693.979     14.094
2692.34     12.717
2691.779     12.393
2690.879     13.203
2688.433     12.069
2687.622     12.798
2685.357     13.851
2684.37     14.256
2684.128     13.365
2681.329     13.122
2680.504     14.418
2678.628     14.661
2677.913     12.879
2677.683     12.636
2674.586     12.879
2674.717     11.34
2673.065     11.178
2671.386     11.826
2670.934     12.636
2667.591     13.284
2667.545     13.041
2665.742     13.527
2663.902     13.77
2663.97     13.122
2660.653     13.851
2660.52     13.284
2659.458     12.312
2657.367     12.393
2657.439     11.826
2654.518     11.664
2653.734     13.203
2652.693     12.96
2650.064     14.013
2649.822     14.823
2647.208     13.689
2646.703     13.527
2646.104     12.636
2644.056     12.636
2643.261     13.365
2641.034     11.826
2640.347     11.34
2639.429     12.474
2637.607     11.664
2636.345     13.041
2635.881     13.203
2632.738     13.851
2632.377     13.527
2630.288     14.175
2629.025     14.013
2628.843     13.689
2626.02     13.041
2626.174     12.15
2623.766     13.932
2622.521     12.798
2622.418     12.474
2619.625     11.259
2619.219     12.15
2617.521     12.474
2615.3     14.013
2614.905     14.823
2612.159     13.689
2611.951     13.284
2609.46     11.016
2608.912     11.826
2607.049     14.013
2605.212     12.474
2605.225     12.069
2602.329     12.069
2601.662     12.555
2600.594     13.284
2597.631     14.661
2597.477     14.904
2594.923     14.175
2594.049     14.985
2593.689     13.689
2591.835     12.96
2590.739     13.932
2588.945     11.34
2588.055     11.421
2587.465     11.421
2585.205     12.393
2584.009     13.284
2581.514     14.013
2580.259     14.337
2579.838     14.337
2578.027     14.337
2576.566     14.58
2576.544     13.932
2573.969     11.664
2573.632     11.664
2571.622     13.041
2569.765     13.689
2569.957     12.474
2566.383     13.932
2565.817     15.066
2564.369     15.147
2562.648     14.256
2562.528     14.094
2559.38     14.013
2559.226     13.365
2558.432     11.745
2556.129     11.988
2556.168     11.664
2553.22     11.664
2552.487     12.636
2550.579     16.119
2548.509     14.58
2548.437     14.418
2545.691     14.094
2544.963     14.256
2544.378     13.608
2542.367     13.527
2541.658     13.203
2539.111     13.041
2538.572     11.826
2537.954     12.069
2535.776     12.555
2534.324     14.013
2533.945     14.013
2530.569     14.985
2530.291     14.742
2528.514     14.418
2527.458     13.284
2527.34     12.798
2524.101     12.96
2523.71     13.932
2522.326     12.231
2520.712     11.907
2520.577     11.583
2517.051     13.041
2516.825     12.96
2514.938     14.094
2512.747     14.985
2512.783     14.256
2510     13.122
2509.597     13.608
2506.514     13.203
2506.066     13.365
2504.857     13.77
2502.521     13.608
2502.501     13.365
2499.716     12.636
2498.642     14.094
2497.621     14.823
2494.976     15.147
2495.131     14.094
2492.775     12.798
2492.167     12.393
2491.125     13.932
2488.435     13.122
2488.038     14.175
2485.894     12.798
2485.364     11.016
2484.566     12.231
2480.639     15.309
2480.657     14.904
2478.797     13.608
2477.608     13.365
2476.754     15.147
2475.234     14.175
2473.846     13.851
2471.719     14.58
2470.143     14.904
2470.449     12.393
2469.108     11.421
2466.696     13.851
2465.003     14.337
2463.302     14.418
2462.846     14.094
2461.453     14.499
2459.36     14.094
2459.071     14.904
2456.223     13.932
2455.999     12.798
2454.595     14.094
2452.464     13.122
2452.262     13.446
2449.324     13.446
2448.793     13.446
2447.325     15.552
2444.769     15.228
2444.667     15.471
2442.038     14.985
2441.387     14.661
2440.817     14.094
2438.861     13.689
2438.114     12.879
2435.649     12.96
2434.502     13.689
2433.96     13.608
2432.041     13.203
2430.585     14.418
2427.966     15.471
2426.842     15.147
2426.506     14.985
2424.587     15.39
2423.533     13.932
2423.405     13.446
2420.187     13.608
2419.995     13.122
2418.336     13.203
2416.445     13.365
2416.125     14.013
2412.514     15.39
2412.586     14.175
2411.038     14.175
2408.644     15.39
2408.491     15.471
2405.527     14.742
2405.148     14.661
2404.271     13.527
2401.752     13.851
2400.689     13.77
2398.298     13.203
2398.115     13.689
2394.62     15.957
2394.284     14.985
2393.776     13.851
2390.381     16.119
2390.437     15.552
2388.055     14.256
2387.014     14.904
2386.366     14.985
2383.85     13.284
2383.836     13.041
2381.44     13.041
2380.128     13.932
2379.43     14.499
2377.712     13.851
2376.403     13.527
2374.125     14.094
2372.664     14.499
2372.01     15.471
2370.337     15.228
2368.858     14.499
2367.385     13.446
2365.882     13.041
2365.163     14.256
2363.662     14.337
2361.875     13.932
2360.154     14.499
2358.316     14.58
2357.881     14.337
2356.784     13.851
2354.486     14.175
2352.805     15.957
2351.181     14.742
2350.981     13.122
2349.879     13.446
2347.358     13.365
2347.122     13.932
2343.964     14.58
2343.128     15.147
2342.257     15.552
2339.709     14.661
2339.961     13.284
2337.163     13.608
2336.144     14.013
2335.306     14.985
2332.525     14.256
2332.727     13.284
2330.194     13.284
2329.071     13.527
2328.241     14.823
2325.116     14.499
2325.205     13.77
2322.841     14.499
2321.32     15.309
2321.052     14.337
2317.925     14.337
2317.773     14.175
2315.954     13.851
2314.492     13.527
2314.33     12.555
2312.717     12.879
2310.557     13.932
2308.73     14.661
2306.778     15.309
2306.655     13.932
2305.484     13.527
2303.149     13.932
2301.903     13.689
2299.771     14.418
2299.202     14.418
2298.435     13.365
2295.751     14.013
2294.422     15.066
2292.008     14.013
2290.978     14.499
2288.714     15.309
2287.768     15.795
2287.332     14.823
2284.857     13.284
2285.053     12.393
2281.832     14.499
2280.896     14.418
2280.572     13.284
2277.249     14.175
2277.079     14.337
2274.849     14.013
2273.482     14.499
2273.13     14.337
2271.186     14.58
2269.646     14.985
2267.561     14.904
2266.291     14.337
2266.289     13.041
2264.464     13.527
2262.406     14.256
2260.317     15.633
2259.02     14.337
2258.525     14.418
2257.055     14.499
2254.837     14.742
2253.243     15.39
2251.248     16.038
2251.401     13.608
2250.158     13.77
2247.804     13.851
2246.847     12.879
2244.694     13.527
2243.396     15.633
2240.665     14.499
2239.908     15.228
2239.129     15.066
2237.051     14.904
2235.976     15.876
2235.14     16.362
2232.655     14.823
2232.474     12.798
2230.318     13.203
2229.14     13.77
2228.544     13.932
2225.653     13.203
2224.754     14.499
2222.64     14.985
2221.271     14.985
2220.832     15.309
2217.597     15.633
2217.439     15.633
2215.75     13.851
2213.843     14.904
2213.67     14.742
2210.847     13.365
2210.541     13.446
2208.74     13.527
2206.551     14.823
2206.087     15.795
2202.951     15.471
2202.575     15.714
2201.037     15.876
2199.011     14.985
2199.035     14.418
2195.865     14.499
2195.498     14.256
2194.546     13.365
2192.6     13.122
2191.612     14.337
2188.509     14.661
2187.921     14.418
2184.602     15.552
2183.621     16.524
2183.146     15.228
2180.471     14.418
2180.333     14.661
2177.475     15.309
2176.772     14.094
2176.3     13.851
2173.333     13.446
2173.119     13.932
2170.38     14.904
2169.254     14.742
2168.469     15.633
2165.096     16.2
2165.407     14.58
2163.177     14.985
2161.944     14.337
2161.627     13.689
2158.173     14.499
2157.969     14.337
2156.127     14.256
2154.102     15.471
2153.94     14.499
2150.6     14.823
2150.338     14.661
2148.531     15.552
2146.878     14.823
2146.487     14.256
2143.139     14.904
2142.647     15.228
2141.695     14.256
2139.884     13.527
2139.139     13.851
2135.895     14.823
2135.248     14.742
2134.186     14.499
2131.177     15.633
2131.002     15.876
2128.472     14.661
2127.663     14.499
2126.751     15.39
2123.771     15.471
2123.871     14.661
2121.423     13.77
2120.564     13.122
2119.741     14.094
2116.662     14.013
2116.338     14.499
2113.578     16.2
2112.165     16.443
2112.206     15.066
2108.777     15.309
2108.583     15.147
2106.797     14.499
2104.882     15.147
2104.58     15.39
2101.699     13.932
2101.285     13.689
2099.526     14.58
2097.152     16.119
2097.135     15.39
2093.829     15.471
2093.586     14.661
2092.405     14.175
2090.075     13.851
2088.697     14.337
2086.508     15.066
2085.849     15.066
2084.893     14.823
2082.32     14.58
2081.256     14.58
2078.907     15.471
2078.112     15.471
2075.2     15.552
2074.479     14.823
2071.72     14.823
2070.785     14.418
2070.075     15.147
2066.978     15.309
2066.614     14.661
2064.435     15.309
2063.202     14.742
2060.881     14.58
2059.519     15.066
2058.649     16.119
2055.595     15.309
2055.685     14.499
2053.418     14.985
2051.755     15.552
2051.293     15.471
2047.758     16.524
2047.641     15.876
2046.083     15.066
2044.345     15.066
2043.854     15.309
2040.517     15.228
2040.379     14.58
2038.651     15.471
2035.942     16.767
2036     15.876
2033.031     15.066
2032.291     15.552
2031.216     15.714
2028.97     14.499
2027.918     14.418
2025.607     15.147
2024.492     16.524
2022.242     14.499
2021.185     14.985
2020.348     15.795
2018.356     15.309
2016.939     16.2
2014.647     15.714
2013.635     15.066
2013.392     13.608
2009.692     14.985
2009.463     15.39
2006.744     17.253
2005.788     14.58
2005.526     14.337
2001.866     16.119
2001.705     15.714
1999.973     14.985
1997.812     16.038
1997.705     15.552
1994.659     14.337
1994.401     13.608
1993.119     13.203
1990.159     15.714
1989.823     16.362
1987.639     15.39
1986.264     15.552
1985.982     15.147
1983.143     13.77
1982.217     15.309
1980.497     15.066
1978.942     14.499
1978.936     13.77
1975.323     14.742
1974.652     15.147
1973.219     14.499
1971.041     14.985
1968.879     17.172
1967.272     16.443
1967.503     13.527
1966.056     14.094
1963.374     15.147
1959.925     15.228
1959.094     15.876
1958.256     15.309
1955.703     15.147
1955.739     14.499
1952.658     14.661
1951.665     15.228
1950.677     15.714
1948.032     15.147
1947.213     14.823
1945.307     14.094
1944.222     14.175
1941.536     14.256
1940.33     15.066
1939.693     15.066
1936.798     14.175
1936.677     14.094
1933.588     16.362
1932.824     14.823
1932.288     14.661
1928.336     16.767
1928.419     14.58
1926.827     14.013
1924.951     14.337
1924.704     14.175
1921.257     14.742
1920.09     16.929
1918.585     16.767
1916.942     15.147
1915.256     15.39
1913.603     14.58
1913.023     14.742
1909.576     15.309
1908.918     16.038
1907.747     15.552
1905.742     15.39
1905.337     14.499
1901.791     15.714
1900.985     16.686
1900.433     14.904
1897.794     14.337
1897.527     14.823
1894.421     15.633
1893.378     15.714
1892.59     16.2
1889.488     16.362
1889.432     16.038
1887.35     14.013
1886.186     14.175
1885.52     14.499
1881.796     16.281
1881.045     16.848
1879.158     16.362
1878.01     15.552
1877.713     15.147
1874.12     16.281
1873.723     15.795
1870.519     15.39
1870.298     15.471
1868.611     14.175
1866.929     14.499
1866.067     15.876
1862.951     14.985
1862.77     14.499
1860.782     14.904
1858.352     16.119
1858.11     16.2
1854.94     15.39
1854.565     14.823
1852.976     16.281
1850.578     15.876
1850.748     14.742
1847.497     15.228
1845.742     15.39
1843.278     16.929
1842.582     16.362
1839.631     15.957
1838.651     16.848
1837.841     16.686
1835.219     15.228
1834.97     15.471
1832.238     15.39
1831.377     14.985
1830.809     14.823
1827.436     15.39
1826.486     16.524
1824.815     15.228
1823.118     16.2
1822.509     16.848
1818.933     17.739
1818.573     17.172
1817.061     15.876
1815.609     14.823
1813.492     14.985
1811.88     15.066
1811.401     14.985
1809.7     15.066
1807.536     15.876
1806.027     14.742
1804.097     15.228
1803.305     16.362
1799.81     17.01
1799.718     15.876
1798.649     14.256
1796.022     14.985
1795.805     15.147
1792.529     15.309
1791.662     15.957
1790.823     15.39
1788.63     13.446
1787.106     15.309
1784.79     16.038
1783.627     16.767
1780.766     16.362
1779.858     16.686
1779.239     16.281
1776.647     14.256
1776.52     14.256
1773.285     16.281
1772.07     16.767
1771.752     15.552
1768.671     14.985
1767.409     17.091
1765.44     17.091
1764.134     16.281
1763.749     16.443
1760.161     17.496
1760.145     15.228
1758.769     13.932
1756.733     14.418
1754.693     14.904
1752.718     15.714
1751.725     17.739
1748.848     15.795
1748.963     13.446
1747.326     14.175
1744.212     17.01
1743.99     17.091
1740.83     16.443
1740.507     15.228
1737.418     14.904
1736.542     15.957
1735.644     14.823
1733.62     14.418
1732.319     16.119
1728.299     17.253
1728.357     16.524
1725.512     15.957
1724.181     17.415
1723.686     16.605
1721.285     14.337
1720.144     15.633
1717.697     17.01
1716.702     16.281
1714.4     14.904
1713.07     15.39
1712.45     15.147
1708.694     17.01
1708.437     16.929
1706.057     17.658
1704.615     17.577
1704.523     15.633
1701.343     14.742
1700.929     15.309
1698.613     16.767
1696.84     15.795
1696.823     15.147
1693.427     15.228
1693.079     15.228
1691.474     15.147
1688.635     16.929
1688.235     17.739
1684.912     17.739
1685.064     14.742
1684.132     13.932
1681.285     14.499
1679.76     15.876
1677.713     15.633
1676.752     16.119
1673.856     15.309
1673.064     15.714
1672.165     15.552
1669.007     16.119
1668.622     17.01
1665.751     17.253
1664.908     16.605
1664.416     15.309
1661.375     15.066
1660.669     15.147
1658.399     16.038
1657.085     15.714
1656.788     15.147
1653.18     16.2
1652.633     16.119
1649.178     17.01
1648.835     17.172
1646.593     17.091
1645.32     16.038
1645.253     14.256
1641.764     14.823
1641.378     15.147
1639.078     16.605
1636.947     16.362
1636.769     16.2
1633.47     15.876
1632.76     16.524
1631.413     16.443
1628.612     17.982
1628.251     18.387
1625.614     15.957
1625.251     14.418
1621.629     16.605
1621.089     16.362
1619.822     16.848
1617.691     16.686
1617.086     15.795
1613.772     16.848
1612.846     16.848
1609.698     17.577
1608.908     16.038
1608.421     15.633
1605.483     14.823
1605.347     14.661
1602.433     15.876
1600.902     16.443
1600.43     16.2
1597.001     16.443
1596.595     15.714
1594.749     15.471
1592.684     17.172
1590.365     17.496
1588.73     17.982
1588.429     17.253
1587.13     15.552
1585.217     14.985
1583.461     14.58
1581.772     14.499
1580.32     17.415
1576.8     17.901
1576.545     17.496
1575.03     17.253
1572.729     16.443
1572.659     15.957
1569.389     15.957
1568.375     17.253
1567.604     15.957
1565.104     15.147
1563.753     15.552
1561.437     16.2
1560.568     16.362
1559.449     17.577
1556.287     17.982
1555.635     17.01
1553.693     16.119
1552.672     16.119
1549.704     16.605
1548.657     16.605
1547.999     16.443
1544.903     15.714
1544.687     15.795
1542.009     16.281
1540.631     16.038
1540.253     15.876
1536.787     16.119
1535.815     17.496
1533.995     17.172
1532.392     16.767
1530.262     17.172
1528.643     16.848
1528.343     16.038
1525.007     15.714
1524.892     14.823
1522.747     15.957
1519.986     17.82
1519.63     18.306
1516.591     16.848
1515.882     17.334
1514.413     18.225
1511.741     18.549
1511.171     15.552
1509.055     15.552
1508.106     16.524
1505.001     16.362
1504.442     15.714
1503.757     14.175
1500.366     15.795
1499.755     17.496
1496.941     17.01
1495.193     17.01
1492.922     17.334
1491.62     17.577
1489.145     16.848
1488.25     16.038
1487.982     14.337
1486.014     14.094
1484.103     15.714
1481.216     17.496
1479.826     16.848
1479.424     17.091
1475.669     17.982
1475.199     17.415
1473.695     16.362
1471.644     16.767
1469.727     16.848
1468.147     16.2
1467.623     15.795
1464.469     14.985
1463.643     16.524
1461.816     17.334
1459.649     16.281
1459.416     16.443
1456.103     16.686
1454.934     18.225
1453.824     18.063
1451.448     16.686
1450.34     16.281
1448.326     15.957
1447.815     14.337
1446.91     14.256
1443.595     15.552
1441.87     18.387
1439.469     19.278
1439.042     17.01
1436.032     17.577
1434.951     17.82
1434.152     17.658
1431.038     17.091
1430.893     16.767
1429.013     14.499
1427.643     13.851
1426.872     15.066
1423.005     17.01
1422.218     17.334
1420.299     17.739
1418.022     19.602
1417.988     18.468
1415.141     15.876
1413.929     18.387
1411.089     16.281
1410.689     16.362
1409.001     15.957
1407.143     15.876
1406.295     16.848
1402.922     16.443
1401.47     19.44
1400.217     19.44
1397.789     18.873
1397.795     17.901
1395.053     16.119
1394.159     16.767
1393.134     16.524
1390.103     17.091
1389.261     16.2
1387.1     15.876
1386.126     15.795
1382.563     17.901
1381.78     17.739
1380.719     18.225
1377.587     18.063
1377.528     17.496
1373.915     16.848
1373.087     17.01
1370.873     17.496
1369.77     16.281
1367.645     15.147
1366.325     14.904
1365.405     16.281
1361.363     18.468
1361.088     18.63
1359.201     17.415
1357.251     17.658
1356.871     17.82
1353.844     16.2
1353.317     16.281
1351.741     16.443
1349.629     15.795
1347.627     16.767
1345.614     17.01
1344.702     17.982
1341.699     16.767
1340.864     17.982
1339.389     18.144
1336.86     17.658
1336.988     16.524
1333.842     16.2
1332.79     16.848
1331.68     17.415
1328.992     16.281
1327.696     17.172
1325.695     16.524
1324.448     17.172
1321.327     17.739
1320.311     17.739
1319.313     18.144
1316.237     17.658
1316.074     17.496
1313.801     16.524
1312.197     17.01
1311.558     17.415
1308.797     15.309
1308.437     15.633
1305.602     17.496
1303.81     17.901
1301.565     18.225
1299.819     18.711
1299.361     17.82
1297.656     17.658
1295.782     16.848
1293.987     16.848
1292.332     16.362
1291.879     15.471
1288.214     16.443
1287.719     16.443
1286.131     16.848
1282.941     19.197
1282.597     19.44
1279.727     17.982
1279.341     16.605
1278.143     17.01
1275.357     17.253
1274.561     15.714
1272.555     14.985
1271.336     16.119
1268.558     15.066
1267.437     15.876
1266.197     17.091
1262.898     17.496
1262.968     16.524
1259.988     17.253
1258.348     18.387
1258.12     17.172
1254.906     15.876
1252.146     16.848
1250.635     17.577
1249.963     17.253
1247.138     15.39
1246.858     15.552
1243.989     17.82
1241.82     18.63
1241.536     18.549
1237.716     19.845
1237.869     16.605
1236.154     17.172
1234.089     16.524
1233.707     17.01
1230.63     15.795
1229.788     16.443
1228.446     16.443
1225.699     17.01
1224.201     17.334
1222.132     17.334
1220.856     19.197
1217.657     18.873
1217.436     17.334
1216.232     17.01
1213.379     17.01
1212.721     15.39
1210.564     15.147
1209.169     16.605
1206.15     16.929
1205.274     16.443
1204.415     16.605
1200.865     17.577
1200.681     17.577
1197.914     18.063
1196.689     17.01
1196.168     16.929
1193.19     15.876
1192.551     15.309
1189.263     14.904
1188.595     16.362
1186.02     17.253
1184.466     17.415
1183.818     17.496
1180.067     18.549
1179.713     17.253
1178.155     17.091
1175.755     17.82
1174.284     16.524
1172.722     15.471
1172.134     15.228
1168.529     15.795
1168.076     15.876
1166.339     16.605
1163.307     17.982
1163.205     17.496
1160.372     16.038
1158.875     18.711
1157.703     19.116
1155.585     16.2
1154.645     15.795
1152.278     16.2
1151.36     15.714
1148.072     16.929
1146.795     18.225
1145.963     18.144
1142.876     17.658
1142.623     17.658
1139.568     18.63
1138.205     18.549
1137.744     18.225
1134.796     16.605
1131.632     18.144
1130.341     17.577
1130.643     14.094
1126.249     17.658
1125.848     17.01
1124.151     16.524
1121.615     18.549
1119.459     18.954
1118.067     17.658
1117.492     17.091
1114.097     16.929
1113.831     16.524
1111.986     16.848
1109.675     16.848
1109.481     16.686
1106.05     16.524
1105.07     17.334
1103.8     17.577
1100.839     18.63
1099.982     16.929
1097.965     16.2
1096.804     17.334
1093.806     16.848
1093.145     16.524
1092.085     15.957
1088.783     16.848
1088.46     17.253
1085.452     17.415
1084.619     16.038
1083.238     18.711
1079.64     19.683
1079.694     16.443
1077.474     16.848
1076.015     16.929
1073.925     16.2
1072.075     17.253
1071.264     18.063
1068.27     16.2
1067.929     16.038
1065.511     17.82
1063.366     17.334
1061.633     17.415
1059.831     16.848
1059.066     17.091
1057.649     17.172
1055.248     16.524
1053.831     16.524
1051.144     16.119
1050.783     16.443
1047.37     17.496
1046.889     17.01
1045.702     16.605
1042.559     17.334
1041.317     17.982
1039.337     17.253
1038.06     17.739
1035.205     17.091
1034.36     16.686
1033.288     17.253
1030.222     16.686
1030.07     16.605
1027.066     17.82
1025.679     17.415
1023.6     15.714
1021.903     16.767
1020.608     19.035
1017.673     17.091
1017.449     16.767
1015.512     15.876
1013.347     16.767
1013.016     16.686
1009.167     16.686
1007.088     17.415
1005.413     16.767
1004.712     16.767
1000.765     18.144
1000.393     17.82
998.764     18.225
996.421     17.496
996.269     17.253
992.857     17.334
992.317     16.2
990.876     17.496
988.085     17.577
986.935     17.172
984.719     17.172
983.69     17.496
980.341     18.387
979.428     18.63
978.455     18.468
975.329     18.225
975.227     17.82
972.195     18.468
971.468     16.119
968.303     17.82
966.861     18.63
966.556     16.848
964.605     16.524
962.514     18.225
960.137     17.901
958.297     18.306
957.781     18.954
954.857     17.01
954.02     17.739
952.169     18.225
950.49     16.524
948.353     17.253
946.418     17.577
945.859     16.929
942.265     17.415
941.692     18.144
940.35     17.172
937.195     18.954
936.878     19.197
933.637     18.792
933.005     18.144
932.088     17.415
929.62     15.633
928.179     17.01
925.783     18.63
924.706     18.225
921.548     18.063
920.302     18.711
917.026     19.602
916.306     18.63
915.551     18.144
913.193     18.792
912.477     16.524
909.82     16.2
908.195     16.767
907.391     17.982
903.528     19.359
903.363     18.873
901.148     17.901
899.261     18.144
896.765     19.035
895.283     18.549
894.803     17.982
891.387     17.82
890.911     18.144
889.293     16.848
886.982     15.957
885.275     16.848
882.602     17.496
880.525     19.359
878.445     19.521
877.688     19.359
874.091     20.25
873.541     19.845
872.786     17.739
869.921     17.82
869.868     17.172
866.994     16.2
866.216     15.309
862.65     17.091
861.496     18.063
860.247     18.954
857.137     18.711
856.739     19.197
853.958     18.63
852.73     18.063
852.181     18.225
848.847     17.658
848.079     17.577
846.261     16.929
844.84     16.038
841.805     18.873
839.728     19.278
839.381     19.116
836.193     17.901
835.395     18.387
833.776     18.063
831.623     17.982
829.86     17.901
827.94     17.577
827.68     16.281
824.076     16.686
823.531     17.091
821.93     17.172
819.064     18.225
818.607     18.873
815.252     19.035
814.551     18.306
811.328     17.739
810.461     18.225
810.051     15.795
807.194     15.471
806.633     16.686
803.45     17.172
801.835     18.549
801.09     18.954
797.395     20.412
796.956     19.116
794.969     18.549
793.35     18.954
791.182     17.172
789.879     16.848
789.431     16.119
785.794     16.767
785.498     16.848
782.91     18.063
780.113     20.736
777.996     20.817
776.651     19.521
776.068     19.359
772.693     18.63
772.206     19.035
770.938     17.253
768.595     16.524
768.071     17.739
764.509     18.144
762.362     18.792
759.939     19.683
758.983     20.169
755.833     19.521
755.189     18.225
754.316     18.144
751.191     18.549
750.247     17.982
747.736     18.63
746.838     17.577
744.143     16.605
742.97     17.334
742.001     18.063
738.485     18.792
736.979     21.141
735.029     20.655
733.725     19.683
731.42     18.711
730.17     18.225
729.459     18.306
725.947     18.225
726.257     16.038
723.815     16.686
721.236     18.954
720.597     19.926
717.182     19.683
716.515     19.44
714.898     19.521
712.725     19.278
711.224     17.82
709.178     18.225
708.484     18.063
705.445     16.767
704.356     18.144
702.893     18.873
700.145     18.873
699.768     19.278
696.663     18.306
695.66     18.63
692.773     17.415
691.972     17.496
690.455     19.116
687.776     17.415
687.696     16.767
684.586     17.334
682.906     18.954
682.271     18.711
679.22     17.577
677.924     19.278
675.969     18.711
674.873     17.172
671.759     19.116
670.67     17.415
670.218     17.334
666.771     17.091
666.253     16.605
664.558     15.795
662.139     17.658
659.49     19.44
657.936     18.792
657.225     18.711
653.81     18.468
653.464     18.306
651.298     19.359
649.179     18.144
648.813     18.468
645.845     16.767
644.79     17.82
640.963     19.278
640.293     19.44
639.112     19.035
636.36     18.792
634.855     19.44
632.101     18.711
631.158     17.901
628.759     18.549
627.81     17.901
624.679     18.387
623.624     18.792
622.801     18.225
619.483     18.387
619.213     18.63
616.527     18.63
614.88     19.278
614.238     19.359
611.019     18.792
610.576     18.063
608.341     18.549
606.57     18.792
604.228     18.711
602.366     19.278
601.796     18.63
598.844     16.767
597.77     18.306
595.805     19.359
593.594     19.278
591.939     18.792
589.961     18.549
589.362     18.387
585.881     18.468
585.177     18.225
583.93     18.144
581.424     17.253
580.013     17.334
577.628     18.063
576.507     18.873
572.935     20.007
572.048     20.331
571.13     19.764
568.088     19.602
567.905     19.44
564.76     19.683
563.921     18.387
563.276     18.063
560.184     17.415
559.332     17.253
555.616     18.711
555.158     19.44
552.678     18.711
550.787     19.683
550.276     19.764
546.768     19.926
546.132     19.764
544.448     18.792
542.715     18.144
540.397     18.387
539.052     17.172
538.007     18.387
534.331     19.278
533.995     19.116
531.955     19.602
529.862     18.387
529.727     18.144
525.89     19.521
525.386     18.549
524.081     18.306
521.753     16.929
520.197     17.334
518.136     16.929
517.001     18.144
513.333     19.521
512.291     19.44
508.933     20.007
507.611     20.898
506.91     20.25
504.005     19.278
503.169     19.035
500.245     17.739
500.263     16.686
497.207     17.739
495.77     17.82
494.867     18.954
491.37     19.035
490.211     20.736
486.85     20.331
486.889     19.116
484.665     18.63
482.64     19.197
482.406     18.711
478.971     18.225
478.206     18.468
476.888     17.172
474.45     17.982
472.29     19.116
469.97     20.412
469.076     20.979
465.592     20.817
465.474     19.44
463.986     19.197
461.386     19.116
459.976     18.873
457.937     18.387
457.145     17.82
454.133     17.091
452.982     18.387
451.309     19.845
447.729     22.113
447.843     20.898
445.027     19.926
444.238     18.306
441.525     17.658
440.229     18.63
439.103     19.359
435.965     18.468
435.069     18.711
432.861     18.954
431.194     19.44
428.338     20.655
427.024     20.25
426.224     20.25
423.148     18.792
422.968     18.144
420.847     17.982
418.396     20.007
418.061     19.764
414.512     19.845
414.326     17.739
412.751     17.82
410.043     18.873
407.845     20.898
405.268     21.222
404.977     21.465
401.848     20.088
401.302     19.035
400.112     19.035
397.894     16.929
396.078     18.468
393.882     18.549
393.08     17.901
389.916     17.982
388.76     19.116
387.601     19.197
383.873     20.169
380.929     20.25
379.764     20.493
379.154     19.521
376.35     17.577
376.141     17.334
373.214     18.144
371.459     19.116
370.761     19.602
367.262     19.359
366.594     19.197
364.571     19.44
362.205     21.222
360.253     20.25
358.81     19.602
358.037     19.359
354.866     18.063
354.233     18.954
352.144     19.602
349.644     20.331
348.052     19.845
346.083     19.764
345.475     19.359
341.537     20.979
340.984     20.979
339.618     20.574
337.248     19.035
337.093     18.549
334.05     17.739
333.173     17.415
329.389     19.521
328.575     19.278
327.684     18.63
324.126     20.088
323.97     19.764
320.687     21.06
319.505     20.574
319.016     19.764
315.872     19.116
315.401     17.901
313.16     18.306
311.644     18.306
308.827     19.197
306.888     20.088
306.405     19.926
303.14     19.278
302.103     20.817
300.073     21.303
298.333     20.007
296.743     18.468
294.911     18.387
294.323     18.225
290.795     18.306
290.144     18.792
288.04     20.088
285.243     21.06
284.039     20.007
282.052     19.44
280.801     20.736
279.574     20.817
276.967     20.088
275.902     19.521
272.902     19.44
272.74     19.278
269.798     18.306
268.586     18.387
267.484     19.44
263.952     20.898
263.097     20.412
261.117     19.683
259.742     19.764
255.585     20.25
254.617     21.708
252.934     20.655
251.468     18.711
249.518     18.144
247.424     19.521
247.01     18.387
242.839     20.898
242.218     21.789
240.539     20.817
238.455     19.926
238.138     20.088
234.523     20.493
233.89     20.007
232.407     20.493
229.844     20.331
228.97     17.901
226.715     18.225
225.284     20.412
221.938     20.817
221.049     20.655
219.978     20.979
217.012     20.574
216.121     19.926
213.982     19.359
213.013     18.63
209.876     19.278
208.699     19.683
208.286     18.387
204.869     18.387
204.04     20.331
201.367     21.627
199.342     21.465
197.8     19.683
195.933     20.169
195.54     19.116
192.33     18.144
191.914     18.063
190.322     18.387
187.145     20.331
185.785     19.764
183.485     20.412
182.511     20.493
179.233     20.898
178.452     21.141
177.67     19.278
174.641     19.521
174.232     20.007
171.259     19.764
170.054     19.683
167.056     19.926
165.896     20.25
165.059     20.169
161.457     21.06
161.27     20.736
158.696     20.574
157.247     20.007
156.817     19.764
153.579     18.954
152.673     19.764
150.773     19.764
149.045     19.116
146.892     19.035
144.861     18.873
144.286     19.845
140.742     19.926
139.923     20.331
138.046     21.546
135.892     20.817
134.268     20.412
131.949     20.007
130.543     19.278
127.879     19.197
126.17     20.412
124.2     19.845
123.278     19.845
119.932     20.25
119.25     20.007
117.904     20.493
114.689     20.979
113.9     20.007
111.796     19.764
111.066     17.901
107.865     18.63
106.794     18.954
105.279     21.141
102.367     19.602
101.253     20.898
99.179     20.898
97.642     20.817
95.023     21.141
93.445     21.708
93.021     20.493
89.622     20.25
89.291     20.169
87.385     19.278
85.122     20.007
82.939     20.412
80.965     21.141
80.373     20.817
76.93     20.655
76.515     20.574
74.679     21.141
72.026     21.87
71.236     18.711
69.458     17.658
68.352     18.468
64.579     20.574
63.961     19.359
62.515     20.655
59.787     20.007
58.548     20.25
56.172     21.222
54.946     21.87
52.334     20.331
51.769     18.225
50.876     18.711
47.16     20.25
46.21     20.493
43.205     19.521
42.779     20.25
40.019     20.412
38.486     20.493
36.043     20.493
34.591     20.412
33.961     20.088
30.697     19.359
29.97     19.359
26.672     18.954
26.335     18.954
24.331     18.549
22.196     18.954
20.049     19.602
17.369     21.222
15.464     21.87
13.829     20.736
12.936     21.141
9.82900000000001     20.493
8.03500000000001     19.521
5.66500000000002     18.063
5.30500000000001     18.387
1.90000000000001     18.954
0.238000000000015     21.789
-0.740999999999985     21.708
-3.54799999999999     21.141
-4.70199999999999     21.303
-7.38399999999999     19.926
-7.37799999999999     19.116
-10.607     20.088
