Distance_nm     Force_uN
-0.043     -0.243
-0.016     -1.053
3.106     -1.944
3.037     -0.729
5.802     1.701
6.312     1.782
6.281     1.701
8.882     1.782
9.413     2.673
9.993     2.997
11.888     3.321
12.546     0.81
13.041     -0.243
15.626     -0.729
15.589     -0.324
17.837     0.081
18.701     0
18.969     0.162
20.754     1.296
21.755     2.592
21.96     2.673
23.629     3.888
24.756     2.592
26.683     1.539
27.909     0.243
27.915     -1.134
29.536     -0.081
30.905     0.081
30.995     -1.134
32.406     -2.43
33.954     -0.648
34.001     0.162
36.907     2.754
37.013     3.969
38.234     1.863
39.924     1.215
40.045     0.972
41.067     2.835
42.851     2.835
43.178     0.486
45.826     -0.162
46.174     -1.053
46.084     -1.701
48.769     0
49.196     0.567
49.859     1.539
51.707     3.078
52.228     2.835
54.677     2.43
55.266     3.483
55.745     2.592
57.625     1.134
58.404     -0.162
58.825     -0.972
61.458     -0.891
61.479     -0.81
63.638     0.567
64.564     0.891
64.706     1.944
66.465     2.754
67.497     3.726
67.713     3.402
70.556     2.997
70.677     1.539
72.23     1.134
73.631     -0.081
73.746     -0.567
76.668     -0.243
76.726     -1.134
78.101     -0.162
79.664     0.891
79.801     1.62
80.97     1.296
82.829     1.863
82.855     3.645
85.682     4.212
85.935     2.43
86.74     -0.081
88.994     -0.162
88.92     -0.162
91.663     0.162
92.042     0
94.58     0.648
95.049     1.458
95.601     2.754
97.492     4.05
98.071     3.888
100.519     2.187
101.256     0.972
101.688     1.782
103.546     1.053
104.347     0.162
106.568     -1.62
107.569     -0.972
107.779     0.648
109.569     1.458
110.575     4.212
110.738     3.24
113.645     3.645
113.65     3.807
115.44     1.863
116.756     1.134
116.861     1.863
118.388     1.134
119.91     -0.162
119.963     -1.296
122.885     0.567
123.048     0.891
124.364     0.729
126.028     0.324
126.223     2.592
127.334     2.754
129.282     3.24
129.25     2.511
132.125     1.458
132.425     1.134
133.257     0.567
135.542     0.486
135.51     -0.486
138.185     -0.972
138.743     -0.891
139.375     1.215
141.296     2.673
141.733     2.997
142.323     3.321
144.961     1.863
144.924     1.782
147.225     1.863
148.099     1.701
148.399     0.567
150.273     -0.081
151.121     -0.324
153.243     0
154.327     -0.162
154.554     1.539
156.296     2.349
157.486     2.349
157.607     3.159
160.535     1.863
160.572     2.106
160.735     1.458
163.715     1.134
163.831     0.891
165.363     0.243
167.053     -0.81
167.184     0.405
170.033     0.81
170.254     0.891
171.502     1.458
173.381     2.025
173.313     1.944
176.188     1.296
176.546     2.592
177.488     1.863
179.768     0
179.731     -1.053
182.411     -0.324
182.921     0.162
183.674     1.053
186.154     2.835
186.696     2.835
189.35     1.134
189.303     0.729
191.672     1.458
192.446     1.215
192.862     1.053
195.663     0.891
195.647     -0.324
197.774     -0.486
198.801     0.729
199.059     1.377
201.939     1.458
201.997     1.782
203.824     1.296
205.156     0.891
205.371     2.43
208.299     2.349
208.362     2.025
210.031     0.243
211.653     -0.081
211.674     1.053
214.633     -0.081
214.785     1.377
216.086     2.187
218.086     1.296
218.107     2.511
220.94     2.754
221.309     1.782
222.293     1.539
224.515     2.268
224.568     2.511
227.316     0.405
227.795     -0.405
228.564     0.081
231.149     1.863
231.159     1.539
233.655     1.215
234.276     1.296
234.797     2.106
237.635     2.835
237.604     2.025
239.794     1.134
240.768     0.081
241.152     1.215
242.979     1.377
243.974     0.81
244.322     1.458
247.254     0.891
247.207     1.539
249.26     2.673
250.54     3.24
250.845     2.997
252.377     2.511
253.825     2.592
253.999     3.078
257.095     1.782
257.19     1.215
258.658     1.215
260.27     1.539
260.459     0.81
261.728     0.486
263.555     2.43
264.75     2.106
266.63     2.106
266.877     3.888
267.904     3.321
270.178     2.025
270.194     1.296
272.974     1.701
273.4     1.701
274.296     0.405
276.275     0.648
276.712     1.944
279.403     1.944
280.055     1.539
282.556     1.863
283.325     1.863
283.73     1.701
285.715     2.268
286.642     2.268
288.911     1.944
289.89     1.215
289.917     0.891
292.039     1.377
293.144     1.377
293.455     1.377
295.203     2.268
296.561     2.106
298.388     1.053
299.71     1.62
299.978     1.458
301.537     2.673
303.079     1.863
303.221     1.296
306.301     0.891
306.465     1.134
307.781     1.62
309.718     1.215
309.818     1.539
311.05     2.187
313.051     1.296
313.056     1.62
315.968     1.944
316.379     2.673
317.379     1.215
319.706     0.162
319.711     1.296
322.512     0.891
323.023     0.648
323.718     1.62
325.677     1.539
326.319     0.567
326.951     1.782
329.668     1.62
329.636     1.701
332.116     1.458
332.995     1.782
333.558     1.215
335.412     1.134
336.338     1.458
338.586     -0.405
339.671     -0.081
339.961     0.405
341.703     1.296
342.977     2.268
343.214     2.511
346.294     1.458
346.347     0.567
348.079     0.486
349.754     1.944
349.817     1.944
352.849     0.891
353.049     0.405
353.149     0.81
356.135     0.972
356.335     0.972
357.677     2.349
359.42     3.078
359.815     2.025
360.894     2.268
363.09     1.134
363.132     1.458
366.033     2.511
366.428     2.511
367.381     1.377
369.855     -0.405
369.824     0.405
372.598     2.025
373.193     2.592
373.857     2.511
375.831     1.539
376.552     1.053
379.896     0.324
379.959     0.567
382.323     2.673
383.265     2.187
383.523     2.106
385.424     1.62
386.609     1.377
386.872     1.377
389.894     1.782
389.978     2.43
391.968     1.701
393.3     0.891
393.585     1.944
395.201     1.458
396.875     1.215
398.56     0.405
400.145     1.215
400.282     2.106
401.656     1.539
403.599     2.349
405.025     1.377
406.795     1.539
407.047     1.701
408.227     1.863
410.412     1.296
411.449     2.349
413.371     2.43
413.892     2.43
414.787     1.539
417.203     1.539
417.188     2.025
419.999     0.972
420.584     0.405
421.331     1.539
424.053     1.458
424.074     2.187
426.586     2.268
427.412     2.187
427.891     1.62
430.829     2.025
430.819     2.754
433.072     1.944
434.288     2.673
434.62     1.539
437.553     1.053
437.568     1.944
439.585     2.025
440.885     1.62
441.28     3.078
444.366     1.215
444.571     1.863
446.203     1.62
447.751     1.134
448.03     1.62
449.436     1.215
451.31     2.592
452.758     1.944
454.532     1.863
454.796     2.268
455.964     2.43
458.176     1.782
458.249     2.349
461.229     2.43
461.577     1.701
462.54     1.296
465.046     1.863
465.041     2.592
467.826     2.754
468.395     1.539
469.101     0.972
471.833     1.296
471.865     1.377
474.445     2.187
475.297     1.377
475.85     2.268
478.746     2.187
479.167     1.62
482.142     0.891
482.216     1.377
484.437     2.754
485.654     2.673
487.818     1.296
489.102     1.944
489.318     3.078
491.071     1.62
492.561     1.863
492.714     2.268
495.878     1.539
495.968     2.025
497.605     3.402
499.216     2.754
499.537     1.215
500.875     0.324
502.933     1.863
502.991     2.349
506.045     2.106
506.335     0.972
507.493     1.377
509.409     1.296
509.841     1.539
510.841     2.106
513.29     1.215
513.358     1.134
516.222     1.539
516.78     2.511
517.591     2.349
520.229     1.782
520.282     2.106
522.967     2.349
523.725     1.215
524.288     1.458
526.342     0.405
527.258     1.215
527.616     0.891
530.564     3.564
530.69     2.997
532.702     1.296
534.076     2.187
534.371     2.106
537.535     2.025
537.825     1.053
539.341     1.782
541.12     1.62
541.257     0.324
544.401     1.863
544.548     2.349
546.012     0.729
547.791     1.539
548.191     3.645
549.397     2.835
551.561     1.701
551.682     1.62
554.615     2.835
555.02     2.187
556.015     0.567
558.5     1.053
559.406     3.564
561.433     2.754
562.107     -0.648
562.828     0.567
565.439     3.321
565.497     1.944
568.198     2.592
569.03     2.187
569.588     1.458
572.558     1.296
573.005     1.782
574.953     1.053
576.033     3.321
576.428     2.916
579.471     -0.81
581.556     2.916
583.04     1.782
583.251     0.567
586.384     1.944
586.515     2.511
588.295     2.349
589.832     2.268
590.296     1.134
591.759     1.701
593.576     1.377
595.134     0.324
596.929     -0.324
597.34     3.321
598.593     3.078
600.668     2.43
601.863     2.106
603.779     3.24
604.295     2.268
605.285     2.754
607.739     0.891
607.849     0.486
610.697     0.324
611.308     1.053
612.066     2.349
614.788     1.944
614.825     1.863
617.442     2.349
618.258     2.997
618.853     1.944
620.954     1.782
621.943     3.321
622.444     3.24
625.266     1.053
625.829     1.782
628.883     1.944
628.988     1.215
631.089     0.972
632.337     1.863
632.7     2.268
634.469     2.754
635.943     3.078
637.833     2.025
639.35     1.296
639.718     1.215
642.846     2.592
643.072     2.673
644.715     1.134
646.678     -0.081
646.763     0.648
649.853     2.916
650.28     2.187
651.427     2.835
653.765     1.701
654.844     -0.162
656.898     1.053
657.398     3.321
658.335     1.458
660.852     0.891
661.715     1.62
664.421     2.268
664.474     2.835
667.275     3.159
668.081     2.754
668.628     1.863
671.561     1.62
671.677     2.997
674.083     2.511
675.12     0.081
675.557     -0.729
678.6     1.377
679.1     2.592
680.811     1.782
682.259     2.673
682.523     4.131
685.808     4.131
687.772     1.377
689.199     1.782
689.588     2.511
692.8     1.377
693.037     0.81
694.537     -0.081
696.206     0.405
696.664     2.187
699.75     2.187
700.166     2.025
701.419     2.835
703.693     2.997
703.793     2.835
706.847     2.187
707.352     1.782
710.327     0.891
710.843     0.405
711.77     0.648
713.834     0.81
714.56     1.458
717.314     2.997
718.093     3.321
718.735     2.187
721.642     2.187
722.168     3.159
724.153     1.944
725.28     1.782
725.738     1.539
728.802     1.296
729.334     0.405
731.113     1.377
732.451     1.782
734.572     2.835
736.083     4.212
736.31     2.754
739.553     2.025
739.648     2.754
741.364     3.321
743.26     3.321
744.802     1.053
746.577     0.972
746.982     1.782
750.12     3.078
750.499     2.592
751.857     3.888
754.042     3.645
754.184     3.888
757.233     2.511
757.786     2.349
758.77     2.673
761.313     0
762.282     -0.567
764.393     0.324
765.073     2.835
767.8     1.377
768.532     1.296
769.269     1.62
772.143     3.402
772.17     3.726
774.734     3.888
775.839     1.62
776.261     0.405
779.425     0.405
779.809     2.592
781.72     2.106
783.105     0.891
785.264     4.212
786.596     4.455
787.006     2.268
788.839     3.564
790.334     3.159
793.846     0.81
794.183     1.782
795.715     0.567
797.637     1.863
799.158     2.187
800.948     1.62
801.443     2.43
804.565     3.564
804.923     2.673
806.213     1.944
808.509     2.511
808.646     2.268
811.647     2.673
812.31     1.377
813.226     0.567
815.79     1.458
816.701     2.673
818.828     3.807
819.549     3.645
822.387     2.673
823.182     3.564
823.84     4.212
826.794     2.025
826.868     3.321
829.474     3.321
830.559     2.106
832.965     -0.324
834.102     0.729
834.697     3.645
836.513     3.888
837.951     2.592
840.015     3.078
841.647     2.43
841.899     2.025
845.043     2.511
845.411     2.754
846.954     1.944
848.897     0.405
850.576     1.944
852.345     2.025
852.851     2.349
855.978     3.888
856.394     3.726
857.526     2.754
859.843     2.43
861.022     3.159
863.038     3.24
863.702     2.754
866.645     1.944
867.229     2.349
868.151     0.972
870.257     0.972
871.025     2.754
873.832     3.078
874.606     4.131
875.243     2.835
878.191     2.592
878.812     3.645
880.892     2.835
882.034     2.268
884.462     2.673
885.673     2.592
886.178     1.863
889.384     2.754
889.49     2.187
891.585     3.159
893.17     2.835
893.412     2.835
896.698     2.754
897.071     2.349
898.667     2.754
900.815     1.782
904.021     2.673
904.342     1.053
905.759     1.701
908.007     2.673
908.117     1.458
911.26     2.025
911.824     2.835
912.951     2.997
915.383     1.944
916.462     2.268
919.011     1.701
919.142     1.944
922.091     1.782
922.875     4.05
923.607     3.969
926.434     2.349
927.182     3.078
929.251     3.402
930.251     2.916
932.836     3.645
933.816     2.754
934.363     1.053
937.443     2.268
937.543     1.62
939.881     2.754
941.366     1.782
943.482     2.43
944.841     3.159
945.357     3.402
948.521     2.997
948.742     3.483
950.569     4.05
952.443     2.673
954.176     1.377
955.908     1.053
956.382     2.997
959.541     2.43
959.983     2.835
961.267     3.645
963.716     2.916
963.858     3.888
966.875     2.43
967.459     3.807
968.359     3.807
971.171     2.025
972.019     1.701
974.088     2.025
974.946     0.081
977.736     1.944
978.747     2.349
979.305     2.592
982.322     2.511
982.943     2.754
984.976     3.24
986.245     3.402
988.598     2.835
989.956     3.159
990.283     2.268
993.458     1.053
993.91     1.539
995.68     2.025
997.396     3.483
999.254     2.592
1000.866     2.106
1001.281     3.159
1004.546     4.617
1004.846     4.617
1006.378     4.212
1008.51     1.782
1010.021     0.567
1012.254     1.539
1013.544     2.835
1015.95     2.673
1016.108     2.511
1019.204     2.592
1019.709     2.835
1020.751     3.159
1023.426     2.835
1023.558     2.673
1026.453     3.321
1027.159     3.078
1028.107     1.782
1030.228     2.106
1031.108     2.43
1031.771     2.754
1034.783     3.24
1035.541     3.159
1037.536     3.078
1038.789     1.863
1041.153     2.106
1042.291     3.078
1042.728     2.754
1045.992     2.106
1046.218     2.268
1048.366     2.025
1050.067     1.296
1050.325     2.511
1053.61     3.564
1053.842     3.321
1055.648     2.349
1057.627     2.511
1057.801     2.592
1061.029     3.969
1061.387     4.455
1062.892     1.701
1065.12     1.62
1065.314     2.187
1068.516     2.754
1069.068     2.997
1070.106     2.592
1072.675     3.969
1073.786     3.564
1075.897     3.402
1076.55     2.511
1077.355     1.458
1080.151     1.944
1081.041     2.349
1083.173     2.349
1084.158     1.62
1086.88     3.483
1087.822     3.159
1088.486     1.701
1091.597     2.754
1091.708     2.268
1094.077     3.24
1095.499     2.349
1095.957     1.62
1099.242     2.025
1099.405     2.106
1101.522     2.511
1103.212     2.916
1103.465     2.754
1106.708     2.673
1107.213     2.916
1108.84     3.159
1110.815     4.455
1112.478     3.483
1114.321     2.511
1114.742     2.835
1116.09     2.268
1118.386     2.511
1121.692     3.321
1122.103     3.159
1123.314     3.321
1125.925     2.106
1125.999     2.916
1129.016     3.888
1129.779     3.078
1130.674     2.916
1133.475     1.944
1133.58     1.701
1136.397     1.863
1137.334     2.997
1138.024     3.24
1141.099     2.592
1141.673     2.592
1143.737     2.511
1145.069     2.673
1147.433     3.564
1148.675     2.916
1149.265     2.997
1151.16     2.835
1152.645     2.835
1154.751     2.835
1156.251     2.43
1156.631     3.402
1160.048     2.673
1160.253     2.349
1162.143     2.511
1164.102     2.511
1164.254     3.321
1167.55     3.483
1168.108     2.997
1169.44     3.078
1171.773     2.997
1173.147     2.43
1175.116     2.43
1175.758     2.835
1178.907     3.078
1179.428     2.511
1180.581     2.835
1182.619     2.835
1183.393     3.402
1186.373     3.402
1187.062     3.726
1187.915     3.321
1190.911     2.268
1191.011     1.539
1193.791     3.321
1194.712     2.916
1195.497     2.106
1198.587     2.997
1198.745     3.159
1201.257     3.078
1202.678     2.349
1203.01     2.592
1206.201     3.159
1206.374     3.483
1208.586     2.106
1210.318     2.268
1212.334     3.078
1213.877     4.131
1214.277     4.05
1215.925     3.24
1217.905     2.997
1219.621     2.43
1221.416     3.078
1221.948     3.483
1225.212     2.511
1225.576     3.645
1226.934     2.754
1228.893     3.24
1229.446     2.592
1232.736     2.997
1233.315     2.916
1236.522     3.159
1237.253     2.916
1238.112     2.511
1241.007     2.511
1241.144     2.43
1244.103     3.321
1244.993     2.835
1245.693     2.268
1248.794     2.754
1249.516     3.24
1251.632     2.673
1252.791     2.106
1255.36     4.536
1256.508     3.726
1257.045     2.349
1260.393     2.835
1260.604     2.997
1262.836     3.402
1264.41     2.511
1264.705     2.997
1268.038     3.402
1268.264     2.916
1270.26     2.511
1272.197     3.888
1272.387     4.941
1275.778     3.969
1276.33     2.268
1277.783     3.402
1279.974     2.673
1280.179     2.673
1283.412     3.564
1284.012     2.349
1285.218     2.754
1287.692     3.159
1288.924     4.698
1290.978     5.508
1291.72     4.86
1294.7     2.43
1295.4     2.025
1296.501     4.212
1298.58     4.536
1299.417     2.43
1302.297     4.05
1303.077     3.888
1303.861     2.025
1307.046     4.536
1307.783     4.779
1309.747     3.402
1311.037     2.268
1313.559     2.673
1314.754     2.187
1315.381     2.106
1317.26     3.564
1318.803     3.888
1320.935     2.511
1322.42     2.835
1323.052     4.536
1326.448     4.536
1326.685     3.483
1328.517     3.726
1330.286     2.592
1330.791     2.754
1334.077     1.458
1334.435     1.377
1336.009     3.24
1338.399     3.402
1338.568     3.969
1341.737     2.754
1342.222     3.726
1343.57     3.402
1346.197     3.159
1347.382     3.888
1350.051     4.05
1351.183     1.539
1353.284     0.081
1354.184     1.134
1357.059     4.212
1357.896     4.617
1358.775     5.265
1361.781     2.916
1361.908     2.997
1364.582     5.103
1365.867     5.103
1366.346     4.86
1369.558     3.078
1370.2     2.673
1372.222     2.916
1373.749     2.187
1376.202     2.673
1377.597     3.402
1378.208     4.293
1381.499     3.24
1381.704     2.43
1383.694     4.212
1385.637     4.941
1385.853     3.726
1389.201     2.754
1389.781     4.374
1391.313     3.969
1393.566     2.025
1393.75     1.62
1397.057     2.511
1397.699     4.536
1398.821     4.455
1401.458     5.265
1402.648     2.754
1404.738     2.268
1405.533     3.078
1408.629     4.293
1409.329     3.078
1410.319     2.43
1413.178     2.673
1413.373     2.43
1416.211     3.483
1417.28     2.997
1417.822     3.969
1421.039     5.346
1421.197     4.536
1423.74     3.402
1425.093     2.997
1425.572     3.726
1428.921     3.726
1429.537     3.078
1431.506     2.511
1433.117     2.673
1433.422     3.645
1436.844     3.078
1437.355     4.05
1439.003     3.807
1441.041     3.564
1442.483     3.888
1444.447     3.726
1445.153     3.078
1446.337     3.645
1448.864     3.321
1450.075     2.511
1452.144     2.835
1452.966     3.969
1455.998     4.212
1456.63     4.455
1457.652     4.212
1460.595     2.268
1460.805     2.187
1464.549     2.754
1465.365     3.726
1467.455     3.483
1468.713     3.969
1471.267     2.997
1472.441     3.078
1473.125     3.726
1475.174     4.455
1476.643     4.536
1479.028     4.617
1480.591     3.078
1480.944     2.349
1484.277     3.078
1484.487     3.807
1486.546     3.483
1488.415     4.131
1488.673     4.536
1492.106     4.617
1492.653     3.726
1494.133     3.645
1496.407     3.969
1496.581     3.402
1499.893     4.455
1500.351     3.807
1501.736     3.726
1504.242     3.564
1505.616     2.511
1507.664     3.24
1508.491     3.564
1509.459     4.131
1512.292     4.293
1513.34     3.483
1515.461     3.888
1516.451     3.726
1519.263     4.131
1520.137     3.888
1521.005     1.458
1523.122     2.106
1524.222     3.402
1526.939     3.726
1528.082     4.212
1528.761     4.941
1531.983     4.536
1532.241     3.645
1534.626     3.564
1535.958     4.05
1536.474     4.293
1539.838     2.997
1540.159     2.754
1542.244     3.24
1544.192     3.321
1544.514     3.726
1547.867     4.212
1548.436     5.346
1549.937     4.941
1552.106     3.807
1552.306     3.564
1555.575     3.402
1556.002     3.726
1557.502     2.835
1560.03     2.916
1560.267     3.969
1563.526     2.997
1564.194     3.321
1565.274     3.888
1568.038     4.698
1569.091     5.184
1571.255     4.941
1572.186     3.645
1572.929     2.835
1575.998     3.564
1576.193     3.564
1579.047     3.159
1580.747     2.592
1582.838     3.483
1584.085     3.888
1586.628     4.374
1587.845     4.86
1588.55     5.022
1591.862     2.835
1592.072     2.997
1594.205     3.078
1595.984     2.511
1596.348     2.916
1599.791     3.078
1600.354     2.025
1602.065     3.402
1604.077     3.888
1605.93     5.103
1607.725     4.374
1608.325     2.511
1611.753     3.645
1612.111     3.24
1613.596     3.564
1616.054     3.078
1616.27     3.078
1619.524     1.782
1620.266     3.888
1621.325     3.807
1624.052     4.941
1625.147     3.888
1627.29     3.726
1628.285     3.564
1631.223     4.293
1632.118     3.726
1633.024     1.539
1636.046     2.025
1636.198     2.106
1639.041     2.43
1640.363     4.293
1640.805     4.05
1644.064     4.455
1644.317     4.536
1646.77     3.969
1648.318     4.212
1650.598     3.888
1652.046     3.645
1652.62     1.944
1654.447     2.187
1656.342     2.916
1658.296     3.888
1659.959     3.645
1660.496     3.726
1663.871     3.807
1664.514     4.86
1665.982     4.86
1668.336     3.726
1668.478     3.402
1671.806     2.997
1672.49     2.916
1673.711     3.24
1676.381     2.997
1677.597     3.969
1679.74     4.05
1680.488     3.726
1683.662     3.888
1684.32     4.131
1685.384     3.564
1688.438     4.374
1688.627     3.888
1691.486     2.916
1692.634     2.916
1693.229     2.754
1696.351     2.511
1696.551     3.402
1700.337     4.617
1701.084     3.483
1703.169     3.483
1704.58     4.212
1707.071     3.483
1708.455     3.24
1709.05     4.05
1710.882     3.969
1712.72     2.592
1713.115     2.268
1716.558     2.835
1717.127     3.564
1718.79     2.916
1720.749     3.564
1722.618     4.374
1724.471     4.212
1725.214     3.483
1726.583     3.807
1728.894     4.131
1730.337     3.483
1732.374     2.349
1733.111     3.969
1736.307     4.05
1736.907     3.645
1738.129     3.159
1740.266     3.321
1741.103     3.969
1744.215     4.455
1744.989     4.374
1745.974     3.159
1748.938     2.268
1749.154     3.24
1752.039     4.374
1753.26     4.212
1755.988     2.916
1757.114     2.916
1757.799     3.159
1759.821     3.483
1761.337     3.159
1763.743     3.24
1765.086     2.754
1765.759     3.321
1769.229     2.997
1769.461     3.564
1771.488     3.726
1773.078     3.726
1773.662     3.24
1777.09     3.159
1777.427     3.159
1779.243     3.321
1781.418     4.05
1781.66     4.698
1785.035     2.916
1785.508     2.268
1787.041     2.673
1789.594     3.807
1789.789     3.645
1793.069     2.673
1793.838     3.807
1794.859     3.645
1797.618     3.159
1797.813     4.131
1800.977     3.807
1801.909     3.888
1804.889     3.645
1805.8     3.726
1806.721     2.349
1809.891     3.078
1810.054     3.564
1812.786     4.131
1813.892     3.969
1814.619     3.24
1817.983     3.807
1818.615     4.293
1821.932     3.321
1822.643     3.645
1824.554     4.293
1826.186     2.673
1826.597     3.159
1829.982     4.536
1830.64     4.293
1832.362     4.05
1834.32     2.673
1836.247     3.645
1838.011     3.564
1838.58     3.726
1842.007     3.402
1842.418     2.916
1843.95     2.592
1845.951     3.24
1846.667     4.05
1849.942     4.536
1850.5     4.698
1851.784     2.997
1854.612     3.888
1854.796     4.131
1857.971     5.022
1858.75     4.455
1859.771     3.321
1862.725     2.349
1862.988     2.511
1865.8     4.617
1867.021     4.131
1867.658     3.402
1870.875     3.078
1871.702     3.402
1873.803     3.969
1875.214     3.726
1877.714     3.24
1879.004     2.835
1879.678     2.835
1881.611     2.592
1883.322     3.483
1885.517     4.698
1887.46     4.698
1887.776     3.969
1891.109     3.483
1891.377     3.483
1893.33     3.969
1895.142     3.483
1895.694     3.078
1899.159     3.078
1899.817     3.24
1901.175     4.212
1903.671     4.05
1905.056     2.511
1907.172     2.997
1907.909     4.779
1909.025     5.184
1911.89     4.698
1912.937     2.673
1915.054     2.673
1915.907     2.187
1919.029     4.536
1919.898     4.293
1920.882     2.997
1923.067     3.078
1924.168     4.131
1927.011     4.05
1928.043     4.293
1928.838     3.321
1932.044     4.293
1932.249     3.888
1934.919     2.997
1936.34     3.645
1936.725     3.726
1940.299     4.212
1940.694     4.779
1944.143     2.835
1944.827     4.212
1946.591     4.779
1948.544     5.265
1950.514     4.212
1952.298     4.212
1952.888     3.888
1956.226     3.726
1956.684     4.05
1958.458     2.997
1960.354     3.321
1961.007     3.564
1964.339     3.321
1964.84     3.159
1966.256     4.536
1968.983     4.617
1969.236     4.779
1972.395     3.969
1973.237     3.807
1974.196     3.726
1977.133     3.969
1977.381     3.159
1980.34     3.726
1981.472     2.997
1982.161     3.402
1985.263     4.536
1986.068     4.374
1988.279     3.564
1989.548     4.374
1990.106     4.131
1993.418     3.807
1994.092     3.159
1996.156     2.592
1997.756     2.997
2000.094     3.888
2001.626     2.673
2002.237     3.078
2005.67     3.078
2005.88     3.159
2007.923     4.941
2009.613     4.86
2010.266     3.402
2013.715     2.187
2014.099     3.402
2015.873     4.05
2018.121     2.916
2019.769     3.807
2021.817     4.455
2022.497     2.997
2023.676     3.24
2026.34     2.754
2027.735     5.184
2029.841     4.86
2030.663     3.321
2033.722     3.24
2034.48     2.673
2035.591     3.564
2038.586     3.888
2038.781     3.483
2041.703     2.673
2042.672     2.673
2043.583     4.131
2046.753     5.427
2046.958     4.617
2049.632     2.754
2051.028     4.536
2051.559     4.698
2054.913     2.997
2055.198     3.078
2057.509     4.293
2058.978     3.726
2061.416     4.698
2063.337     4.455
2063.722     3.807
2067.186     3.807
2067.686     3.159
2069.281     3.645
2071.456     2.916
2073.267     3.483
2075.215     4.131
2075.926     3.807
2077.274     3.807
2079.838     3.078
2080.054     2.835
2083.281     4.212
2083.865     4.617
2085.234     4.536
2087.956     4.131
2088.193     4.05
2091.315     4.212
2092.279     4.131
2093.185     3.807
2096.259     3.807
2096.449     4.05
2099.324     2.673
2100.519     2.997
2103.325     5.346
2104.367     4.131
2105.262     4.212
2108.432     3.564
2108.706     3.726
2111.307     4.131
2112.612     4.212
2113.255     4.05
2116.645     3.078
2117.314     2.835
2119.136     3.24
2121.105     2.835
2121.421     2.835
2124.801     4.212
2125.417     4.131
2128.744     3.402
2129.113     2.916
2130.971     4.212
2132.877     5.589
2133.593     4.374
2136.974     3.483
2137.474     3.564
2138.916     4.941
2141.533     3.564
2141.765     2.997
2145.092     3.564
2145.935     4.617
2149.046     4.779
2149.725     4.941
2150.863     4.131
2153.879     4.374
2154.901     4.698
2158.044     3.159
2158.223     2.43
2160.992     3.645
2162.219     5.589
2162.819     5.346
2166.11     4.86
2166.921     4.779
2170.233     4.131
2170.496     4.131
2172.855     4.536
2174.481     4.05
2174.918     3.159
2178.356     3.807
2178.714     4.212
2182.526     4.698
2183.148     4.455
2186.517     4.86
2186.854     4.617
2188.729     4.374
2190.987     4.455
2191.24     4.698
2194.62     4.455
2195.104     4.941
2196.594     4.374
2199.206     3.645
2200.575     2.268
2202.686     2.997
2203.613     3.564
2206.687     4.698
2207.367     4.698
2208.567     4.374
2211.573     5.508
2212.595     4.374
2214.859     4.293
2215.891     2.511
2218.734     4.617
2219.75     4.617
2220.555     3.402
2223.83     3.726
2224.03     4.293
2226.547     4.374
2228.174     5.022
2228.621     4.698
2232.017     4.617
2232.623     4.536
2234.444     4.131
2236.371     2.916
2238.435     3.969
2240.168     3.807
2240.863     2.997
2244.211     2.916
2244.622     4.374
2246.417     5.427
2248.723     5.103
2248.971     5.427
2252.409     4.05
2253.098     3.483
2256.41     3.726
2256.989     3.969
2258.369     3.24
2260.469     3.159
2261.317     2.268
2262.36     2.268
2265.197     4.131
2266.324     6.156
2268.52     5.346
2269.557     4.131
2270.31     4.455
2273.395     3.645
2274.248     2.754
2276.501     2.349
2277.781     4.455
2280.461     3.726
2281.677     3.807
2282.493     3.24
2284.441     4.131
2286.01     5.67
2286.489     4.374
2289.838     5.751
2290.538     4.536
2292.433     4.86
2294.255     4.131
2296.335     3.645
2297.993     4.293
2298.693     4.617
2300.341     5.184
2302.726     3.159
2306.149     3.726
2306.575     3.564
2308.297     5.832
2310.276     6.723
2310.929     5.184
2314.315     3.726
2314.809     3.888
2316.21     4.86
2318.895     4.131
2320.174     3.321
2322.323     3.564
2323.17     2.754
2324.134     4.698
2327.156     4.86
2328.167     5.913
2330.368     5.508
2331.526     5.427
2334.343     3.807
2335.417     3.483
2336.175     3.402
2338.249     2.511
2339.629     3.645
2342.13     4.374
2343.441     2.997
2344.162     3.159
2347.579     4.536
2347.81     4.455
2350.027     4.293
2352.007     4.212
2352.328     4.455
2355.697     3.969
2356.05     3.321
2357.956     3.564
2360.131     3.726
2360.399     4.293
2363.711     5.103
2364.479     4.536
2365.806     4.617
2368.276     5.589
2369.797     4.05
2372.445     4.617
2372.672     4.05
2375.941     3.078
2376.584     3.24
2377.763     3.726
2380.659     3.645
2380.864     4.131
2383.828     4.293
2384.839     4.941
2385.55     4.131
2388.704     2.673
2388.967     3.969
2391.763     4.212
2393.147     3.159
2393.658     3.321
2397.007     2.106
2397.686     2.187
2399.713     3.078
2401.392     4.536
2403.609     4.536
2405.162     4.698
2405.889     5.832
2407.621     5.589
2409.537     3.807
2411.475     3.159
2413.26     3.078
2413.955     3.483
2415.545     2.673
2417.767     2.997
2419.462     3.888
2421.42     3.807
2422.131     4.779
2425.427     4.617
2426.175     5.589
2429.418     4.293
2430.155     4.293
2431.219     3.564
2434.13     2.511
2434.357     2.349
2437.373     3.402
2438.432     5.184
2439.237     5.022
2442.296     3.726
2442.559     5.103
2445.471     5.346
2446.671     3.807
2447.251     4.212
2450.51     4.536
2450.704     3.078
2453.311     2.349
2454.869     3.078
2457.307     4.455
2458.676     4.617
2459.334     4.86
2462.819     5.265
2463.419     5.913
2465.183     4.779
2467.157     4.86
2469.174     3.564
2470.975     3.483
2471.585     2.592
2475.029     3.24
2475.413     4.212
2477.045     3.969
2479.004     4.212
2479.73     5.184
2482.989     4.617
2483.795     4.86
2484.99     4.86
2487.649     3.24
2487.875     4.131
2491.134     3.159
2492.008     3.888
2492.951     4.374
2495.91     3.969
2497     4.455
2499.132     4.86
2500.216     5.67
2503.128     5.913
2504.181     5.103
2504.96     5.184
2508.167     3.807
2508.919     3.645
2511.015     2.592
2512.394     4.212
2514.927     3.24
2516.264     3.726
2516.933     5.265
2520.323     4.698
2520.629     4.293
2522.756     5.346
2524.636     4.86
2524.994     4.617
2528.474     4.212
2529.09     3.969
2530.706     3.726
2533.028     4.293
2534.686     3.078
2536.608     3.402
2537.303     4.86
2540.678     5.67
2541.199     5.427
2542.615     5.265
2545.411     5.589
2546.443     4.698
2549.244     3.078
2550.492     4.131
2552.603     3.726
2553.588     3.645
2556.657     3.969
2557.505     4.374
2558.511     4.86
2561.58     5.994
2561.785     6.723
2564.723     5.184
2565.966     4.536
2568.582     4.212
2569.872     4.698
2570.641     3.483
2573.963     4.05
2574.258     4.131
2576.569     4.536
2578.312     4.941
2580.529     5.103
2582.156     5.589
2582.714     5.022
2586.162     3.888
2586.526     4.536
2588.495     5.832
2590.616     4.131
2590.901     3.807
2594.297     3.645
2594.95     3.888
2596.292     4.617
2598.777     5.022
2600.209     4.698
2602.294     4.941
2603.163     5.427
2606.369     4.374
2607.08     4.536
2608.259     2.592
2611.05     3.645
2611.203     3.564
2614.32     3.24
2615.341     4.293
2616.104     5.346
2619.253     5.184
2620.164     4.941
2622.296     5.427
2623.565     4.779
2626.308     3.564
2627.661     2.349
2628.23     3.321
2631.552     3.402
2632.189     2.511
2634.137     3.888
2635.832     6.318
2638.059     7.128
2639.618     6.156
2640.329     2.349
2643.782     4.536
2644.125     5.265
2646.057     5.508
2648.179     3.726
2648.421     3.969
2651.769     3.483
2652.554     4.455
2653.581     6.723
2656.571     3.969
2657.682     3.969
2659.783     4.536
2660.867     6.237
2663.737     5.913
2664.669     4.941
2667.749     3.888
2669.007     4.131
2669.597     4.698
2672.898     4.617
2673.603     4.05
2675.688     3.726
2677.273     4.617
2679.706     5.589
2681.127     5.103
2681.833     3.807
2685.16     3.888
2685.818     4.293
2687.587     4.698
2689.583     4.617
2691.594     4.05
2693.389     3.159
2694.042     4.293
2695.59     4.941
2697.775     5.427
2699.581     4.536
2701.919     5.67
2702.213     5.346
2705.625     3.807
2706.115     3.483
2707.526     4.617
2710.216     4.698
2711.527     4.86
2713.67     4.131
2714.597     3.807
2717.677     5.265
2718.409     5.913
2719.525     4.698
2722.61     4.131
2722.779     4.536
2725.685     4.617
2726.854     4.86
2727.506     5.589
2730.813     4.455
2731.603     3.969
2733.656     4.293
2735.125     5.346
2737.715     5.103
2739.053     4.86
2739.748     4.86
2743.049     5.022
2743.786     4.212
2745.708     4.617
2747.545     4.536
2749.662     3.726
2751.315     4.131
2751.983     4.05
2755.448     3.726
2755.822     4.05
2757.554     5.184
2759.86     4.455
2760.102     4.212
2763.519     4.617
2764.23     5.508
2765.546     5.265
2768.142     4.536
2769.49     4.698
2772.38     4.293
2772.564     4.293
2775.686     5.103
2776.639     3.564
2777.582     3.726
2780.615     4.131
2781.568     4.86
2784.732     4.86
2785.006     5.022
2787.801     3.807
2789.823     5.022
2791.855     5.265
2793.377     4.455
2793.824     4.536
2797.173     4.374
2797.847     4.293
2801.195     3.807
2801.485     4.536
2803.817     5.589
2805.328     5.265
2806.023     3.969
2809.44     3.564
2810.104     4.617
2811.804     5.184
2813.974     3.807
2815.764     3.078
2817.67     3.807
2818.454     4.536
2821.855     4.455
2822.282     3.726
2823.851     5.346
2826.536     4.536
2826.725     4.617
2830.027     4.131
2830.869     6.318
2831.89     6.075
2834.739     4.536
2836.008     3.969
2838.945     3.159
2839.182     3.645
2842.183     4.131
2843.136     4.86
2844.074     4.374
2847.243     5.751
2847.443     5.67
2850.213     4.293
2851.639     5.346
2854.288     4.698
2855.662     5.022
2856.288     3.564
2858.294     3.321
2860     5.022
2862.348     4.617
2863.838     4.617
2864.665     5.346
2868.082     4.698
2868.456     5.346
2870.399     5.184
2872.61     4.131
2874.479     3.888
2876.343     4.131
2877.038     4.212
2880.434     4.86
2880.955     4.455
2882.498     4.374
2885.141     5.427
2885.425     4.698
2888.594     5.265
2889.542     4.941
2890.579     5.589
2893.443     4.212
2894.502     3.969
2896.724     4.212
2897.803     4.05
2900.814     4.617
2901.936     3.645
2902.71     3.402
2905.874     4.131
2906.78     5.832
2908.923     6.48
2910.913     4.779
2914.219     4.536
2914.509     4.212
2916.994     5.103
2918.721     4.374
2919.1     4.536
2922.512     5.589
2923.238     5.508
2925.06     5.103
2927.05     4.779
2928.94     4.86
2930.783     4.131
2931.452     5.427
2934.926     3.564
2935.553     3.645
2937.08     3.807
2939.502     4.293
2941.113     6.156
2943.124     5.832
2943.872     4.86
2945.067     3.807
2947.82     4.617
2949.126     5.022
2952.022     5.427
2952.238     5.832
2955.386     3.726
2956.186     4.05
2957.282     3.564
2960.277     5.103
2960.535     5.913
2963.405     5.427
2964.695     4.212
2967.569     2.835
2968.654     3.564
2969.56     6.075
2971.639     4.455
2973.15     4.455
2975.709     5.67
2977.378     2.511
2977.884     2.025
2981.311     6.561
2982.017     4.05
2985.513     3.564
2985.892     4.779
2987.929     4.455
2990.088     4.779
2990.414     6.48
2993.773     5.346
2994.558     5.184
2996.032     5.346
2998.433     4.131
3002.224     5.427
3001.529     5.427
2999.17     4.941
2998.543     5.832
2996.637     6.723
2996.095     6.48
2993.647     6.318
2992.963     5.913
2992.515     3.969
2989.814     4.374
2989.83     4.212
2986.718     4.779
2986.434     4.131
2984.675     4.455
2983.575     5.67
2981.638     6.237
2980.427     6.642
2980.226     6.075
2977.373     6.318
2977.115     4.374
2975.63     3.564
2974.124     3.483
2972.729     3.159
2971.134     3.564
2970.897     5.67
2967.954     4.86
2967.769     5.751
2966.606     5.427
2964.574     6.399
2964.547     5.67
2961.873     4.698
2961.509     3.726
2960.651     4.293
2958.298     4.536
2957.55     4.698
2955.607     5.022
2955.102     5.022
2952.575     6.156
2952.011     6.318
2951.411     6.885
2948.821     6.318
2948.789     5.589
2946.467     4.86
2945.73     4.941
2943.482     3.807
2942.461     3.726
2942.218     3.483
2939.417     4.536
2939.375     5.427
2937.317     5.589
2936.027     6.966
2934.195     7.452
2932.952     6.156
2932.699     4.131
2929.84     3.969
2929.693     4.131
2928.229     4.455
2926.492     4.05
2926.476     3.564
2923.575     5.346
2923.359     5.67
2922.222     5.751
2920.132     7.209
2919.031     7.614
2917.268     5.265
2916.936     3.726
2914.082     3.726
2913.698     4.05
2912.819     3.483
2910.513     5.184
2910.571     5.832
2907.917     6.156
2907.243     6.399
2906.627     6.642
2904.047     6.966
2903.536     5.751
2901.657     5.265
2900.809     4.86
2898.524     3.645
2897.534     3.159
2897.255     3.645
2894.365     5.265
2892.317     5.67
2891.148     5.427
2890.895     7.371
2887.936     5.589
2887.836     5.184
2886.13     7.128
2884.561     5.751
2884.425     4.293
2881.471     2.349
2881.213     4.698
2879.965     5.022
2878.028     6.075
2876.769     6.561
2875.016     6.156
2874.732     5.832
2871.72     7.128
2871.42     6.399
2870.541     5.508
2868.193     2.43
2867.419     4.617
2865.486     5.67
2864.934     3.969
2862.338     4.86
2861.769     5.589
2861.185     5.589
2858.558     5.508
2857.952     6.561
2856.036     6.561
2855.183     5.265
2852.887     5.265
2851.966     4.617
2851.524     3.24
2848.559     3.969
2848.491     5.184
2846.538     6.237
2845.263     5.265
2843.342     5.022
2842.031     5.103
2841.741     5.508
2840.167     5.994
2838.514     5.427
2837.013     6.237
2835.539     4.374
2835.255     2.268
2833.838     4.941
2831.859     6.237
2830.569     3.888
2828.821     3.969
2828.616     6.237
2825.725     5.103
2825.372     4.617
2824.377     5.508
2822.097     5.184
2822.103     5.508
2819.27     4.617
2818.791     4.941
2818.022     5.67
2815.511     5.022
2815.421     5.589
2812.736     5.67
2811.989     5.994
2811.567     5.832
2808.751     5.832
2808.766     6.075
2806.397     6.399
2805.465     5.346
2805.128     4.455
2802.196     4.536
2802.159     4.698
2800.006     4.212
2798.542     4.293
2797.062     5.913
2795.293     5.994
2793.803     4.698
2792.25     5.832
2791.997     4.86
2790.697     3.645
2788.759     4.455
2787.517     5.265
2785.79     4.293
2785.432     5.022
2784.363     5.265
2782.073     3.726
2780.999     5.589
2779.13     6.48
2778.656     5.994
2775.908     6.642
2775.46     5.832
2774.739     2.916
2772.075     6.885
2772.112     5.913
2769.458     4.698
2768.731     5.103
2768.189     3.969
2765.42     4.212
2765.383     4.941
2762.982     6.237
2762.034     6.318
2761.676     5.832
2758.76     4.698
2758.702     4.698
2756.611     6.237
2755.19     3.078
2755.006     4.374
2752.094     5.67
2751.92     4.212
2750.13     5.913
2748.53     5.508
2748.366     4.617
2745.318     4.779
2745.06     5.751
2743.686     5.265
2741.796     5.184
2740.49     4.374
2738.679     4.455
2738.347     5.346
2737.236     5.67
2735.035     3.402
2734.025     5.184
2732.029     5.994
2731.64     6.075
2728.86     4.374
2728.323     4.617
2727.628     6.642
2724.942     5.103
2724.916     5.103
2722.336     4.941
2721.657     5.589
2721.025     5.022
2718.224     5.346
2718.145     6.48
2715.744     5.184
2714.786     4.86
2714.428     5.346
2711.448     5.589
2711.411     5.589
2709.258     4.86
2707.936     6.156
2707.7     4.698
2704.772     3.888
2704.588     4.617
2702.782     4.779
2701.197     5.265
2701.066     6.075
2697.749     6.642
2696.28     4.698
2694.642     4.617
2694.332     5.265
2691.241     4.779
2690.973     5.427
2689.751     5.913
2687.866     5.832
2687.545     5.67
2684.655     5.994
2684.191     6.156
2683.228     5.022
2681.301     5.022
2680.653     5.022
2677.958     5.103
2677.373     4.374
2676.615     4.374
2673.946     5.022
2673.898     5.751
2671.371     5.589
2670.587     5.589
2670.028     5.427
2667.149     5.751
2667.001     6.156
2664.727     6.075
2663.674     4.779
2663.352     4.941
2660.304     4.374
2660.167     4.617
2658.203     5.346
2656.824     5.427
2656.608     4.86
2653.396     4.536
2653.096     5.103
2651.601     6.237
2649.869     5.913
2649.748     5.589
2646.752     4.941
2646.41     4.779
2645.088     5.265
2643.014     5.832
2641.719     5.346
2639.834     5.751
2639.397     4.617
2638.438     4.86
2636.069     6.156
2635.137     5.022
2633.163     5.103
2632.636     6.48
2629.83     5.427
2629.235     5.103
2628.588     5.184
2626.55     6.237
2625.745     4.293
2623.159     4.293
2622.354     4.617
2621.901     6.075
2619.827     5.832
2618.868     4.536
2616.431     5.265
2615.357     5.265
2614.988     5.994
2612.092     6.642
2611.961     5.589
2609.897     4.698
2608.565     5.022
2608.275     4.941
2605.127     5.184
2604.748     5.427
2603.247     3.726
2601.552     3.888
2600.072     5.832
2598.277     6.318
2596.745     6.561
2594.855     6.318
2594.423     5.589
2591.517     5.67
2591.032     5.427
2590.043     6.399
2588.031     6.642
2587.568     5.427
2584.704     4.617
2584.072     4.617
2583.309     5.67
2580.581     7.857
2580.502     7.857
2577.891     4.374
2577.038     5.346
2576.454     7.128
2573.605     4.779
2573.532     4.536
2571.278     6.318
2570.115     5.265
2567.877     5.346
2566.645     5.751
2566.271     5.994
2563.27     5.994
2563.16     5.265
2561.196     6.075
2559.721     6.156
2559.39     4.779
2556.262     5.589
2556.062     5.751
2554.488     4.374
2552.582     4.86
2552.472     5.103
2549.413     5.589
2549.107     5.994
2547.796     5.832
2545.564     5.508
2545.522     5.832
2542.479     5.508
2542.005     5.346
2541.099     5.913
2538.625     5.67
2538.572     4.941
2535.708     4.05
2535.018     5.427
2534.328     5.346
2531.585     5.346
2530.869     5.265
2528.89     6.075
2528.037     6.48
2525.504     4.941
2524.535     5.913
2524.046     5.589
2521.04     5.832
2520.982     5.508
2518.702     5.346
2517.538     6.075
2517.186     5.913
2514.027     5.832
2513.848     7.452
2512     5.832
2510.531     5.427
2510.23     6.48
2507.056     5.751
2506.813     5.103
2505.223     4.05
2503.254     3.564
2503.128     4.374
2500.022     5.265
2499.716     5.67
2498.468     6.318
2496.22     4.779
2496.152     4.617
2492.672     6.723
2491.682     5.994
2489.655     4.941
2489.044     5.022
2486.169     5.994
2485.622     5.265
2484.806     5.265
2482.8     5.508
2482.021     5.832
2479.335     6.804
2478.572     5.832
2477.967     5.265
2475.134     5.265
2475.018     4.86
2472.559     6.237
2471.364     5.427
2471.038     4.698
2467.895     4.212
2467.726     4.293
2465.668     6.318
2464.22     6.561
2463.972     6.318
2460.797     5.832
2460.692     6.075
2458.865     7.209
2457.091     5.751
2456.954     6.399
2453.853     5.103
2453.521     5.346
2452.163     5.67
2450.041     6.48
2449.946     5.913
2446.871     5.751
2446.366     6.318
2445.292     5.994
2442.923     6.318
2441.796     6.237
2439.811     6.075
2439.248     6.561
2438.405     6.075
2435.878     5.67
2435.052     4.131
2432.993     5.103
2432.14     4.617
2429.471     5.913
2428.655     7.371
2427.986     6.399
2425.043     5.346
2424.885     5.265
2422.489     6.075
2421.463     5.994
2421.068     6.318
2417.988     4.941
2417.882     4.131
2415.734     5.022
2414.192     6.561
2413.965     6.156
2410.859     6.237
2410.517     6.399
2408.853     5.346
2407.026     6.075
2406.836     5.913
2403.804     6.399
2403.425     5.751
2402.066     6.075
2399.987     4.536
2398.655     5.67
2396.749     6.318
2395.095     6.561
2393.116     6.237
2392.61     5.994
2389.572     5.265
2389.004     5.508
2386.098     6.237
2385.439     6.966
2382.681     6.642
2381.959     5.346
2381.254     5.589
2379.169     6.075
2378.284     6.075
2375.678     6.642
2374.746     6.237
2374.257     5.832
2371.229     5.184
2371.119     4.698
2368.823     5.022
2367.486     4.779
2367.186     5.994
2364.011     5.427
2363.595     4.698
2361.794     4.374
2360.241     6.318
2358.351     6.642
2356.861     6.156
2356.482     5.103
2354.966     5.103
2353.149     6.075
2351.491     6.318
2349.443     5.913
2349.237     6.399
2346.131     4.86
2345.836     5.427
2344.599     5.427
2342.224     5.994
2342.114     6.318
2339.055     4.779
2338.507     5.184
2337.544     5.022
2334.906     5.832
2334.827     7.128
2331.958     7.209
2331.199     5.346
2328.535     5.589
2327.661     5.67
2326.982     5.508
2324.966     5.265
2323.96     5.265
2321.485     5.265
2320.443     5.508
2319.79     5.427
2316.789     6.318
2316.631     7.29
2314.357     7.209
2313.009     6.399
2312.756     6.156
2309.644     5.184
2309.492     5.022
2307.496     6.642
2305.791     5.751
2304.043     5.589
2302.41     4.536
2301.952     6.237
2300.425     6.642
2298.43     6.318
2296.982     7.047
2294.839     6.237
2294.739     6.156
2291.58     4.779
2291.206     3.645
2289.99     4.536
2287.547     6.156
2286.436     7.128
2284.362     6.237
2283.746     4.617
2280.913     5.184
2280.155     5.508
2277.328     7.047
2276.486     6.318
2275.838     5.832
2272.958     4.455
2272.89     4.131
2270.168     5.427
2269.093     5.508
2268.714     5.994
2265.592     6.318
2265.124     4.617
2263.202     4.86
2261.87     6.804
2259.743     6.237
2258.416     6.399
2257.847     7.128
2254.646     4.374
2254.478     5.022
2252.672     5.832
2250.829     6.723
2250.698     6.804
2247.46     5.913
2247.212     5.994
2245.58     5.184
2243.521     6.723
2243.342     7.047
2240.157     5.994
2239.783     5.832
2238.514     4.455
2236.145     4.779
2236.05     4.698
2233.081     5.994
2232.354     5.832
2231.486     6.48
2228.748     6.318
2227.837     5.508
2225.831     5.265
2225.01     5.265
2224.425     6.642
2221.498     7.047
2220.845     4.536
2218.876     3.807
2217.681     4.779
2215.385     6.885
2214.116     7.857
2213.706     6.723
2210.489     5.103
2210.331     5.184
2208.32     5.67
2206.645     6.642
2206.372     6.642
2203.107     5.994
2202.854     5.427
2201.264     4.212
2199.237     6.075
2199.027     7.29
2195.826     6.318
2195.352     5.508
2194.13     5.751
2191.73     6.075
2191.598     6.48
2188.586     5.184
2188.055     6.48
2187.023     6.48
2184.38     5.508
2183.458     6.561
2181.363     6.399
2180.605     5.832
2177.756     5.994
2176.961     6.075
2176.245     5.427
2174.134     5.751
2172.539     6.399
2169.574     5.184
2169.395     6.075
2167.005     6.966
2165.747     6.561
2165.41     5.751
2162.282     5.427
2161.687     5.265
2159.913     5.346
2158.339     7.047
2156.275     6.075
2154.822     4.698
2154.311     4.05
2151     6.723
2150.778     6.642
2149.141     5.589
2147.367     4.698
2146.898     4.86
2143.702     5.022
2143.165     6.804
2141.965     6.885
2139.617     4.779
2139.459     5.508
2136.273     6.48
2135.71     5.913
2132.698     5.994
2132.151     5.508
2131.103     5.427
2129.055     5.994
2128.386     7.209
2125.485     5.913
2124.606     5.751
2123.89     5.67
2121.026     7.047
2120.926     7.695
2118.325     6.642
2117.214     5.265
2114.624     7.29
2113.581     6.399
2112.965     5.508
2110.986     6.318
2109.706     7.614
2107.39     5.751
2106.031     5.427
2105.631     6.885
2102.372     6.48
2102.177     5.427
2100.15     6.318
2098.444     6.48
2098.265     6.075
2095.017     5.589
2094.527     4.779
2093.116     5.994
2090.9     6.48
2089.394     5.589
2087.567     6.48
2087.056     5.346
2083.855     6.399
2083.386     5.751
2082.181     5.994
2080.117     6.237
2079.474     5.022
2076.405     6.237
2075.715     5.508
2074.904     5.022
2072.214     6.642
2072.035     6.966
2069.176     5.913
2068.192     6.642
2067.544     7.047
2064.68     5.913
2061.889     6.156
2060.784     6.885
2060.157     6.642
2057.019     6.237
2056.935     5.508
2054.682     6.156
2053.223     6.156
2052.865     6.561
2049.654     4.536
2049.095     4.698
2047.369     6.642
2045.636     7.938
2043.741     5.346
2042.098     3.969
2041.614     6.075
2038.386     6.399
2038.002     5.994
2036.491     5.751
2034.28     5.832
2034.18     4.698
2030.947     5.103
2030.426     7.209
2029.315     6.642
2026.761     5.751
2026.614     5.751
2023.571     7.209
2022.855     7.128
2019.933     6.642
2019.227     6.561
2018.448     6.48
2016.358     6.237
2015.41     6.399
2012.651     6.318
2011.719     6.399
2010.945     4.455
2007.844     8.667
2007.813     7.209
2005.354     6.399
2003.985     6.885
2003.501     6.966
2000.247     6.075
1999.783     5.913
1997.93     5.67
1996.361     6.966
1995.45     6.885
1993.318     7.128
1992.386     5.832
1989.664     6.561
1988.795     6.156
1988.032     7.857
1984.936     6.561
1984.794     6.399
1982.325     5.913
1981.093     7.938
1980.645     7.533
1977.412     6.156
1976.818     3.483
1974.938     4.374
1973.485     5.508
1971.331     7.857
1969.81     7.128
1969.431     6.399
1966.103     6.075
1965.856     6.318
1964.113     6.399
1962.402     6.885
1961.807     5.184
1958.537     5.508
1958.016     5.589
1956.742     5.832
1954.452     6.804
1954.315     6.804
1950.635     6.318
1949.461     6.156
1947.365     6.156
1946.686     6.075
1943.637     6.156
1942.995     5.832
1942     6.237
1939.12     7.452
1939.02     6.804
1936.198     4.536
1935.145     5.346
1934.529     5.751
1931.549     7.776
1930.838     6.885
1928.769     5.913
1927.563     5.913
1925.099     7.047
1923.904     7.371
1923.362     6.156
1920.077     5.508
1919.813     5.184
1917.918     6.156
1916.08     6.966
1915.875     6.48
1912.506     6.723
1912.026     6.156
1910.589     6.48
1908.457     6.642
1906.983     7.047
1905.013     7.695
1904.403     6.399
1901.249     4.941
1900.622     7.047
1899.596     7.209
1896.895     6.561
1896.658     6.642
1893.673     6.318
1892.925     6.804
1889.961     6.723
1889.261     6.399
1888.276     6.237
1885.349     6.642
1885.228     7.371
1882.532     5.994
1881.316     4.779
1880.784     6.723
1877.646     7.533
1877.13     5.589
1875.129     5.589
1873.718     5.913
1871.449     8.424
1870.133     8.181
1869.559     6.561
1867.79     5.427
1866.01     7.128
1864.041     5.832
1862.125     6.48
1861.893     6.642
1858.592     6.804
1858.039     6.237
1856.644     6.561
1854.454     6.885
1852.837     6.966
1850.942     7.371
1850.431     6.237
1847.214     5.994
1846.756     6.318
1845.498     6.642
1842.902     6.885
1842.713     6.48
1839.727     6.399
1838.896     5.589
1835.937     5.832
1835.042     8.262
1832.03     7.857
1831.177     6.966
1830.466     6.48
1827.334     7.209
1827.186     6.966
1824.517     6.48
1823.237     6.804
1822.8     6.237
1819.605     5.184
1819.083     6.156
1817.225     7.857
1815.603     7.614
1813.455     7.857
1811.918     8.1
1811.423     6.237
1808.053     6.156
1807.816     6.48
1805.968     5.67
1804.02     6.723
1802.32     5.751
1800.519     5.994
1799.95     6.885
1798.571     7.452
1796.244     6.642
1794.785     5.994
1792.869     6.156
1792.206     6.075
1788.92     6.075
1788.367     6.075
1787.188     5.427
1784.566     5.427
1783.402     6.075
1781.312     7.209
1780.48     6.561
1777.664     6.885
1776.832     7.128
1775.895     6.075
1772.862     6.885
1772.767     5.832
1770.114     6.237
1768.929     6.156
1768.355     6.156
1765.143     6.399
1764.549     5.589
1762.653     6.48
1761.142     6.885
1758.852     6.237
1757.399     6.318
1756.788     6.156
1753.471     7.047
1753.155     6.966
1751.286     6.561
1749.591     6.399
1749.048     5.022
1745.705     6.642
1745.152     6.075
1743.778     5.265
1741.467     7.29
1741.304     7.533
1738.16     5.751
1737.497     6.885
1734.28     8.019
1733.727     7.452
1732.495     7.452
1730.41     6.885
1729.652     5.589
1726.546     6.237
1725.74     6.561
1724.982     6.723
1721.886     6.399
1719.106     6.399
1718.164     6.561
1717.353     6.399
1714.262     5.751
1714.047     5.589
1711.535     5.184
1710.208     5.67
1709.735     6.723
1706.376     5.913
1705.886     6.075
1704.006     5.67
1702.29     6.156
1700.179     5.913
1698.699     6.237
1698.21     7.128
1694.708     5.832
1694.424     5.994
1692.592     7.047
1690.391     7.614
1690.18     7.776
1686.932     6.723
1686.311     5.994
1682.999     6.642
1682.572     7.452
1681.24     6.318
1678.692     6.399
1678.566     6.561
1675.412     5.346
1674.607     5.589
1673.743     6.723
1670.842     7.29
1669.836     6.885
1667.683     6.318
1666.741     6.885
1663.95     6.723
1662.966     7.533
1662.265     6.075
1659.075     7.128
1658.385     7.452
1656.321     6.156
1654.942     6.318
1652.467     6.642
1651.225     7.371
1650.577     7.128
1647.25     6.804
1647.007     6.804
1644.928     6.642
1643.122     7.128
1642.774     6.561
1639.431     6.885
1638.889     6.237
1637.351     5.346
1635.145     7.128
1633.508     6.48
1631.581     6.237
1631.012     7.209
1627.69     6.885
1627.285     7.047
1625.868     6.723
1623.268     7.128
1623.073     6.642
1620.056     6.642
1619.287     5.832
1616.186     6.399
1615.417     6.885
1614.385     8.019
1611.537     8.181
1611.416     8.262
1608.478     7.128
1606.767     6.561
1604.645     7.209
1603.482     5.589
1602.913     6.075
1599.675     6.804
1598.991     5.346
1595.758     7.29
1595.5     7.776
1593.215     8.019
1591.641     7.29
1591.267     6.48
1587.887     7.533
1587.271     7.047
1585.544     5.994
1583.712     5.346
1581.842     7.29
1580.063     7.047
1579.5     6.885
1576.067     7.452
1575.498     7.371
1574.177     7.047
1571.892     7.29
1570.449     6.723
1568.385     7.29
1567.585     6.156
1564.373     6.642
1563.741     6.156
1562.673     6.075
1559.924     5.994
1559.761     6.48
1556.676     7.533
1555.707     6.561
1554.991     6.642
1551.89     6.156
1551.169     7.371
1549.105     6.966
1547.841     4.779
1545.114     6.723
1543.771     6.48
1543.355     6.561
1540.091     5.994
1539.454     6.885
1537.527     6.642
1535.921     8.262
1533.715     7.209
1532.225     5.832
1531.641     5.67
1528.271     6.642
1527.976     6.723
1526.065     6.237
1523.975     5.994
1523.759     6.561
1520.337     7.776
1519.816     6.561
1518.478     7.695
1516.014     7.209
1514.598     6.399
1512.476     6.156
1511.829     5.589
1508.622     6.885
1508.027     6.318
1506.911     4.455
1504.047     6.804
1503.842     7.695
1500.777     7.857
1499.787     6.237
1496.86     6.642
1495.928     6.561
1495.16     6.48
1492.016     6.804
1491.843     6.156
1488.031     5.832
1487.309     6.48
1485.256     7.047
1483.84     5.913
1481.444     7.533
1480.075     8.019
1479.522     7.857
1476.121     6.642
1475.537     5.994
1473.699     6.642
1471.815     5.265
1471.541     5.751
1468.15     6.804
1467.566     5.832
1464.159     6.156
1463.754     5.508
1462.143     6.075
1459.731     7.128
1459.558     7.695
1456.256     6.48
1455.556     5.427
1454.393     5.346
1451.686     6.237
1450.512     7.128
1447.727     5.832
1447.511     5.508
1444.463     6.561
1443.431     6.642
1442.673     6.399
1439.677     6.642
1438.84     6.885
1436.729     7.452
1435.57     6.48
1432.954     5.994
1431.779     6.156
1431.079     6.399
1427.794     7.047
1427.104     6.399
1425.182     6.723
1423.603     7.371
1421.344     5.427
1419.817     5.346
1419.291     6.156
1415.921     6.966
1415.653     7.452
1413.652     6.075
1411.593     6.399
1411.351     5.832
1407.992     7.533
1407.36     6.885
1405.991     7.128
1403.464     6.804
1402.064     6.561
1399.947     6.156
1399.342     6.075
1396.067     6.723
1395.277     7.371
1394.335     6.885
1391.529     5.67
1390.476     7.371
1387.559     8.181
1387.369     7.29
1384.358     6.642
1383.336     7.047
1382.594     7.047
1379.419     6.804
1378.613     6.399
1375.397     7.29
1375.207     6.804
1372.606     5.832
1371.327     6.399
1368.778     7.452
1367.209     7.614
1364.819     7.533
1363.419     7.938
1362.903     6.642
1359.391     6.075
1359.086     5.508
1357.238     6.966
1355.147     5.913
1354.853     5.832
1351.446     7.047
1350.856     6.885
1349.377     7.938
1347.145     7.614
1345.544     7.128
1343.47     7.047
1342.838     6.885
1339.652     7.371
1339.073     6.237
1337.783     7.614
1334.972     7.29
1333.856     7.452
1331.639     7.614
1330.749     7.452
1327.743     7.452
1326.869     7.938
1325.953     7.209
1322.852     6.642
1322.678     7.209
1319.846     6.642
1318.545     7.776
1315.992     7.29
1314.781     7.371
1314.112     6.399
1310.658     6.237
1310.426     6.885
1308.089     8.181
1306.372     7.047
1306.088     6.156
1302.74     6.48
1302.118     6.318
1300.449     6.561
1298.37     7.938
1296.501     7.29
1294.347     6.966
1292.615     7.857
1290.777     8.019
1290.156     8.019
1286.75     7.938
1286.213     7.128
1284.886     5.913
1282.238     6.399
1282.069     6.318
1278.926     6.723
1277.968     6.237
1277.041     6.399
1274.135     7.857
1273.14     8.1
1270.971     7.371
1269.933     6.399
1267.074     6.804
1266.027     6.723
1265.274     6.399
1262.041     7.128
1261.857     6.723
1259.345     6.561
1257.75     6.399
1255.428     7.29
1253.949     7.452
1253.233     7.452
1249.663     6.885
1249.295     6.399
1245.835     6.885
1245.319     6.318
1243.65     6.642
1241.56     5.832
1239.728     6.399
1237.891     6.399
1237.18     7.209
1233.842     8.586
1233.347     8.181
1231.867     8.181
1229.272     7.533
1229.045     7.29
1225.839     6.156
1225.07     6.561
1224.038     6.966
1221.174     6.885
1220.116     6.318
1217.926     6.642
1216.82     8.1
1213.93     7.857
1212.85     7.614
1212.108     6.885
1208.907     7.776
1208.191     7.128
1206.095     6.237
1204.758     6.399
1202.352     6.156
1200.72     6.075
1200.298     6.642
1196.834     7.776
1196.155     7.371
1194.396     7.533
1192.417     6.885
1190.406     7.128
1188.663     7.857
1188.152     5.751
1184.656     4.941
1183.977     5.913
1182.487     6.804
1180.128     8.019
1178.491     8.1
1176.511     7.857
1175.811     7.29
1172.478     7.047
1171.778     7.209
1170.567     7.452
1167.919     5.751
1166.692     6.48
1164.518     5.832
1163.543     5.67
1160.463     7.209
1159.69     7.776
1158.805     7.938
1155.73     7.047
1155.493     7.29
1152.629     6.885
1151.387     7.857
1148.733     4.941
1147.496     5.589
1146.785     7.695
1143.363     4.779
1143.157     4.536
1140.757     8.586
1139.061     7.695
1138.624     7.047
1135.234     7.047
1134.665     6.966
1130.916     6.561
1130.621     6.885
1127.204     7.29
1126.599     6.237
1125.072     5.184
1122.803     6.561
1121.197     7.776
1119.181     7.209
1118.522     8.424
1115.111     7.047
1114.584     6.561
1113.284     7.128
1110.593     6.48
1109.356     6.075
1107.24     6.156
1106.218     5.913
1103.207     6.237
1102.385     6.399
1101.501     6.804
1098.294     7.776
1098.094     8.667
1095.214     6.642
1093.945     6.318
1091.181     6.885
1089.844     6.561
1089.307     6.885
1085.995     6.966
1085.321     4.293
1083.347     5.022
1081.62     7.371
1079.314     7.371
1077.792     7.452
1077.229     8.181
1073.854     7.29
1073.517     6.804
1071.522     6.48
1069.368     6.561
1067.62     6.237
1065.683     6.399
1065.051     6.561
1061.703     6.966
1061.166     6.804
1059.665     8.019
1057.075     8.586
1056.896     8.667
1053.684     7.047
1052.81     5.751
1051.804     5.427
1048.93     7.128
1047.819     6.075
1045.534     6.723
1044.576     6.48
1041.632     6.723
1040.695     7.128
1039.669     8.019
1036.483     7.938
1035.746     6.642
1033.624     6.237
1032.282     6.723
1031.734     7.047
1028.307     7.776
1027.617     7.29
1024.29     5.832
1024.058     6.804
1021.673     7.938
1019.883     6.48
1017.698     8.424
1016.081     8.1
1015.46     6.48
1013.717     5.994
1011.696     5.913
1007.915     7.776
1007.32     6.966
1005.846     6.399
1003.414     7.371
1001.876     6.723
999.86     7.29
999.218     7.452
995.869     7.452
995.295     7.857
991.783     6.804
991.078     6.561
989.883     7.695
986.961     7.452
986.776     8.262
983.696     7.29
982.733     6.399
981.912     6.561
978.795     6.48
977.968     8.667
975.751     7.938
974.493     6.804
971.829     6.318
970.576     5.103
969.907     6.723
966.422     8.586
965.759     7.695
963.81     6.885
961.994     6.318
959.783     6.885
958.177     7.047
957.55     7.128
954.144     7.209
953.796     6.156
951.922     6.48
949.674     7.209
947.879     6.318
945.946     6.723
945.315     7.857
941.95     8.181
941.482     7.857
940.023     6.966
937.38     5.913
936.09     6.318
933.995     7.128
933.084     7.614
929.978     5.751
929.009     6.885
928.03     7.776
925.007     8.019
923.96     6.966
921.79     6.561
920.716     6.237
917.842     6.642
916.81     6.804
915.909     7.695
912.624     6.723
911.803     5.913
909.77     6.399
908.238     7.938
905.764     6.399
904.311     6.804
903.689     7.371
900.236     7.614
899.625     6.156
897.924     5.67
895.887     6.885
893.954     8.1
892.127     7.857
891.417     6.723
887.636     7.128
885.973     7.452
883.946     7.209
883.182     8.991
879.839     6.966
879.27     5.994
878.033     5.994
875.232     7.938
874.974     7.29
871.799     7.371
870.841     8.1
867.772     6.885
866.95     6.156
866.018     7.452
862.796     7.209
861.954     7.047
859.811     7.047
858.532     6.156
855.82     6.399
854.641     6.885
853.872     6.318
850.423     7.452
849.692     7.29
847.728     6.237
845.99     8.262
843.753     8.1
842.168     6.561
841.583     6.561
837.998     7.29
837.408     5.67
835.76     5.508
833.507     5.994
831.775     7.128
829.821     7.452
829.137     8.1
825.794     7.371
825.357     7.614
823.809     5.994
821.187     5.508
820.955     6.642
817.622     7.776
816.849     5.184
813.553     5.994
812.91     7.533
811.741     7.209
808.719     6.723
807.756     7.128
805.571     7.857
804.518     6.642
801.548     7.452
800.511     8.1
799.653     5.994
796.415     6.804
795.615     6.48
793.572     6.156
792.077     6.642
789.502     7.047
787.896     6.723
787.438     7.209
783.979     7.857
783.353     8.424
781.489     7.776
779.593     6.075
777.508     7.209
775.371     6.966
775.097     6.318
771.617     5.832
771.017     7.371
769.542     8.586
766.768     7.614
763.472     8.262
762.677     6.723
761.492     5.913
758.723     6.237
757.517     7.371
755.353     6.804
754.464     6.075
751.399     6.885
750.32     8.262
749.562     7.371
746.34     8.343
745.487     7.533
743.302     6.642
741.991     6.966
739.3     6.318
737.863     7.209
737.336     6.399
733.909     5.832
733.251     7.29
729.744     7.29
729.476     7.452
727.28     6.804
725.369     7.047
725.027     6.237
721.52     7.614
720.957     6.966
717.461     6.48
717.056     5.589
715.287     5.994
712.912     7.533
712.654     7.776
709.19     7.695
708.542     7.776
705.199     7.614
704.583     5.994
703.246     6.237
700.397     7.29
700.181     7.047
697.012     5.022
696.085     7.047
695.174     7.614
692.126     8.1
691.157     8.424
688.072     8.019
687.788     6.804
685.013     7.128
683.734     7.452
680.964     5.832
679.811     5.589
679.116     7.452
675.678     6.561
674.909     6.966
672.988     7.128
671.329     9.234
668.934     8.424
667.043     7.209
666.664     6.156
663.226     6.804
662.531     6.075
660.82     5.832
658.651     6.156
656.824     6.156
654.518     5.994
654.207     6.561
650.833     8.424
650.048     8.019
646.763     6.966
646.273     6.642
642.745     5.67
641.84     7.29
640.787     7.452
637.881     5.346
636.77     6.156
633.753     6.48
633.548     6.48
630.462     7.857
629.351     7.29
628.651     6.966
625.445     5.994
624.592     5.994
621.259     6.966
621.08     7.209
618.458     5.913
616.805     6.237
616.368     8.1
612.951     7.857
612.351     7.047
608.849     8.019
608.507     8.667
606.406     7.695
604.453     7.128
602.521     7.047
600.662     6.399
600.004     7.857
596.519     7.371
596.082     7.128
594.418     7.047
591.944     7.452
591.707     7.857
588.337     8.91
587.463     7.614
584.162     7.776
583.572     6.804
582.251     7.29
579.355     7.452
578.223     7.533
576.064     7.776
575.085     7.209
572.089     7.614
570.952     9.153
570.241     7.695
567.008     6.804
566.119     7.776
563.96     8.262
562.654     6.885
559.948     6.48
558.7     6.318
557.947     6.156
554.646     7.533
553.878     6.804
551.951     6.318
550.092     8.586
547.891     8.019
546.222     7.29
545.643     6.804
542.094     7.29
541.457     6.966
539.936     7.128
537.625     6.885
535.85     7.047
533.849     8.019
533.186     7.533
529.88     8.586
529.053     8.343
527.9     7.452
525.241     6.804
523.846     8.424
521.687     7.776
519.866     7.695
516.828     7.047
515.701     6.966
513.5     7.29
512.505     7.128
509.494     7.533
508.33     7.533
507.646     7.209
504.392     7.047
503.586     7.938
500.19     7.128
499.917     6.318
497.479     6.642
495.894     7.209
495.426     7.371
492.056     7.29
491.387     7.695
487.912     6.804
487.586     6.885
485.422     7.047
483.4     7.29
483.084     7.209
479.752     6.723
479.015     7.371
475.598     6.885
475.103     7.29
473.539     7.776
470.917     8.343
469.564     7.533
467.463     6.723
466.652     7.371
463.341     9.072
462.651     8.424
461.482     8.748
458.528     6.075
457.486     6.804
455.301     8.262
454.101     9.396
451.152     8.181
450.194     7.776
449.399     8.424
446.103     6.804
445.266     7.209
443.118     7.614
441.67     7.938
439.111     6.966
437.758     6.561
437.042     6.642
433.614     7.695
432.935     7.857
431.166     7.533
429.318     6.804
427.212     7.533
425.196     8.019
424.938     8.343
421.394     7.614
420.72     7.047
417.235     6.723
416.798     8.019
415.213     7.857
412.57     7.938
411.212     7.533
409.037     7.776
408.184     7.695
405.025     7.128
404.367     7.209
403.104     5.913
400.061     7.371
396.854     7.614
396.022     8.91
395.133     7.857
391.852     8.343
391.005     7.047
388.894     7.047
387.583     8.424
385.319     7.047
383.771     6.237
383.097     6.075
379.611     6.723
378.98     7.776
377.4     8.262
375.147     8.1
373.241     8.667
371.235     8.748
370.566     8.424
367.16     9.072
366.428     7.128
365.222     5.994
362.579     6.561
361.247     6.966
358.441     7.533
358.241     6.966
354.992     7.371
354.029     7.452
353.223     7.614
350.127     7.452
349.164     6.885
345.947     6.561
345.773     6.723
342.909     6.561
341.661     6.885
341.061     6.642
337.849     8.019
337.028     7.614
333.532     7.533
333.29     8.1
330.968     8.1
329.146     6.885
326.872     6.642
325.355     6.885
324.661     7.128
321.175     6.075
320.585     6.723
317.026     8.505
316.495     6.723
315.015     6.48
312.646     8.424
311.072     7.371
309.039     7.047
308.228     7.938
304.985     6.318
304.122     7.452
303.032     7.209
300.236     7.857
299.036     7.695
296.819     7.128
295.977     7.857
292.976     8.586
291.928     7.938
291.159     7.533
287.979     6.885
287.089     5.67
283.83     7.128
283.609     7.695
280.982     8.748
279.492     7.29
278.976     7.047
275.364     9.072
272.916     10.206
271.205     8.181
270.826     8.748
267.346     6.885
266.63     7.209
263.329     7.371
263.055     7.29
261.122     7.047
258.964     7.128
257.121     8.424
255.22     8.586
254.562     8.748
251.151     8.991
250.693     8.91
249.171     8.829
246.512     7.371
245.191     7.695
243.074     7.29
242.232     7.29
239.02     6.318
238.088     9.315
237.209     8.667
234.092     8.019
233.113     8.586
230.006     8.586
229.88     7.857
226.984     7.938
225.679     7.614
225.052     7.533
221.756     6.318
220.935     6.237
217.623     8.019
217.407     7.29
215.022     7.614
213.322     8.019
212.953     8.1
209.531     6.642
208.894     7.938
205.408     6.966
205.145     5.994
203.223     6.237
201.059     6.723
199.322     7.614
197.427     7.695
196.647     8.829
193.204     8.991
192.767     7.776
191.293     7.938
188.687     9.396
187.334     7.776
185.222     7.209
184.375     6.804
181.21     7.776
180.421     6.804
179.52     7.209
176.44     9.315
175.477     9.153
172.386     7.857
172.186     7.776
169.343     7.533
168.19     7.209
165.442     7.047
164.31     7.614
163.588     6.966
160.219     7.371
159.95     6.966
157.57     8.829
155.933     10.125
152.142     9.477
151.811     7.695
149.678     7.29
147.757     7.452
145.845     6.885
144.055     6.48
143.476     5.913
140.059     7.857
139.617     7.857
138.058     8.262
135.563     8.343
134.115     8.91
132.104     9.315
131.388     8.91
128.086     7.614
127.276     6.642
126.228     6.156
123.364     7.533
122.274     8.1
119.304     7.533
119.12     7.371
116.282     7.776
115.14     8.343
114.445     8.586
111.296     9.234
110.501     8.91
107.3     7.047
107.095     6.156
104.573     8.1
103.136     7.614
100.745     5.913
99.345     6.48
98.692     8.505
95.259     7.533
94.985     8.343
92.916     8.505
90.931     7.614
89.131     7.047
87.299     7.776
86.709     7.209
83.255     5.751
82.776     5.832
81.412     7.371
78.948     7.209
77.474     7.533
75.347     8.748
74.684     8.181
71.467     7.533
70.666     8.262
69.65     8.1
66.897     6.723
65.949     5.832
63.006     6.804
62.816     7.614
59.957     9.234
58.852     8.829
56.23     7.776
55.177     8.262
54.403     8.748
51.128     7.371
50.48     6.156
48.532     6.075
47.011     7.776
44.72     7.938
43.13     7.047
42.809     6.156
39.508     8.262
38.908     9.72
35.575     9.396
34.985     10.287
31.758     6.966
31.226     6.885
28.025     8.505
27.678     7.857
26.103     8.181
23.703     7.128
23.497     6.156
20.422     8.019
19.791     9.315
16.69     10.368
16.168     8.829
14.926     6.399
12.272     6.642
11.393     7.776
9.345     7.857
8.408     7.209
5.696     8.019
4.807     7.695
4.064     7.128
1.095     8.667
0.452     8.586
-1.533     7.614
