Distance_nm     Force_uN
0     0.4076
0.234     -1.2854
0.87     -2.0379
1.428     0.8151
2.221     4.8909
2.99     4.7968
7.627     1.693
11.039     -0.3762
14.101     -1.9125
16.888     -1.5676
19.094     2.5395
19.947     5.0163
21.279     2.3514
24.595     0.0941
27.621     -0.5016
30.042     -1.6303
32.785     -0.4389
34.626     2.5395
35.861     2.9784
38.036     1.2541
40.845     0.4703
43.403     0.3135
45.769     -0.2822
48.158     1.4422
49.84     3.2919
51.484     2.2887
54.001     1.16
56.707     0.6584
59.159     -0.2508
61.712     0.2195
63.939     2.4141
65.446     2.7276
67.621     1.16
70.559     -0.0941
73.177     -0.9092
75.714     1.3481
77.32     3.0411
78.981     2.1946
81.596     0.7838
84.393     0.1568
86.798     0.0941
89.2     0.1881
91.429     1.1914
93.313     1.5676
95.504     1.2541
97.835     2.0379
99.804     2.3827
102.047     1.4422
104.611     0.3762
107.316     -0.4076
109.952     -0.2508
111.852     0.6584
113.841     1.4108
115.883     1.3168
118.124     0.8151
120.633     1.4108
122.655     1.7557
124.784     2.0065
127.079     1.3168
129.527     -1.693
132.813     -3.0411
135.63     0
136.777     3.2606
137.943     3.2606
140.24     2.2573
142.815     0.3449
145.776     -1.4422
148.596     0.6897
150.019     3.6995
151.385     3.3233
153.7     0.9719
156.622     -0.6584
159.456     -0.7838
161.681     0.5643
163.417     2.5081
165.019     2.9471
167.016     1.9125
169.623     0.7211
172.204     -0.2508
174.617     -1.0346
177.174     -0.5016
179.171     0.7838
180.813     2.2887
182.606     3.1979
184.454     2.4454
186.886     0.7838
189.742     0.1568
192.095     0.0314
194.252     0.0627
196.502     1.7243
198.106     2.9471
199.926     1.8811
202.491     0.5016
205.083     -0.1881
207.583     -0.0941
209.76     1.2227
211.48     2.1946
213.474     1.0346
216.008     -0.7838
218.734     -0.5643
220.988     0.6897
222.74     1.2854
224.716     1.6303
226.823     1.5362
228.98     1.8184
231.14     2.226
233.252     1.8184
235.541     1.2541
238.004     1.0973
240.25     1.0033
242.417     0.8778
244.757     1.5676
246.732     1.9752
248.761     1.2854
251.255     1.2227
253.375     1.3168
255.563     -0.0627
258.333     -0.2822
260.564     0.5016
262.496     0.3762
264.794     0
267.083     0.5957
269.168     1.4422
271.142     1.5049
273.288     1.4108
275.622     1.7243
277.698     1.787
279.823     1.787
282.094     1.5676
284.403     0.8778
286.877     0.5016
289.354     0.5016
291.51     0.8778
293.686     1.1287
295.835     1.0346
298.013     1.4108
300.251     1.8497
302.357     1.8497
304.54     0.8465
307.25     -0.1254
309.835     -0.627
312.225     -0.5016
314.485     0.0627
316.486     0.8151
318.549     2.1006
320.401     3.0411
322.228     2.7903
324.641     0.7838
327.655     -0.3449
330.278     -0.6584
332.729     0.0627
334.787     1.16
336.623     1.7557
338.787     1.5989
343.335     1.16
345.87     0.8778
348.195     -0.0941
350.838     -0.1254
353.219     0.2195
355.357     0.533
357.59     1.0033
359.786     0.9405
362.015     0.9405
364.402     1.16
366.677     1.0973
368.99     1.2854
371.365     1.693
373.451     1.7243
375.497     1.9125
377.757     1.7243
380.129     0.7211
382.886     0.2508
385.39     0
387.699     0.533
389.884     1.2227
392.005     1.3795
394.212     1.5049
396.587     1.0033
399.07     0.8151
401.499     1.0973
403.873     0.7524
406.288     0.4076
408.697     0.9719
410.917     1.4108
413.061     1.4108
415.442     1.8497
417.721     1.5362
420.093     1.5676
422.589     1.5676
424.917     1.2854
427.263     0.5957
429.941     0.0314
432.434     -0.1254
434.801     0.7524
436.994     1.4735
439.088     1.5362
441.385     0.9719
444.067     0.533
446.545     0.8778
448.803     1.2227
451.13     1.2227
453.422     1.7243
455.675     1.8497
458.055     1.6616
460.432     1.5049
462.96     1.16
465.426     0.8465
467.882     1.066
470.329     0.6584
472.801     0.627
475.198     1.16
477.508     1.3168
479.7     1.16
482.129     0.4076
484.859     -0.5957
487.543     -0.1881
489.854     0.9719
491.857     1.5049
494.005     1.5989
496.438     1.2227
498.998     1.2854
501.358     1.16
503.865     1.066
506.194     1.8497
508.393     2.1946
510.756     1.6616
513.281     1.2541
515.842     1.1287
518.349     0.6897
520.821     0.7211
523.28     1.0973
525.596     1.6616
527.723     0.0941
530.761     -0.8778
533.502     1.2227
535.134     2.0692
537.312     -0.4703
540.522     -0.5957
542.967     2.1319
544.522     2.9157
546.59     1.693
549.443     1.6303
551.866     1.4422
554.279     0.7524
557.019     1.6616
559.103     2.4454
561.249     1.3481
564.179     0.8151
566.793     1.066
569.073     0.4703
571.729     0.2508
574.028     1.0033
576.253     1.066
578.681     0.5016
581.195     0.5643
583.732     0.9719
586.038     1.5362
588.238     1.6303
590.738     0.9719
593.395     1.5676
595.673     1.7557
598.188     1.4735
600.712     1.066
603.299     1.0973
605.836     1.066
608.275     1.6303
610.6     1.7557
613.058     0.8465
615.711     0.3449
618.403     0.1568
621.025     -0.1254
623.517     0.1568
625.959     1.5049
627.946     2.4454
630.029     2.2573
632.656     1.8811
635.143     0.4389
638.128     -0.533
641.063     0.2822
643.225     1.3481
645.396     2.1633
647.678     3.0098
649.735     2.6022
652.448     0.7838
655.633     -0.3762
658.402     0.2195
660.706     1.4422
662.751     2.1006
664.935     2.2887
667.45     1.0346
670.313     -0.3762
673.23     0.627
675.459     1.5989
677.573     0.6897
680.408     0.8465
682.887     2.1633
684.874     1.4422
687.729     -0.2508
690.83     0.7211
692.944     2.0379
695.098     2.2573
697.519     2.1319
702.673     2.2573
705.08     2.1946
707.644     0.8151
710.79     -0.627
713.743     -0.2195
716.132     1.787
717.989     2.8216
720.114     1.787
723.054     0.5016
726.1     -0.4076
728.915     -0.5016
731.573     1.0973
733.558     2.5081
735.607     1.8184
738.53     1.1914
741.233     1.4422
743.638     1.0973
746.392     0.4703
749.084     0.9405
751.515     1.5989
753.934     2.1319
756.207     2.7276
758.694     2.1319
761.548     0.7838
764.506     0.2822
767.329     0.6897
769.718     0.7524
772.176     1.1914
774.669     1.9125
776.926     1.1914
779.729     -0.2508
782.943     -0.0314
785.375     1.4422
787.413     2.853
789.556     2.6962
792.115     1.3168
795.256     0.4389
798.123     0.9092
800.48     1.5362
802.925     1.5049
805.462     1.2227
808.127     1.1287
810.743     1.2227
813.061     1.5049
815.529     1.7243
818.091     1.2541
820.694     0.5016
823.555     0.0941
826.304     -0.2195
828.947     -0.533
831.722     0.3449
833.988     1.7557
836.042     2.1946
838.582     1.7243
841.279     0.8151
844.219     0.5016
847.009     1.2541
849.307     1.8497
851.726     2.1633
854.209     1.787
856.843     1.2541
859.734     1.3795
862.359     1.4108
864.896     1.5676
867.517     1.6616
870.043     1.3795
872.655     0.9719
875.498     0.6584
878.215     0.2822
880.958     0.5016
883.526     0.6584
886.016     1.2227
888.487     1.2541
891.249     1.2854
893.786     1.5989
896.312     1.2854
899.044     1.1914
901.619     1.8811
904.105     2.1946
906.636     2.3827
909.198     1.6616
912.21     0.3762
915.308     0.0941
918.02     0.627
920.57     0.9405
923.064     1.0346
925.684     0.533
928.559     -0.1568
931.377     -0.5643
934.194     0.1568
936.612     1.4422
938.709     1.8811
941.322     1.7243
944.059     1.9752
946.559     1.4735
949.517     0.5957
952.451     0.7838
955.04     1.5676
957.51     2.0065
960.013     2.1633
962.592     1.787
965.445     0.8778
968.374     0.3449
971.28     0.3762
973.943     0.627
976.474     0.627
979.21     1.1914
981.681     1.693
984.08     1.3168
986.933     0.5016
989.804     0.6584
992.388     1.3481
994.932     1.7243
997.436     1.5049
1000.194     1.3481
1002.978     1.4735
1005.499     1.5676
1008.151     1.7243
1010.87     1.693
1013.47     1.6303
1016.186     1.4108
1018.949     1.1287
1021.661     0.5016
1024.609     0.6897
1027.219     1.3795
1029.611     1.2854
1032.431     1.3168
1035.083     1.4422
1037.73     1.2227
1040.545     1.0346
1043.22     1.4735
1045.817     1.7557
1048.452     1.5049
1051.148     1.4108
1053.905     1.1914
1056.648     1.6616
1059.146     1.9125
1061.865     1.9125
1064.575     1.6616
1067.134     0.8151
1070.058     0.6584
1072.732     1.0346
1075.367     0.9719
1078.129     1.1914
1080.728     1.4108
1083.431     1.3168
1086.126     1.2227
1088.784     0.8151
1094.457     0.8465
1097.135     0.8465
1099.939     1.1287
1102.465     1.3168
1105.137     1.5676
1107.882     1.5362
1110.545     1.693
1113.28     2.0379
1115.925     1.7557
1118.683     1.5362
1121.603     1.8497
1124.228     2.0379
1126.827     1.3795
1129.828     0.6897
1132.766     0.6897
1135.512     1.0973
1138.183     1.6616
1140.676     1.7243
1143.427     1.2854
1146.379     0.9405
1149.211     1.0346
1151.947     1.1914
1154.677     1.2541
1157.297     1.8811
1159.925     1.9752
1162.666     1.9752
1165.308     1.4422
1168.365     0.627
1171.398     0.6897
1174.071     1.3168
1176.668     2.3827
1178.964     2.5081
1181.683     1.5362
1184.874     -0.4389
1188.227     0.5016
1190.728     1.5676
1193.197     2.0692
1195.695     1.5362
1198.684     0.2508
1201.903     -0.0627
1204.724     0.6897
1207.331     1.8184
1209.679     2.0065
1212.346     1.2541
1215.509     1.3481
1218.218     1.5676
1220.968     1.4108
1223.804     1.7243
1226.366     2.0065
1229.085     1.5362
1232.064     1.5049
1234.789     0.8465
1237.884     0.8778
1240.672     1.2854
1243.254     1.0973
1246.221     0.6897
1249.153     0.3762
1252.011     0.4076
1254.835     1.2854
1257.195     1.787
1259.829     1.787
1262.753     1.3481
1265.59     1.0033
1268.532     1.1914
1271.262     1.6303
1273.807     2.0379
1276.567     1.8811
1279.429     1.5989
1282.318     1.3481
1285.295     1.2541
1288.162     1.066
1290.957     1.7557
1293.553     2.1633
1296.14     1.1914
1299.336     0.2195
1302.626     -0.1568
1305.432     0
1308.251     0.9092
1310.835     2.1946
1313.187     2.3514
1316.032     1.7557
1319.027     1.1287
1322.012     0.9405
1324.953     1.1914
1327.724     1.5049
1330.422     1.16
1333.405     0.627
1336.358     0.9719
1339.092     2.3827
1341.569     3.0725
1344.129     2.4141
1347.281     1.2227
1350.567     0.1254
1353.67     0.1254
1356.578     1.1914
1359.109     1.5049
1361.801     1.3795
1364.783     1.3168
1367.661     1.2541
1370.491     1.066
1373.484     0.8778
1376.367     1.0973
1379.159     2.2573
1381.711     2.6649
1384.371     1.9125
1387.519     1.0033
1390.714     0.4703
1393.641     0.7524
1396.459     1.787
1398.975     2.1946
1401.687     1.787
1404.755     1.3168
1407.755     1.0973
1410.612     1.2854
1413.524     1.1287
1416.418     1.0973
1419.243     1.0973
1422.193     1.0346
1425.023     1.5676
1427.818     1.8184
1430.647     1.787
1433.425     1.16
1436.676     0.533
1439.713     0.7524
1442.385     1.693
1445.016     2.6335
1447.564     2.4141
1450.536     1.693
1453.762     1.1287
1456.757     1.0973
1459.686     1.5049
1462.514     1.5989
1465.291     1.3168
1468.269     1.0973
1471.215     1.3481
1473.954     1.6616
1476.746     0.6897
1479.926     0.3762
1482.936     1.1287
1485.693     2.0065
1488.267     1.8497
1491.155     1.2854
1494.281     1.3168
1497.121     1.3481
1500.014     1.2854
1502.99     1.2854
1505.768     1.5989
1508.622     1.787
1514.333     1.4735
1517.347     0.8778
1520.416     0.6584
1523.278     0.9092
1526.243     1.5989
1528.943     1.5676
1531.851     0.9405
1535.035     0.8465
1537.85     1.3168
1540.625     1.2541
1543.659     1.066
1546.589     1.3168
1549.443     2.0379
1552.123     2.4768
1554.783     1.9752
1557.976     0.7211
1561.299     0.5643
1564.177     1.9752
1566.69     2.6962
1569.276     1.9125
1572.429     0.9092
1575.756     0.5016
1578.729     0.9092
1581.52     1.066
1584.464     0.5643
1587.495     0.4389
1590.467     0.9092
1593.231     1.1914
1595.934     1.2227
1598.915     1.5049
1601.775     1.6303
1604.562     1.3795
1607.571     1.2541
1610.532     1.2541
1613.42     1.16
1616.49     2.1006
1619.027     2.4768
1621.808     1.9438
1624.97     1.1287
1628.04     1.2541
1631.005     1.3481
1633.949     1.4422
1636.716     1.3168
1639.781     1.0033
1642.806     1.2541
1645.561     1.4422
1648.474     0.7838
1651.59     0.9092
1654.471     1.6616
1657.255     1.8497
1660.052     1.5989
1663.035     0.8151
1666.313     0.5016
1669.364     1.4108
1672.064     2.1319
1674.774     2.0692
1677.688     2.0379
1680.727     1.3795
1683.926     0.9719
1687.015     1.1914
1690.031     1.2541
1692.976     1.6303
1695.788     1.3481
1698.979     1.0973
1702.004     1.16
1704.954     1.5989
1707.797     2.4454
1710.392     3.2606
1713.18     3.3546
1716.208     3.5427
1719.068     5.3611
1721.6     8.559
1723.513     11.1925
1725.539     13.1677
1727.929     14.7039
1730.364     17.5256
1732.368     21.7267
1734.087     24.8305
1735.979     28.2792
1737.802     30.6933
1740.028     34.9884
1741.506     39.315
1743.136     43.955
1744.633     47.8113
1746.239     52.1064
1747.832     55.7432
1749.628     59.4427
1751.298     63.2676
1753.05     67.4374
1754.644     72.1088
1756.058     77.1878
1757.484     82.3294
1758.655     86.4679
1760.239     91.4528
1761.666     95.1836
1763.325     98.4442
1765.316     103.1469
1766.787     108.1632
1768     113.0854
1769.412     116.5341
1771.261     120.6725
1772.776     125.5007
1774.252     131.238
1775.262     136.5991
1776.421     141.1765
1777.976     144.5938
1779.788     147.6349
1781.739     151.0209
1783.687     155.9118
1784.943     166.6967
1784.305     172.1206
1785.547     177.3249
1786.654     181.432
1788.274     185.2255
1790.059     189.0504
1791.769     193.6905
1793.303     199.3024
1794.351     203.9738
1795.691     209.6485
1796.832     213.348
1798.539     214.2258
1800.758     214.0064
1801.527     211.1534
1802.301     208.7706
1801.234     207.5479
1800.917     201.6852
1801.197     200.5565
1798.74     199.3651
1798.627     195.3521
1798.066     194.8505
1796.951     196.1046
1796.474     195.5716
1796.446     195.6656
1796.476     197.5467
1796.377     198.2992
1797.061     198.0797
1797.543     199.8981
1797.464     200.0862
1798.168     200.3997
1798.36     200.3057
1798.485     200.7446
1798.431     201.1208
1798.496     200.0862
1798.701     199.5533
1798.568     200.9327
1798.137     200.8073
1797.866     200.8073
1797.501     198.9576
1797.867     197.5154
1798.189     198.9889
1797.741     199.3024
1797.593     198.1111
1798.159     197.7035
1798.334     196.7943
1798.699     198.8635
1798.066     199.8981
1797.678     200.5879
1797.58     201.9046
1797.197     202.4063
1796.974     201.7792
1797.271     200.337
1797.697     199.7414
1797.773     198.6754
1798.203     199.083
1798.038     200.5252
1797.487     203.096
1796.662     202.8452
1796.617     200.9327
1797.265     199.71
1797.68     198.2678
1798.085     198.4873
1798.063     199.8668
1797.501     199.71
1797.497     199.6473
1797.602     198.7381
1797.926     198.8008
1797.977     199.8981
1797.6     200.4938
1797.336     200.4938
1797.356     201.2462
1797.154     202.4376
1796.666     201.6538
1796.989     200.7133
1797.35     200.243
1797.415     198.5814
1798.015     198.2992
1798.142     199.2711
1797.755     198.3619
1798.053     198.0797
1798.143     198.3305
1797.975     198.2051
1798.085     198.6754
1797.879     200.1803
1797.285     200.4311
1797.164     200.3057
1797.185     199.6473
1797.534     199.3338
1797.645     199.8981
1797.365     199.8041
1797.465     199.9922
1797.406     199.7414
1797.507     200.2743
1797.337     200.9327
1797.041     200.6506
1797.22     199.616
1797.56     199.71
1797.559     199.2084
1797.881     199.9295
1797.558     200.4311
1797.367     200.4938
1797.372     200.7133
1797.246     201.403
1797.048     201.2149
1797.102     200.6506
1797.282     200.1803
1797.458     201.1208
1797.107     201.4344
1796.975     201.0581
1797.186     200.3057
1797.42     198.9576
1797.783     199.2084
1797.761     199.8041
1797.575     199.177
1797.766     199.9608
1797.568     199.616
1797.691     199.5846
1797.628     198.2992
1798.085     198.55
1797.958     200.2116
1797.358     202.1554
1796.772     202.5944
1796.556     201.1208
1797.081     198.0797
1798.133     198.3619
1797.964     198.3619
1798.011     198.1424
1798.08     198.55
1797.843     199.5533
1797.555     199.2711
1797.604     199.9608
1797.349     200.3997
1797.221     202.3435
1796.463     204.4755
1795.782     202.03
1796.559     200.1803
1797.076     199.8668
1797.271     199.8041
1797.35     201.2776
1796.851     202.7511
1796.367     203.9738
1795.978     203.0646
1796.307     201.4657
1796.834     200.5565
1797.126     200.776
1797.073     200.6819
1797.053     201.4657
1796.755     202.3122
1796.516     202.4376
1796.337     202.469
1796.285     202.2808
1796.39     203.3782
1795.982     203.3782
1796.024     201.2149
1796.788     199.8041
1797.314     200.1176
1797.275     200.7446
1797.036     201.0895
1796.925     200.4938
1797.179     201.2149
1796.924     200.4311
1797.195     200.7446
1797.089     200.0235
1797.349     199.3338
1797.63     199.2084
1797.615     198.3619
1797.969     197.8289
1798.176     199.4278
1797.603     200.7446
1797.193     200.3997
1797.268     200.0549
1797.364     198.9576
1797.768     198.8322
1797.721     200.0862
1797.343     200.9954
1797.019     201.6225
1796.666     199.6787
1797.366     197.7349
1797.963     198.1424
1797.804     199.2084
1797.51     200.3997
1797.106     200.4311
1797.169     200.0862
1797.307     200.243
1797.17     198.3932
1797.901     198.1111
1797.992     198.6754
1797.832     199.083
1797.73     198.8949
1797.773     197.2019
1798.326     197.484
1798.168     197.2019
1798.3     197.5467
1798.162     197.9857
1798.081     199.5219
1797.555     200.337
1797.248     200.3997
1797.268     200.3057
1797.321     200.4311
1797.226     201.2462
1796.976     202.03
1796.596     203.0019
1796.287     203.3468
1796.295     201.9673
1796.737     200.8073
1797.198     200.4311
1797.378     199.7727
1797.517     200.4625
1797.294     200.1176
1797.474     201.6538
1796.848     201.1835
1796.992     201.3403
1796.866     199.71
1797.309     199.7727
1797.329     200.9014
1796.874     200.1803
1797.129     199.9922
1797.192     200.0862
1797.202     200.1803
1797.311     201.1208
1797.013     200.1489
1797.296     200.2116
1797.301     201.9673
1796.585     200.8387
1796.848     201.403
1796.725     201.2462
1796.788     200.4938
1797.075     199.2084
1797.505     200.4625
1797.059     201.9673
1796.565     202.7198
1796.294     201.9673
1796.507     200.8387
1796.931     201.2462
1796.762     202.0927
1796.397     202.03
1796.47     201.2149
1796.71     201.8106
1796.55     202.5003
1796.363     200.6506
1797     200.6192
1797.048     201.0895
1796.867     200.1176
1797.171     199.5846
1797.357     198.9262
1797.528     198.8322
1797.58     198.8322
1797.591     197.4213
1798.085     197.8289
1797.988     199.3338
1797.468     199.7727
1797.267     198.5814
1797.644     199.3338
1797.358     200.9641
1796.821     200.7446
1796.906     199.6473
1797.257     200.3997
1796.986     201.2149
1796.715     201.5598
1796.598     200.3684
1797.044     199.1457
1797.432     197.7349
1796.866     194.4116
1795.497     190.8688
1794.275     186.4483
1793.419     180.4287
1792.87     176.8547
1791.627     173.0925
1790.538     170.7411
1788.787     164.9724
1788.34     158.8902
1787.912     157.1972
1785.99     155.0339
1784.368     150.1117
1783.525     145.5971
1782.565     142.2738
1781.285     137.9473
1780.266     132.4921
1779.719     127.9774
1778.842     125.0931
1777.272     122.146
1775.854     118.666
1774.605     115.7816
1773.014     110.7027
1772.334     105.9059
1771.49     100.7956
1770.737     97.1901
1769.626     93.6787
1768.299     88.8192
1767.503     85.3078
1766.323     82.1413
1764.812     77.7834
1763.882     73.9272
1762.798     70.0082
1761.568     66.5909
1760.309     63.832
1758.848     59.4741
1757.735     56.7465
1756.263     54.0502
1754.765     49.9432
1753.646     44.8956
1752.95     40.6004
1751.895     37.9982
1750.286     34.8003
1748.963     30.9754
1747.759     26.5235
1746.777     22.9181
1745.577     19.2499
1744.298     16.2715
1742.891     13.1363
1741.494     11.0044
1739.695     10.4087
1737.521     7.399
1736.03     4.0757
1734.656     2.5708
1732.775     1.0033
1730.826     0.5957
1728.473     0.7524
1726.034     1.066
1723.38     1.5676
1720.74     1.5989
1718.37     1.2227
1715.934     0.8465
1713.68     0.533
1711.395     0.0941
1709.001     0.0941
1706.568     0.533
1704.028     0.8465
1701.426     0.6897
1699.119     0.7838
1696.628     0.533
1694.217     0.4389
1691.884     0.4076
1689.394     1.2541
1686.668     1.5676
1684.181     1.7243
1681.575     1.9125
1676.76     1.3168
1674.382     1.2227
1672.012     1.5049
1669.546     1.8497
1666.923     1.7557
1664.433     1.5049
1662.002     0.533
1659.893     0.0941
1657.703     0.2822
1655.133     0.9719
1652.434     1.787
1649.746     1.8497
1647.156     1.0973
1645.009     0.4076
1642.799     0.7838
1640.134     1.693
1637.445     2.1633
1634.806     2.226
1632.2     1.9438
1629.967     1.2541
1627.71     1.5676
1625.014     2.0379
1622.416     1.693
1620.001     1.2227
1617.732     0.9405
1615.395     0.5016
1612.933     1.1287
1610.272     1.5049
1607.685     0.8778
1605.318     0.2195
1603.155     0.533
1600.564     1.0033
1597.841     1.6303
1595.211     2.1319
1592.519     1.6616
1590.157     1.1914
1587.836     1.6303
1585.134     1.9752
1582.516     1.4108
1580.222     1.066
1577.744     1.5362
1575.094     1.5676
1572.619     1.5362
1570.05     1.8497
1567.464     1.0973
1565.176     0.4703
1562.804     0.7838
1560.333     1.16
1557.642     1.5049
1554.94     1.3481
1552.565     1.0033
1550.077     0.8151
1547.567     0.8778
1545.044     1.6303
1542.179     1.5049
1539.71     1.16
1537.347     0.7838
1534.89     1.16
1532.245     1.7557
1529.501     1.9752
1526.816     1.5362
1524.511     1.16
1522.085     1.16
1519.506     1.3795
1517.014     1.8497
1514.265     1.5362
1511.844     1.3168
1509.417     1.1914
1506.849     1.6616
1504.215     2.0065
1501.607     1.6616
1499.119     1.066
1496.841     0.3135
1494.548     0.2508
1491.917     0.627
1489.356     1.7243
1486.421     2.5395
1483.565     2.1006
1481.286     1.5362
1478.924     1.4108
1476.377     1.3795
1473.871     1.3795
1471.297     1.4108
1468.764     1.16
1466.4     1.3481
1463.757     1.693
1461.113     1.9438
1458.449     2.0065
1455.765     1.3481
1453.55     0.7524
1451.136     0.4076
1448.679     0.533
1446.198     1.693
1443.184     2.0692
1440.487     1.4735
1438.277     0.5016
1436.006     0.2195
1433.559     1.0033
1430.808     2.6649
1427.598     3.1665
1424.88     2.2887
1422.671     0.8778
1420.554     -0.5643
1418.621     -0.1881
1415.971     1.6616
1412.718     2.853
1409.797     2.5708
1407.288     1.066
1405.213     0.3762
1402.946     1.0033
1400.107     1.7243
1397.378     0.9405
1395.158     0.9092
1392.542     1.2227
1389.919     1.3168
1387.386     1.9125
1384.558     2.1946
1381.889     1.3795
1379.559     0.1254
1377.421     0.7524
1374.765     1.7243
1371.788     2.1633
1369.071     2.0379
1366.643     1.5049
1364.203     0.6584
1361.989     0.7524
1359.404     1.4735
1356.481     2.1633
1353.757     2.5708
1351.071     2.0379
1348.578     1.0033
1346.428     -0.3135
1344.237     -0.5016
1341.617     0.7838
1338.691     2.4454
1335.517     3.0098
1332.783     2.1006
1330.606     0.5016
1328.47     0.2508
1325.975     0.7524
1323.33     2.0065
1320.242     2.7589
1317.471     2.0065
1315.136     1.066
1312.782     0.8778
1310.371     1.3795
1307.653     1.5676
1304.905     1.5676
1302.368     0.9719
1297.406     0.9092
1294.879     1.2227
1292.068     2.0692
1289.202     2.1633
1286.632     1.4422
1284.224     0.2195
1282.091     0.2508
1279.605     1.5676
1276.585     3.0098
1273.574     2.853
1271.001     1.3795
1268.89     0.7211
1266.633     0.7838
1263.923     1.2854
1261.142     2.0692
1258.313     2.226
1255.545     1.5362
1253.283     0.6897
1251.058     0.3449
1248.533     0.7838
1245.889     1.1914
1243.135     1.16
1240.462     1.6303
1237.718     1.6616
1235.091     1.2227
1232.603     1.066
1230.156     0.9719
1227.556     1.0973
1224.918     1.9438
1222.052     2.6022
1219.14     2.4141
1216.63     1.787
1214.263     1.066
1211.808     0.5957
1209.414     1.066
1206.702     1.7243
1203.831     2.1633
1201.103     1.787
1198.537     1.2227
1196.06     0.7524
1193.682     0.3135
1191.163     0.627
1188.482     1.2227
1185.758     1.7243
1182.884     2.3827
1180.081     2.2573
1177.555     1.1914
1175.18     0.627
1172.824     1.16
1169.991     1.8811
1167.13     2.0692
1164.545     1.9752
1161.898     1.3795
1159.406     1.066
1156.99     0.7524
1154.408     0.5643
1151.835     0.5957
1149.219     1.4735
1146.227     1.6616
1143.631     1.2854
1141.101     1.0346
1138.419     0.7838
1135.966     0.5016
1133.435     0.9719
1130.608     1.8497
1127.736     2.0379
1124.952     2.0692
1122.336     1.787
1119.889     1.2541
1117.297     0.9719
1114.756     1.1914
1112.103     1.5676
1109.218     1.5049
1106.587     2.1633
1103.779     1.0033
1101.51     0.2508
1099.17     -0.0314
1096.644     0.4703
1093.78     1.6303
1090.792     2.5395
1087.8     2.1006
1085.317     0.9405
1083.163     -0.0941
1080.762     0.2822
1077.966     1.4422
1075.004     2.4454
1071.933     2.6962
1069.259     1.9125
1066.929     0.8151
1064.607     0.3762
1062.182     0.8465
1059.328     1.4735
1056.38     1.6616
1053.815     1.7243
1051.094     1.9752
1048.336     1.9438
1045.83     1.3795
1043.28     0.6584
1040.93     0.3135
1038.436     0.7211
1035.562     1.0033
1032.877     1.3168
1030.128     2.1319
1027.095     2.0065
1024.658     0.8778
1022.393     0.1568
1019.917     0.3135
1017.3     1.4735
1014.302     2.5708
1011.34     2.4141
1008.772     1.5362
1006.308     0.7524
1003.958     0.5957
1001.458     1.066
998.578     1.3481
995.924     1.4735
993.271     1.4108
990.546     1.5049
987.924     1.4735
985.277     0.9719
982.789     0.5643
980.369     0.2508
977.833     0.7838
975     1.8497
972.06     2.6022
969.022     2.0379
966.587     1.2541
964.284     0.4389
961.866     0.0941
959.424     1.2227
956.374     2.4141
953.239     2.7589
950.559     1.8811
948.172     0.627
945.909     0.7838
943.271     1.2854
940.381     1.8497
937.563     1.6616
935.027     0.9719
932.514     0.6897
930.01     1.5676
927.091     1.6303
924.349     0.6584
922.157     0.1568
919.69     0.5016
916.801     1.5362
913.84     2.8844
910.715     2.6649
905.552     1.2227
903.347     0.3135
900.997     0.4703
898.401     1.16
895.385     1.7243
892.541     2.0379
889.882     1.5676
887.3     0.7211
885.013     0.7211
882.345     1.0033
879.518     1.1914
876.901     0.9719
874.313     0.7211
871.725     0.5643
869.172     0.8151
866.351     1.16
863.535     1.0973
860.961     1.0033
858.294     0.9092
855.741     0.9719
853.167     1.7557
850.16     1.9125
847.491     1.3481
844.993     0.9719
842.364     0.7524
839.87     0.8151
837.186     1.1914
834.369     1.4735
831.632     1.3481
828.928     1.066
826.418     0.8151
823.918     0.7524
821.193     0.7838
818.536     0.8151
815.862     1.4735
812.84     1.787
810.165     1.8811
807.591     1.4108
805.051     1.5362
802.455     1.3795
799.798     1.2541
797.073     1.3168
794.478     1.3795
791.789     1.5049
789.104     1.3168
786.604     0.8465
784.049     0.6897
781.444     1.066
778.659     1.0033
775.903     0.5643
773.472     0.3135
770.941     0.6897
768.062     1.7557
765.169     2.32
762.278     1.5989
759.807     0.5643
757.584     0.4389
754.938     1.5362
751.934     2.1319
749.19     1.693
746.555     1.5362
743.982     0.7524
741.679     0.4389
739.065     1.2854
736.147     1.4108
733.452     1.2227
730.811     1.5989
728.109     1.4422
725.5     0.9092
722.95     0.4703
720.54     0.1881
717.962     0.5643
715.151     1.9438
712.109     2.4768
709.172     1.3168
706.907     0.0627
704.685     -0.1568
702.019     1.4422
698.892     2.226
695.984     2.0065
693.323     0.9719
691.084     0.1881
688.682     0.8778
685.78     1.3795
683.02     1.16
680.358     1.2854
677.658     1.0033
675.18     1.066
672.47     1.2854
669.774     1.5362
667.079     1.1287
664.47     0.5957
662.061     0.1881
659.505     1.2541
656.418     2.8216
653.339     2.2573
650.831     0.9405
648.599     -0.1881
646.371     -0.0627
643.624     1.6303
640.403     2.32
637.579     1.787
635.024     0.8151
632.623     0.8465
629.996     1.066
627.275     1.0346
624.711     1.0346
621.98     1.6616
618.975     1.8184
616.342     1.6616
613.764     0.9092
611.262     0.0941
608.975     0.2195
606.217     0.8465
603.263     1.787
600.36     2.3827
597.401     1.8497
594.951     0.3135
592.866     0.0941
590.152     1.3168
587.075     2.0379
584.162     1.9752
581.51     0.7211
579.377     -0.3135
577.049     0.9405
573.831     2.0692
570.905     1.5049
568.429     0.5016
566.048     0.533
563.391     1.2541
560.374     1.6303
557.589     0.9405
555.196     0.4389
552.588     0.5957
549.925     1.2227
547.081     1.8184
544.091     1.5362
541.55     0.5016
539.264     0.5957
536.496     1.1287
533.704     1.5676
530.762     1.5989
528.042     1.1287
525.643     1.4422
522.79     1.0973
520.333     0.7838
517.771     0.5016
515.188     0.7211
509.752     1.6303
506.739     2.2887
503.957     1.0346
501.694     0.6897
499.095     0.8778
496.421     1.1914
493.594     1.5362
490.841     1.5049
488.298     1.0346
485.732     0.5016
483.26     0.6897
480.539     1.3481
477.585     1.6303
474.9     1.4108
472.275     0.627
469.784     -0.2195
467.507     -0.1881
464.839     1.1287
461.714     2.1633
458.8     1.693
456.281     0.2508
454.101     -0.2195
451.655     1.0033
448.526     1.7243
445.619     1.1914
443.267     0.8151
440.679     0.7524
438.116     1.1287
435.321     1.7243
432.43     1.7243
429.824     0.9405
427.328     0.4076
424.835     0.5957
422.239     0.5957
419.524     0.4703
416.909     0.7838
414.224     1.0346
411.387     1.4735
408.596     1.3795
405.997     0.5957
403.537     -0.2195
401.239     0.533
398.347     1.7557
395.192     2.0379
392.48     1.7243
389.814     0.7211
387.491     0.0941
385.135     0.4389
382.298     1.6303
379.21     1.8184
376.473     1.2854
373.923     0.5016
371.578     -0.1254
369.149     -0.0314
366.371     1.1914
363.33     2.32
360.31     1.6303
357.834     0.3135
355.722     -0.2822
353.241     0.6584
350.264     2.2887
347.127     2.5081
344.285     0.7838
342.217     -0.2195
340.015     0.5957
337.008     1.5676
334.099     1.5362
331.551     1.16
328.938     0.7524
326.481     0.8465
323.77     1.16
320.965     1.1287
318.407     0.2822
316.062     -0.5643
313.655     -0.0941
310.927     0.9405
307.876     2.1319
304.789     2.226
302.199     1.066
299.877     0.533
297.468     0.8465
294.793     1.0033
292.045     1.3168
289.37     1.4735
286.706     1.4422
284.054     1.1287
281.618     0.8151
279.119     0.3135
276.809     0.7524
274.086     1.3481
271.158     1.0346
268.696     0.6897
266.228     0.5957
263.602     0.6584
261.007     0.8778
258.317     0.8465
255.691     1.2854
253.004     1.693
250.188     1.066
247.8     0.8151
245.374     1.066
242.563     1.2854
239.93     1.16
237.509     0.9405
234.92     1.1287
232.34     1.0973
229.818     0.9092
227.245     1.4422
224.537     1.4422
221.958     0.4076
219.672     0.1881
217.266     0.9405
214.39     1.4422
211.557     1.4108
209.14     1.3168
206.577     0.627
204.315     0.4076
201.894     0.9092
198.998     1.9125
196.115     2.32
193.539     1.4735
191.215     0.3449
189.081     0.3135
186.512     1.3795
183.577     1.7557
180.975     1.0973
178.645     0.7211
176.167     0.4389
173.788     0.4389
171.156     0.5957
168.576     0.5016
166.128     0.4703
163.528     0.8151
160.936     1.2854
158.244     1.4422
155.627     1.3795
153.174     1.7243
150.561     1.693
147.961     1.3481
145.608     0.6897
143.31     0.7211
140.762     1.4735
138.026     1.7557
135.252     1.3795
132.853     0.533
130.759     0.5016
128.18     0.7838
125.557     0.6584
120.43     0.3449
118.135     0.627
115.523     0.7211
112.911     0.5957
110.536     0.7838
107.888     1.0346
105.255     1.5049
102.668     1.4735
100.214     1.1914
97.819     1.0033
95.486     1.6303
92.695     2.2573
90.044     1.4108
87.934     0.1568
85.743     0
83.332     0.533
80.661     1.5362
77.794     1.9752
75.259     1.5362
72.943     0.533
70.814     -0.3762
68.757     -0.4389
66.303     0.3449
63.62     1.7243
60.771     2.226
58.09     2.1006
55.793     1.8184
53.555     1.3481
51.271     0.7211
49.228     1.3481
46.666     2.0379
44.02     1.8184
41.786     1.2854
39.623     0.9405
37.364     1.0973
34.977     1.0033
32.56     0.7524
30.353     0.7211
28.077     0.6897
25.675     0.7524
23.377     0.5643
21.18     0.4076
18.894     0.627
16.611     0.9405
14.187     1.2541
11.747     1.0346
9.633     0.9405
7.373     1.5989
4.811     2.0692
2.453     1.2541
0.37     0.4076
-1.604     0.3762
-3.739     0.627
-6.002     1.066
-6.741     1.4735
-6.858     1.4735
-6.926     0.4076
-6.611     -0.3762
-6.414     0.1568
-6.74     0.6584
-7.083     1.0346
-7.315     1.4108
-7.588     0.7211
-7.584     0
-7.517     0.4389
-7.76     1.16
-8.099     1.8497
-8.494     2.0065
-8.673     1.3168
-8.549     0.4076
-8.376     0.1568
-8.375     0.7524
-8.691     1.1914
-8.96     0.2508
-8.741     -0.4076
-8.559     0.6897
-9.036     1.2541
-9.384     0.9405
-9.377     1.3481
-9.603     -0.0941
-9.261     -0.4076
-9.285     0.7211
-9.699     1.9125
-10.171     2.2887
-10.418     1.5989
-10.263     0.4389
-9.943     -0.1881
-9.84     0.4076
-10.136     1.2854
-10.506     1.0033
-10.499     0.5643
-10.413     0.5016
-10.465     -0.1254
-10.368     -0.0314
-10.519     0.9405
-10.927     1.5049
-11.27     1.787
-11.491     1.2227
-11.414     0.0941
-11.173     0.2195
-11.309     1.787
-11.898     1.8184
-12.013     0.0627
-11.549     0.2195
-11.758     1.6303
-12.346     1.5049
-12.403     1.1287
-12.385     1.0973
-12.526     0.0314
-12.269     -0.627
-12.155     0
-12.504     0.7524
-12.884     0.8778
-12.979     1.1287
-13.179     0.8465
-13.208     0.6584
-13.27     1.1287
-13.508     1.5989
-13.74     0.6897
-13.568     0.0314
-13.412     1.0346
-13.826     1.5676
-14.074     0.4076
-13.77     0.2508
-13.774     1.066
-14.066     1.693
-14.32     1.4422
-14.35     0.7838
-14.205     0.3135
-14.062     0.2508
-14.082     0.3762
-14.229     0.3135
-14.312     1.0346
-14.661     1.8497
-15.005     2.0065
-15.064     1.4422
-14.971     0.8465
-14.879     1.0973
-15.016     1.2541
-15.08     0.5643
-14.904     0.2508
-14.86     0.4389
-14.992     1.4108
-15.337     1.5362
-15.405     0.627
-15.175     0.2822
-15.163     0.627
-15.39     0.6584
-15.531     0.6897
-15.599     0.1881
-15.491     -0.0941
-15.443     0.7838
-15.793     1.4422
-16.089     1.0033
-16.039     0.6897
-15.996     1.3168
-16.203     1.1914
-16.228     0.2822
-16.019     0.1881
-16.05     0.7838
-16.278     0.8778
-16.409     0.4703
-16.386     0.2508
-16.39     0.4703
-16.527     0.9719
-16.718     1.4108
-16.903     1.16
-16.87     0.7211
-16.81     0.7524
-16.899     0.5016
-16.945     0.3762
-16.975     1.0033
-17.251     1.2541
-17.393     1.066
-17.387     0.9719
-17.37     1.066
-17.502     1.0346
-17.632     0.2195
-17.46     -0.0627
-17.406     1.066
-17.851     1.5989
-18.037     1.0033
-17.893     0.1881
-17.726     0.1568
-17.82     0.9092
-18.174     1.1287
-18.301     0.8151
-18.278     0.3135
-18.155     0.2508
-18.175     0.627
-18.402     0.9405
-18.629     0.7838
-18.696     0.8778
-18.738     0.5957
-18.632     0.3135
-18.625     0.7211
-18.883     1.0346
-19.068     0.8151
-19.046     0.533
-18.96     0.3449
-18.985     0.4076
-19.142     0.9092
-19.385     1.0973
-19.491     0.7838
-19.442     0.2195
-19.324     0.0941
-19.292     0
-19.307     0.0314
-19.38     0.9405
-19.756     1.5362
-20.047     0.7838
-19.839     0.3135
-19.742     0.627
-19.932     0.6897
-19.969     0.9719
-20.091     0.9719
-20.185     0.3135
-20.029     -0.0314
-19.944     0
-20.038     0.627
-20.329     1.4422
-20.673     1.693
-20.795     1.1914
-20.656     0.1254
-20.315     -0.6897
-20.164     -0.2508
-20.381     0.1568
-20.556     1.2227
-20.985     2.6022
-21.526     2.226
-21.477     0.3449
-20.902     -0.5016
-20.646     -0.3762
-20.72     0.3135
-21.016     0.7838
-21.254     0.8151
-21.312     0.8151
-21.353     0.3762
-21.257     -0.1254
-21.175     0.4076
-21.393     1.0346
-21.637     0.7838
-21.64     0.5643
-21.634     0.7838
-21.823     0.4389
-21.774     0.1568
-21.72     0.627
-21.932     1.3795
-22.208     1.2227
-22.254     1.0346
-22.289     1.16
-22.42     0.6584
-22.287     0.4076
-22.312     0.7524
-22.496     0.4703
-22.484     -0.2195
-22.308     0.2822
-22.488     1.0033
-22.853     1.4422
-23.07     1.2541
-23.095     0.627
-22.976     0.4076
-22.98     0.3762
-22.969     0.627
-23.086     1.4108
-23.435     1.4108
-23.518     0.4703
-23.194     0.0941
-23.056     0.9405
-23.437     0.7524
-23.436     0.0941
-23.255     0.3449
-23.392     0.5957
-23.54     0.6584
-23.608     0.3762
-23.554     0.5016
-23.597     -0.1254
-23.447     -0.8465
-23.228     -0.3762
-23.419     0.8465
-23.844     1.2854
-23.977     1.16
-24.008     1.3795
-24.087     1.3168
-24.066     0.4076
-23.815     -0.2508
-23.639     0.4389
-23.936     0.5016
-23.879     0.5957
-23.921     1.3168
-24.186     1.0033
-24.08     0.3762
-23.899     0.3762
-23.972     0.4703
-23.998     0.3762
-23.956     0.4389
-24.056     -0.1881
-23.843     -0.4389
-23.836     -0.1254
-24.011     0.3135
-24.149     0.6584
-24.245     0.7524
-24.334     1.2227
-24.488     0.8465
-24.324     0.5957
-24.265     0.4703
-24.265     -0.2822
-24.004     -0.3449
-24.009     0.6897
-24.397     1.1287
-24.566     1.0033
-24.545     0.4076
-24.343     0.0314
-24.226     0.1568
-24.326     0.7524
-24.527     1.1287
-24.655     0.5957
-24.48     0.0627
-24.315     0.0627
-24.335     0.3135
-24.462     0.533
-24.615     1.1287
-24.874     1.0346
-24.853     0.3449
-24.619     -0.0627
-24.549     0.1881
-24.696     0.627
-24.887     0.3135
-24.854     -0.0941
-24.737     0.0314
-24.795     0.2195
-24.921     0.4703
-25.037     1.0973
-25.292     0.7838
-25.248     0.0314
-25.035     -0.4389
-24.891     -0.3762
-24.991     0.1881
-25.192     0.6897
-25.378     0.4389
-25.319     0.2195
-25.297     0.4389
-25.398     0.9719
-25.625     1.2541
-25.737     0.4703
-25.518     0.2195
-25.464     0.5016
-25.591     0.627
-25.665     1.2541
-25.925     0.5957
-25.717     -0.4703
-25.319     0.0941
-25.573     1.3481
-26.082     0.9092
-25.938     -0.4389
-25.492     -0.4389
-25.559     0.4389
-25.878     0.4076
-25.935     0.6897
-26.088     0.9405
-26.163     -0.0941
-25.828     -0.3135
-25.816     1.4735
-26.458     1.8811
-26.633     0.2195
-26.101     -0.8778
-25.719     -0.0627
-25.985     0.8151
-26.34     0.9092
-26.471     0.4076
-26.363     -0.2822
-26.114     -0.1881
-26.12     1.0033
-26.581     0.6897
-26.537     -0.8465
-26.048     -0.4389
-26.285     1.16
-26.859     1.8184
-27.113     1.066
-26.895     -0.627
-26.357     -1.2541
-26.207     0.2195
-26.785     2.1006
-27.397     2.4141
-27.55     0.1568
-26.868     -1.8184
-26.209     -1.2854
-26.421     0.9092
-27.212     1.8497
-27.646     0.627
-27.304     -0.8151
-26.836     -0.627
-26.905     0.0627
-27.259     0.7838
-27.525     1.2854
-27.669     0.5016
-27.492     -0.3449
-27.252     0
-27.379     0.8778
-27.666     0.8151
-27.661     0.9405
-27.755     1.4108
-27.941     0.7838
-27.697     0
-27.41     -0.3135
-27.315     -0.0627
-27.441     0.8465
-27.75     0.5643
-27.675     -0.533
-27.334     -0.1881
-27.446     0.0941
-27.583     0.0941
-27.635     0.3449
-27.71     0.4703
-27.732     0.627
-27.743     0.5643
-27.748     0.4389
-27.674     0.7524
-27.791     0.6584
-27.801     0.533
-27.732     0.4076
-27.768     0.5016
-27.81     0.5957
-27.832     0.3762
-27.804     0.2508
-27.767     0.2822
-27.767     0.3135
-27.772     0.0941
-27.688     0.2822
-27.772     -0.0627
-27.676     0.0627
-27.693     0.9719
-28.022     1.5362
-28.25     1.3481
-28.217     0.5957
-28.004     -0.3449
-27.727     -0.0627
-27.76     0.2822
-27.872     0.7524
-28.047     0.9719
-28.178     0.627
-28.067     0.7524
-28.141     0.8465
-28.204     0.5643
-28.134     -0.2822
-27.868     -0.3762
-27.894     0.1568
-28.127     0.3135
-28.195     0.3762
-28.264     0.3762
-28.295     0.1881
-28.205     0.1568
-28.247     0.627
-28.511     1.0033
-28.68     0.9405
-28.648     0.5016
-28.484     -0.0941
-28.297     -0.0941
-28.365     0.6897
-28.688     0.627
-28.636     0.1568
-28.55     0.5016
-28.719     1.0033
-28.93     0.9719
-28.894     0.9719
-28.909     0.1881
-28.722     -0.4076
-28.578     -0.4076
-28.604     -0.1568
-28.746     0.2822
-28.984     0.5957
-29.126     0.2508
-29.062     0.2195
-29.124     0.3762
-29.203     0.7838
-29.357     1.2227
-29.537     1.0033
-29.547     0.2508
-29.427     -0.3135
-29.325     -0.2195
-29.393     0.3449
-29.59     0.7524
-29.79     1.066
-29.944     1.16
-29.981     0.5957
-29.795     0.1881
-29.662     -0.0627
-29.645     -0.0627
-29.681     -0.2195
-29.639     -0.4076
-29.606     -0.4389
-29.575     0.0314
-29.765     1.0033
-30.11     1.4422
-30.306     1.0033
-30.22     0.3762
-30.028     0.1254
-29.975     0.1254
-29.97     0.2195
-30.022     0.8465
-30.251     0.2508
-30.064     -0.3449
-29.888     0.4703
-30.217     1.0973
-30.487     1.2541
-30.571     0.9719
-30.465     0.9092
-30.413     0.8151
-30.407     0.0941
-30.215     -0.3449
-30.097     -0.0627
-30.256     0.533
-30.458     0.9405
-30.606     1.0033
-30.659     0.627
-30.526     0.4703
-30.509     0.6897
-30.579     0.8151
-30.631     0.5643
-30.557     0.1254
-30.45     -0.1568
-30.38     -0.1254
-30.375     0.2195
-30.487     1.0346
-30.889     1.2227
-30.952     0.9719
-30.857     0.533
-30.766     0.2822
-30.665     -0.0941
-30.516     0.2195
-30.659     -0.0314
-30.595     -0.4076
-30.488     -0.0314
-30.59     1.2541
-31.078     2.0379
-31.354     1.1914
-31.062     -0.1568
-30.605     -0.1881
-30.626     0.0941
-30.721     0.1881
-30.79     0.2822
-30.816     0
-30.726     0.1881
-30.821     1.0346
-31.103     1.0973
-31.15     0.3135
-30.89     0
-30.856     0.1568
-30.904     -0.3449
-30.651     -0.9092
-30.527     0.2195
-30.988     1.3168
-31.308     1.0973
-31.213     1.0973
-31.244     1.5989
-31.414     1.0973
-31.239     0.3449
-31.005     -0.1254
-30.861     -0.1568
-30.918     -0.0314
-30.955     0.3135
-31.078     0.0314
-31.029     -0.2195
-31.001     -0.2195
-30.986     -0.3762
-30.922     0.0627
-31.06     0.627
-31.267     0.9405
-31.353     0.8465
-31.389     0.3135
-31.224     0.1881
-31.166     0.4389
-31.261     0.9719
-31.431     1.1287
-31.557     0.6584
-31.309     0.8465
-31.357     0.4076
-31.329     -0.2822
-31.158     0.2195
-31.39     0.627
-31.528     -0.1568
-31.268     -0.533
-31.062     0.0314
-31.285     0.6897
-31.539     1.0973
-31.688     1.066
-31.761     0.8778
-31.739     0.8151
-31.691     0.8465
-31.712     0.533
-31.69     0.2508
-31.641     0.1254
-31.677     0.3449
-31.814     0.6897
-32.009     0.8151
-32.046     0.6897
-32.014     0.4389
-31.976     0.4076
-31.981     0.0314
-31.859     -0.0941
-31.79     0.0627
-31.849     0.2822
-31.97     0.1568
-31.975     0.0627
-31.995     0.8465
-32.318     1.3795
-32.457     0.7211
-32.234     0.3762
-32.112     0.5957
-32.15     1.0346
-32.335     0.6897
-32.286     0.3762
-32.247     -0.0314
-32.167     0.0627
-32.157     1.0973
-32.481     1.5362
-32.688     0.9405
-32.481     0
-32.156     -0.4076
-32.097     0.2822
-32.351     0.533
-32.436     0.2508
-32.377     0
-32.235     -0.2822
-32.139     0.0627
-32.303     0.8465
-32.579     1.1914
-32.712     1.3795
-32.823     1.066
-32.732     0.3449
-32.467     -0.0627
-32.334     0.1568
-32.429     0.4703
-32.551     0.533
-32.593     -0.1881
-32.416     -0.4703
-32.357     0.8778
-32.84     0.9719
-32.94     -0.4076
-32.446     -0.3762
-32.504     1.4108
-33.105     0.8151
-32.882     0.4076
-32.754     0.4389
-32.739     0.7211
-32.86     1.3481
-33.13     1.4735
-33.204     0.627
-32.949     0
-32.741     0.5016
-32.885     0.4389
-32.864     -0.2822
-32.619     -0.0314
-32.71     0.533
-32.917     0.533
-32.979     0.8151
-33.096     1.0346
-33.191     0.3449
-33.01     -0.1254
-32.855     0.4076
-33.052     1.2854
-33.407     0.7211
-33.2     -0.2508
-32.834     0.1254
-32.946     0.6897
-33.205     0.7838
-33.294     1.16
-33.427     1.7243
-33.67     1.1914
-33.521     -0.3135
-32.985     -0.2508
-33.001     0.8151
-33.388     0.7838
-33.456     -0.0941
-33.195     -0.2508
-33.152     0.1568
-33.311     0.8465
-33.587     1.1914
-33.688     0.3449
-33.401     -0.8151
-32.956     -0.0314
-33.268     1.2541
-33.746     1.8497
-33.969     1.8497
-34.026     1.5362
-33.889     0.9092
-33.65     0.3449
-33.5     0.3762
-33.521     0.3449
-33.537     0.533
-33.637     -0.7211
-33.29     -0.2508
-33.476     0.6897
-33.774     0.1881
-33.635     0.3135
-33.704     0.6897
-33.779     0.9405
-33.885     0.5643
-33.784     0.1881
-33.661     0.5016
-33.762     1.1287
-33.98     2.9784
-34.633     3.0098
-34.607     -0.1254
-33.592     -2.1633
-32.927     -1.1914
-33.277     0.7838
-33.936     2.6335
-34.553     2.9471
-34.664     0.4703
-33.851     -1.787
-33.154     -2.4454
-32.93     -1.0346
-33.398     1.5049
-34.27     3.0098
-34.764     2.8216
-34.685     1.7243
-34.328     -0.4076
-33.6     -0.3449
-33.606     0.7211
-33.962     0
-33.686     -0.2508
-33.612     0.5957
-33.972     1.2854
-34.273     1.0973
-34.225     0.627
-34.087     0.2822
-33.939     0.2508
-33.897     0.6897
-34.129     1.0346
-34.293     0.8778
-34.229     0.1254
-34.037     -0.6584
-33.719     -1.2227
-33.507     -0.3762
-33.768     1.3795
-34.41     2.6962
-34.934     2.7903
-35.003     1.787
-34.652     0.0314
-34.094     -1.1914
-33.684     -0.3449
-33.94     0.8778
-34.339     0.8778
-34.422     2.0065
-34.831     2.4454
-34.98     1.1287
-34.502     -1.2854
-33.663     -2.2573
-33.407     -0.7524
-33.896     1.7243
-34.777     2.6649
-35.164     -0.5016
-34.091     -1.3481
-33.772     0.0627
-34.261     2.0379
-35.04     2.1946
-35.156     0.8151
-34.704     0.4076
-34.535     1.1287
-34.826     1.2227
-34.9     1.16
-34.946     1.0033
-34.935     0.3135
-34.654     -0.3135
-34.431     -0.0314
-34.595     1.1287
-35.051     0.6584
-34.907     0.2822
-34.79     0.9719
-35.023     1.6616
-35.33     1.5989
-35.325     0.7524
-35.069     -0.5957
-34.654     -1.0033
-34.568     1.066
-35.322     3.2919
-36.087     2.853
-35.943     1.16
-35.39     -0.2508
-34.938     -0.8778
-34.704     -0.1254
-34.944     0.9719
-35.326     1.4735
-35.533     1.0973
-35.364     0.5957
-35.183     0.5957
-35.214     0.5643
-35.235     0.4389
-35.24     0.7211
-35.299     1.0346
-35.353     1.0346
-35.342     1.066
-35.384     1.0033
-35.358     0.9405
-35.368     0.8151
-35.32     0.6584
-35.23     -0.1881
-34.933     -0.7211
-34.737     0.0627
-35.029     2.4454
-35.847     3.8563
-36.346     2.5081
-35.889     0.0314
-35.06     -0.9405
-34.699     -0.9719
-34.709     -0.6584
-34.847     0.3762
-35.203     1.693
-35.659     1.7243
-35.654     0.4076
-35.166     0.5016
-35.156     1.16
-35.406     1.5676
-35.539     1.2854
-35.427     0.627
-35.303     0.5643
-35.287     0.6897
-35.345     1.0033
-35.483     1.1287
-35.557     0.4703
-35.386     -0.1254
-35.148     0.3135
-35.26     1.7243
-35.738     2.4454
-35.982     1.6616
-35.722     0.3135
-35.265     -0.3449
-35.057     0.0627
-35.196     0.7524
-35.429     1.9752
-35.828     2.0379
-35.876     1.0973
-35.557     1.0973
-35.557     1.3481
-35.626     0.7211
-35.403     0.2195
-35.207     0.7211
-35.419     1.4422
-35.726     0.4389
-35.412     -0.4389
-35.12     0.3135
-35.406     0.7524
-35.57     1.4422
-35.762     1.9438
-35.932     1.1914
-35.672     0.9719
-35.582     1.5362
-35.794     1.066
-35.624     -0.2822
-35.141     -0.5643
-35.077     1.5989
-35.91     3.7308
-36.611     2.6022
-36.213     0.4076
-35.511     0.1881
-35.384     0.533
-35.496     0.0314
-35.321     0
-35.378     0.8465
-35.722     1.5989
-35.993     2.226
-36.227     2.4141
-36.285     1.5362
-35.982     0.533
-35.627     0.533
-35.642     -0.1881
-35.45     -0.1568
-35.471     1.0973
-35.87     2.6335
-36.386     1.7243
-36.14     0.2508
-35.625     0.3762
-35.652     1.3168
-35.976     1.2227
-35.97     0.7211
-35.831     0.8151
-35.884     1.0346
-35.943     1.4735
-36.081     0.7838
-35.837     -0.2508
-35.544     0.627
-35.872     2.4454
-36.515     2.6649
-36.621     1.5362
