Distance_nm     Force_uN
0     -0.729
0.592     -2.511
3.028     -6.561
10.319     -8.424
17.593     -4.617
25.081     1.377
32.898     2.187
39.991     0.81
47.38     0.729
54.901     -2.997
62.142     -5.346
69.663     -3.888
77.003     0.81
84.03     6.48
91.567     5.589
98.776     -2.349
105.786     -4.131
113.34     -2.349
120.219     -2.835
127.493     -0.891
135.113     2.268
142.239     1.296
149.332     -3.321
155.948     -5.265
162.925     -5.67
170.331     -6.966
177.539     -2.916
184.682     -0.567
192.203     -2.268
199.213     0.567
206.471     1.296
213.745     -1.215
220.641     -0.324
227.915     2.268
235.304     1.863
242.397     -0.648
249.77     -3.321
256.813     -2.916
263.89     -0.162
271.46     1.62
278.586     1.944
285.844     -1.377
293.364     -5.913
300.359     -8.748
307.616     -8.343
314.956     -4.455
321.934     -0.081
329.225     -0.243
336.482     -0.486
343.624     2.187
351.228     1.944
358.288     0.162
365.447     -2.511
372.836     -5.265
379.83     -2.025
387.203     3.159
394.691     4.293
401.8     1.539
409.223     -2.187
416.579     -4.536
423.441     -4.05
430.847     -2.997
438.138     -2.754
445.132     -2.349
452.784     -1.053
460.059     -0.81
467.217     -3.888
474.557     -4.617
481.634     -2.997
489.023     -2.187
496.462     0.243
503.423     2.673
510.878     3.159
518.399     2.673
525.344     2.997
532.783     2.349
540.007     -2.349
547.281     -5.346
554.884     -6.399
562.093     -5.751
569.005     -0.729
576.377     3.969
583.586     2.106
591.222     -2.673
598.529     -4.293
605.589     -4.293
613.406     -4.779
620.647     -3.159
627.608     0.567
635.294     -0.972
642.667     -1.863
650.089     1.377
657.774     4.86
664.917     4.05
672.257     -0.972
679.81     -3.159
686.969     -5.265
694.704     -4.05
702.159     0.567
709.269     -2.106
716.757     -4.617
724.014     1.053
731.189     2.43
738.842     -3.807
746.083     -4.455
753.456     -0.972
761.207     -3.078
768.481     -5.67
776.052     0.405
783.177     2.835
790.419     -1.863
798.236     -0.324
805.724     0.648
813.08     -4.779
820.782     -4.779
828.007     2.754
835.248     1.863
842.999     -2.916
850.29     1.782
857.761     -1.701
865.381     -5.589
872.638     2.997
880.209     -1.458
887.548     -1.701
894.674     2.511
902.557     0.567
909.963     -3.807
917.352     -0.243
925.235     2.43
932.608     -2.592
940.047     -4.455
947.979     -2.835
955.253     -3.564
962.741     -1.215
970.262     3.564
977.519     -0.972
985.139     -6.48
992.808     -2.106
1000.214     -0.648
1007.916     -7.29
1015.371     -4.86
1030.61     3.483
1037.95     1.458
1045.389     -2.835
1053.123     0.486
1060.414     1.053
1068.001     -2.025
1075.735     -0.567
1082.878     0.162
1090.679     -2.025
1098.216     -0.405
1105.622     0.891
1113.472     -2.997
1120.927     -4.455
1128.513     -2.349
1136.281     -2.754
1143.638     -4.131
1151.455     -3.159
1159.14     -1.701
1166.513     -2.916
1174.231     -2.592
1181.67     -0.648
1189.059     0.081
1196.959     1.377
1204.611     1.458
1212.214     -1.134
1219.949     -1.701
1227.338     -0.972
1234.81     0.081
1242.759     -0.486
1250.28     -0.648
1258.047     -0.891
1265.864     -1.134
1273.155     -4.698
1281.038     -7.695
1288.592     -4.455
1296.03     -1.458
1304.045     -1.134
1311.566     -1.539
1319.07     -2.592
1327.151     -2.916
1334.54     0.567
1342.127     4.536
1350.092     3.645
1357.3     -2.997
1365.282     -3.888
1373.148     -0.648
1380.587     -1.215
1388.486     -0.486
1396.254     -1.296
1403.759     -4.941
1411.609     -4.212
1419.212     -1.701
1426.914     -0.972
1434.698     -2.754
1442.285     -3.888
1450.118     -2.106
1457.886     -1.458
1465.193     -1.296
1473.208     -0.648
1481.074     -0.972
1488.694     -1.215
1496.807     1.377
1504.427     2.43
1512.079     -0.648
1520.045     -3.969
1527.582     -4.374
1535.481     -2.754
1543.611     -1.134
1551.066     -3.24
1559.048     -4.374
1566.98     -1.458
1574.254     -1.053
1582.187     -1.539
1589.938     -2.592
1597.59     -3.078
1605.786     -1.782
1613.439     -0.972
1621.108     -0.648
1629.073     0
1636.512     0.243
1644.444     0.486
1652.557     -1.215
1660.062     -1.782
1668.06     0.405
1676.058     -0.729
1683.924     -3.564
1691.956     -7.128
1699.608     -2.106
1707.491     -1.539
1715.703     -3.24
1723.208     -3.321
1730.909     -1.782
1739.138     -0.567
1746.642     -1.377
1754.674     -1.62
1762.803     -0.972
1770.324     1.701
1778.372     3.24
1786.386     1.539
1793.94     -1.215
1802.07     -2.916
1809.821     -2.754
1817.704     -3.645
1825.999     -4.131
1833.618     -1.62
1841.534     -2.349
1849.697     -4.617
1857.399     -3.807
1865.496     -3.645
1873.395     -3.321
1881.13     -2.268
1889.474     -1.944
1897.686     -1.296
1905.437     0.486
1913.435     3.402
1921.318     3.483
1929.168     0.081
1937.282     -0.162
1944.918     1.458
1952.998     0.162
1961.046     -1.458
1968.797     -4.131
1976.894     -5.913
1984.859     -3.564
1992.643     0
2001.036     -0.729
2008.755     -5.184
2016.621     -6.318
2024.883     -4.131
2032.716     -2.511
2040.764     -2.268
2048.861     -0.243
2056.579     0.648
2064.66     -0.405
2072.724     1.053
2080.541     2.187
2088.802     -1.053
2096.899     -2.187
2104.766     -0.972
2113.175     -0.162
2121.058     0.243
2129.023     -1.458
2137.203     -2.511
2145.184     -4.05
2153.298     -3.645
2161.378     -2.511
2169.014     -3.564
2184.813     -3.645
2192.811     -1.863
2201.155     -2.511
2209.17     -3.564
2217.234     -1.377
2225.347     1.215
2232.967     0.972
2241.063     -1.215
2249.605     -1.539
2257.537     -0.243
2265.733     0.162
2273.994     -0.243
2281.729     -1.134
2290.007     -2.268
2298.022     -0.486
2305.707     0
2314.149     -3.888
2322.411     -6.48
2330.574     -4.374
2338.885     -1.782
2346.767     -0.405
2354.963     -1.701
2363.225     -3.807
2370.959     -2.592
2379.369     0
2387.696     1.053
2395.497     -0.243
2404.005     -2.916
2412.3     -0.972
2420.347     1.458
2428.806     0.081
2436.755     0.486
2444.934     0.486
2453.541     -1.782
2461.358     -2.349
2469.636     -1.539
2478.161     -1.863
2486.126     -4.131
2494.47     -4.86
2502.633     -5.265
2510.631     -4.779
2519.189     -0.729
2527.203     2.511
2535.415     -0.243
2543.858     -3.24
2551.84     -0.567
2560.101     2.025
2568.642     1.134
2576.607     -2.349
2584.836     -3.483
2593.328     -2.673
2601.458     -1.215
2609.95     -0.324
2618.079     -0.405
2626.226     -0.972
2634.718     -1.458
2642.781     -4.05
2650.977     -4.536
2659.42     -3.564
2667.5     -3.24
2675.844     0.729
2684.418     3.807
2692.383     1.701
2700.842     -0.729
2709.252     -1.215
2717.283     -1.782
2725.808     -1.296
2734.184     -2.268
2742.166     -2.916
2750.773     -3.078
2759.117     -1.296
2767.362     2.187
2775.969     0.243
2784     -2.916
2792.393     -2.754
2800.967     -2.673
2809.031     -2.511
2817.375     -1.296
2825.982     -1.62
2834.227     -2.592
2842.801     -1.701
2851.03     0
2859.357     -0.972
2868.129     -2.754
2876.094     -2.592
2884.52     -1.215
2893.308     -1.539
2901.619     0.081
2910.177     2.673
2918.619     0.405
2926.486     -1.701
2934.945     -1.62
2943.404     -2.349
2951.731     -2.754
2960.256     -3.888
2968.451     -3.726
2976.927     -0.972
2985.534     1.296
2993.762     1.782
3002.188     -1.701
3010.828     -6.642
3019.007     -5.184
3027.647     -2.106
3036.386     -2.43
3044.631     -0.567
3053.156     2.673
3061.352     3.726
3069.498     2.106
3078.352     -1.134
3086.646     -4.293
3094.924     -6.399
3103.844     -4.941
3112.089     -0.486
3120.531     0.972
3128.908     -0.567
3137.17     -1.539
3146.007     -2.349
3154.581     -2.349
3162.777     -0.648
3171.516     -1.215
3179.81     -3.888
3188.137     -3.726
3196.925     -2.592
3205.368     -0.405
3213.777     1.62
3222.302     0.972
3230.383     -1.539
3239.154     -2.997
3247.942     -2.187
3256.253     -2.187
3264.827     -3.402
3273.27     -1.296
3281.828     3.402
3290.681     4.536
3299.091     2.754
3307.336     -2.997
3316.256     -7.371
3324.55     -5.427
3332.96     -1.863
3341.682     -0.81
3349.812     -2.268
3358.37     -4.212
3367.075     -2.835
3375.337     -0.729
3384.092     0.324
3392.65     -1.539
3401.142     -3.969
3418.076     -3.483
3426.502     0.567
3435.109     2.916
3443.683     1.134
3452.192     -0.729
3460.963     -0.81
3469.373     -0.972
3477.963     -0.243
3486.488     -1.782
3494.733     -4.779
3503.571     -3.888
3512.046     -2.592
3520.521     -2.511
3529.392     -1.701
3537.67     -0.891
3546.31     -3.807
3555.081     -3.807
3563.03     2.025
3571.456     3.807
3580.261     0.648
3588.605     -2.754
3597.162     -2.268
3605.539     0.567
3614.014     -0.486
3622.918     -0.567
3631.311     -0.729
3639.589     -0.891
3648.327     -1.782
3656.177     -5.346
3664.982     -5.832
3673.671     -3.078
3681.818     -0.162
3690.622     -0.486
3699.13     -3.969
3707.507     -4.293
3716.361     -0.648
3724.985     1.782
3733.312     2.754
3742.084     1.377
3750.329     -1.296
3759.018     -2.835
3768.003     -1.377
3776.232     -0.729
3784.938     -2.187
3793.759     -2.187
3802.02     -2.106
3810.907     -2.106
3819.597     -0.324
3828.138     -0.891
3836.975     -3.159
3845.319     -4.617
3853.811     -5.265
3862.731     -2.673
3871.173     -0.81
3880.027     1.944
3888.864     2.43
3897.291     -2.106
3906.046     -1.944
3914.883     -0.972
3923.276     -1.377
3932.18     -1.215
3940.688     -1.296
3949.246     -0.81
3958.248     -1.782
3966.74     -4.05
3975.462     -6.237
3984.299     -4.779
3992.758     -0.81
4001.497     0.729
4010.153     -1.215
4018.678     -4.941
4027.927     -4.779
4036.699     -1.215
4044.96     1.62
4053.913     3.483
4062.487     0.972
4071.259     -2.268
4080.261     -1.539
4088.868     -0.162
4097.623     0.729
4106.559     1.215
4114.903     -0.243
4123.905     -2.349
4132.923     -4.617
4141.349     -6.156
4150.401     -5.589
4158.991     -3.726
4167.697     -3.969
4176.897     -3.564
4185.52     -3.159
4194.243     -1.944
4203.36     -0.891
4211.934     -0.486
4220.59     1.296
4229.527     -0.243
4238.084     -2.268
4247.169     -2.025
4256.187     -1.215
4264.811     0.81
4274.01     3.24
4282.7     3.807
4291.307     -0.324
4300.407     -5.346
4309.097     -7.695
4318.049     -8.262
4327.084     -5.913
4335.56     -4.455
4344.578     -5.022
4353.696     -3.483
4362.319     -0.972
4371.288     1.053
4380.192     -0.81
4388.782     -3.564
4397.998     -1.863
4406.868     -0.729
4415.591     0.486
4424.659     2.349
4433.15     1.782
4441.972     0.405
4451.138     -2.511
4459.63     -5.265
4468.385     -6.642
4476.828     -6.075
4485.501     -5.913
4494.601     -3.969
4503.11     -1.863
4511.684     -0.972
4520.686     -1.215
4529.211     -3.564
4537.884     -3.888
4546.787     -2.754
4555.41     -0.405
4564.379     1.944
4573.069     2.43
4581.692     2.187
4590.908     2.349
4599.762     1.215
4608.353     -1.377
4617.388     -4.86
4625.896     -4.617
4634.75     -2.025
4643.818     -1.053
4652.326     -3.402
4661.345     -6.075
4670.396     -6.318
4677.769     -4.941
4695.263     -2.754
4704.133     -0.81
4713.037     -2.511
4721.841     -4.455
4730.843     -2.187
4739.895     0.972
4748.535     3.564
4757.849     2.673
4766.983     -2.187
4775.606     -3.726
4784.576     -1.62
4793.479     0.729
4802.415     -0.162
4811.631     -1.62
4820.238     -2.106
4829.471     -3.078
4838.637     -3.807
4847.096     -4.779
4856.263     -7.452
4865.166     -8.019
4873.79     -5.022
4882.94     -2.025
4891.777     0.243
4900.565     3.402
4909.847     5.67
4918.52     7.452
4927.407     12.96
4936.392     18.306
4944.868     25.758
4954.051     34.911
4963.135     48.843
4971.627     65.124
4980.991     77.112
4989.927     88.614
4998.617     98.496
5007.734     110.97
5016.423     123.768
5025.179     134.055
5034.411     150.093
5042.821     166.293
5051.609     177.633
5060.858     190.107
5069.448     204.849
5078.302     221.049
5087.205     234.981
5096.059     252.396
5105.259     267.138
5114.014     283.014
5122.506     300.267
5131.673     315.09
5140.395     328.212
5149.166     339.957
5158.185     353.403
5166.595     369.684
5175.613     384.021
5184.45     395.442
5192.959     408.807
5202.043     416.988
5210.848     434.16
5219.241     451.737
5228.325     468.909
5237.113     482.598
5245.687     495.315
5254.838     511.11
5263.626     527.958
5272.48     540.918
5281.663     559.224
5290.204     574.452
5298.548     587.169
5306.645     602.802
5315.433     613.413
5324.583     624.591
5333.338     639.657
5342.439     654.885
5351.671     666.063
5360.311     682.344
5369.182     697.491
5378.365     712.719
5387.12     729.162
5396.418     761.886
5405.519     774.927
5414.142     789.021
5423.358     805.464
5432.36     824.337
5441.511     838.026
5450.759     854.226
5459.449     870.426
5468.434     882.171
5478.029     893.349
5487.031     910.197
5496.165     932.391
5505.265     947.943
5514.119     956.529
5523.467     971.838
5532.88     985.284
5541.932     997.839
5551.312     1016.874
5560.413     1034.289
5569.448     1045.791
5578.894     1061.991
5587.962     1076.166
5597.277     1091.475
5606.608     1109.619
5615.495     1121.769
5625.04     1134.405
5634.454     1151.658
5643.571     1171.341
5653.017     1187.055
5662.316     1200.987
5671.564     1215.243
5681.044     1227.474
5690.112     1245.132
5699.492     1266.354
5709.07     1283.688
5718.122     1296.891
5727.568     1309.284
5737.014     1324.35
5746.28     1340.064
5756.039     1358.37
5765.6     1374.651
5774.685     1389.798
5784.263     1405.431
5793.726     1419.201
5802.975     1435.563
5812.849     1449.576
5822.279     1461.888
5831.758     1483.515
5841.336     1501.173
5850.568     1510.326
5859.998     1524.906
5869.593     1541.268
5878.825     1559.493
5888.535     1574.397
5897.965     1589.058
5907.247     1608.336
5916.973     1626.318
5926.419     1638.954
5935.816     1653.534
5945.691     1669.005
5954.791     1682.937
5964.386     1703.187
5974.359     1717.362
5983.575     1731.699
5993.202     1752.273
6002.895     1770.255
6012.342     1787.265
6022.134     1806.705
6035.958     1801.683
6029.77     1792.287
6023.5     1787.751
6016.802     1779.651
6009.396     1762.641
6002.517     1746.765
5995.424     1734.21
5988.15     1722.384
5981.106     1713.069
5973.585     1703.916
5966.13     1693.305
5959.021     1681.56
5951.335     1663.254
5943.979     1647.378
5936.672     1636.119
5928.921     1627.209
5921.762     1616.841
5914.439     1601.532
5906.654     1591.164
5899.364     1583.469
5891.843     1568.322
5884.355     1550.502
5877.295     1536.165
5869.659     1520.937
5862.105     1511.379
5854.683     1498.095
5846.964     1490.481
5839.575     1480.194
5832.285     1466.424
5824.566     1455.327
5817.193     1446.984
5809.557     1440.909
5801.905     1431.594
5794.68     1420.254
5786.797     1413.774
5779.276     1398.06
5772.068     1381.698
5764.3     1369.224
5756.763     1358.613
5749.423     1350.27
5741.606     1317.384
5734.25     1303.776
5726.745     1289.763
5719.043     1281.825
5711.884     1279.071
5704.067     1265.949
5696.332     1252.989
5689.141     1236.627
5681.373     1222.047
5673.803     1210.383
5666.348     1197.828
5658.728     1190.538
5651.339     1180.17
5643.785     1164.861
5635.836     1153.116
5628.628     1144.935
5621.107     1130.436
5613.438     1116.585
5606.164     1105.974
5598.495     1093.581
5590.793     1078.11
5583.502     1065.474
5575.735     1056.564
5568.181     1041.255
5560.742     1028.214
5552.761     1014.282
5545.273     1002.132
5537.669     991.197
5529.935     977.67
5522.512     966.492
5514.811     955.638
5506.993     943.812
5499.538     931.338
5491.688     918.864
5484.069     907.686
5477.14     895.941
5469.307     885.654
5461.72     875.286
5454.117     866.457
5446.217     855.198
5438.696     844.344
5430.929     832.113
5423.293     816.48
5415.739     800.766
5407.675     785.619
5399.94     767.961
5392.551     752.814
5384.552     748.44
5376.554     740.664
5368.852     727.461
5360.969     714.906
5353.235     706.968
5345.615     691.092
5337.683     679.185
5330.112     664.686
5322.41     651.321
5314.379     642.816
5306.924     626.454
5298.877     614.79
5291.027     602.64
5283.736     588.546
5275.722     574.452
5268.003     564.084
5260.548     550.314
5252.501     533.547
5244.881     523.503
5237.212     514.998
5229.345     503.01
5221.676     493.452
5213.612     480.249
5205.894     463.968
5198.571     451.332
5190.655     442.098
5182.887     428.409
5175.35     414.234
5167.384     403.461
5159.781     394.146
5152.03     380.133
5143.933     371.871
5136.478     358.668
5128.43     341.82
5120.449     328.293
5112.994     320.679
5105.209     311.931
5097.294     297.918
5089.608     285.282
5081.511     272.97
5073.76     256.122
5066.107     241.785
5058.224     234.738
5050.72     224.046
5042.985     209.223
5034.971     197.721
5027.351     185.328
5019.534     174.393
5011.601     167.184
5004.097     159.165
4995.967     145.638
4988.018     130.572
4980.465     116.559
4972.598     103.518
4964.83     96.957
4956.964     87.48
4948.834     74.277
4941.313     58.563
4933.562     48.357
4925.646     38.88
4918.059     28.755
4902.112     11.178
4894.394     4.86
4886.412     -0.081
4878.562     -5.184
4870.91     -5.022
4862.73     -5.994
4854.847     -7.29
4847.113     -7.128
4838.983     -6.804
4831.445     -8.667
4823.595     -6.642
4815.268     -3.969
4807.632     -1.701
4799.585     2.106
4791.356     -2.349
4783.605     -8.262
4775.491     -8.991
4767.625     -9.639
4759.742     -6.642
4751.711     -2.673
4744.848     -1.944
4736.883     -0.972
4728.967     -5.022
4721.347     -8.91
4713.185     -5.346
4705.318     -2.268
4697.567     -1.539
4689.289     -3.321
4681.488     -4.698
4673.737     -0.972
4665.525     -0.81
4657.527     -2.673
4649.282     -0.081
4641.3     0.081
4633.664     -3.078
4625.402     -5.184
4617.273     -7.371
4609.768     -4.212
4601.49     0.162
4593.541     -2.187
4585.741     -4.536
4577.644     -3.483
4570.057     -4.212
4562.108     -5.589
4553.715     -4.131
4545.882     -1.053
4537.801     0.243
4529.885     -3.321
4522.183     -4.536
4513.856     -2.673
4505.825     -2.106
4498.107     -0.891
4489.829     -0.81
4481.929     -1.377
4474.063     0.972
4465.834     -0.891
4458.149     -5.832
4450.611     -4.536
4442.942     -1.539
4435.125     -3.645
4426.88     -8.424
4418.833     -9.396
4411.032     -4.86
4402.754     -0.162
4395.003     0.891
4386.972     -0.324
4378.612     -1.944
4370.86     -4.455
4362.632     -5.022
4354.403     -3.888
4346.668     -1.053
4338.456     2.673
4330.343     0.324
4322.46     -4.05
4314.231     -2.43
4306.233     -1.296
4298.087     -2.511
4289.858     -5.103
4281.926     -7.533
4273.615     -7.209
4265.403     -7.776
4257.718     -6.723
4249.456     -2.43
4241.211     0.81
4233.378     2.187
4225.281     -0.729
4217.842     -4.698
4209.646     -3.24
4201.27     -1.377
4193.288     -0.324
4185.191     -0.648
4176.88     -1.863
4168.997     -1.458
4160.654     -1.458
4152.442     -1.944
4144.69     -2.187
4136.198     -2.511
4128.2     -5.184
4120.334     -8.1
4111.99     -7.857
4103.926     -5.508
4095.747     -4.374
4087.535     -4.131
4079.816     -4.941
4071.555     -4.617
4063.162     -1.458
4055.46     1.539
4047.05     2.025
4038.92     0.567
4030.807     -0.891
4022.381     -4.131
4014.531     -5.184
4006.385     -3.969
3997.942     -2.673
3990.537     -1.701
3982.473     -2.025
3973.997     -2.106
3966.18     -1.134
3957.886     -2.916
3949.706     -4.941
3941.972     -7.695
3933.743     -7.371
3925.86     -3.969
3917.944     -3.24
3909.617     -0.486
3901.833     3.321
3893.867     3.807
3885.524     0.729
3877.674     -2.187
3869.494     -2.673
3861.315     -3.807
3853.564     -4.941
3845.368     -3.888
3837.222     -2.268
3829.454     -2.268
3821.176     -2.754
3813.162     -3.24
3805.312     -4.374
3796.836     -5.427
3789.036     -5.751
3780.824     -5.508
3772.398     -2.025
3764.597     1.377
3756.302     0.567
3748.057     -0.243
3740.191     0.972
3731.88     2.592
3715.851     1.215
3707.31     -3.807
3699.295     -5.751
3691.215     -5.751
3682.953     -5.589
3675.202     -2.268
3666.825     -0.405
3658.514     -1.944
3650.533     -4.212
3642.14     -4.293
3633.944     -4.131
3626.012     -3.159
3617.487     -2.349
3609.291     -2.187
3601.326     -0.81
3592.834     0.81
3584.688     0.648
3576.607     -0.972
3568.296     -1.782
3560.348     -1.296
3552.053     -2.511
3543.644     -4.536
3535.547     -4.455
3527.088     -2.106
3519.106     -1.62
3511.19     -2.673
3502.468     -4.212
3494.305     -6.237
3486.241     -6.156
3477.651     -3.645
3469.735     -0.486
3461.885     0.891
3453.887     -0.648
3445.806     -2.592
3437.232     -4.779
3428.822     -1.134
3420.61     3.078
3412.053     -0.324
3403.873     -7.128
3395.645     -6.075
3386.906     1.458
3378.562     -4.941
3370.219     -6.885
3361.365     0.729
3353.284     -2.673
3344.694     -4.86
3336.235     -3.159
3328.237     -10.125
3319.662     -9.234
3311.154     2.916
3302.81     6.48
3294.006     -0.243
3285.695     -5.589
3277.532     -8.748
3268.645     -7.857
3260.384     3.078
3251.958     12.15
3243.614     5.751
3235.6     -5.103
3226.811     -10.854
3218.171     -9.639
3210.058     -2.673
3201.484     0.972
3193.091     -1.539
3184.632     -3.483
3175.827     -0.324
3167.5     1.944
3159.288     -2.268
3150.697     -5.913
3142.93     -6.966
3134.322     -5.022
3125.633     -2.268
3117.437     -0.729
3108.83     -0.243
3100.487     -0.243
3092.176     -0.324
3083.47     -2.349
3075.192     -4.455
3066.766     -5.346
3058.077     -3.645
3049.782     -1.458
3041.323     -1.296
3032.749     -1.863
3024.603     -1.944
3015.798     -1.458
3007.175     -0.648
2998.946     -2.916
2990.224     -6.318
2981.749     -6.966
2973.421     -3.726
2964.699     0.243
2956.322     0.486
2947.896     -2.025
2939.223     -4.374
2930.962     -6.399
2922.273     -4.86
2913.583     -1.377
2905.602     0.405
2897.044     1.053
2888.453     -0.891
2880.241     -5.103
2871.601     -6.561
2863.323     -4.86
2855.029     -4.455
2846.29     -4.779
2837.979     -2.025
2829.306     1.944
2820.65     2.349
