Distance_nm     Force_uN
0     0.324
-0.016     -0.648
0.941     -0.567
3.172     -0.567
3.215     -0.567
5.811     0.648
6.273     0.324
7.01     -1.296
8.87     0.243
9.397     0.081
11.756     1.863
12.337     2.349
12.907     -0.324
14.718     -1.539
15.433     0
15.783     -0.324
18.368     -1.701
18.406     -1.377
20.18     -0.162
21.373     -0.405
21.508     0.243
23.088     0.162
24.502     1.215
24.604     1.377
27.356     0.162
27.459     1.053
28.679     1.458
30.265     0
30.485     -0.405
31.614     -0.405
33.495     0.324
33.501     0
36.113     0.891
36.371     -0.081
37.226     -0.81
39.468     0.972
39.43     1.539
42.037     1.215
42.537     0.81
43.144     0.405
45.015     -0.648
45.542     -0.81
48.66     0.567
48.563     0.972
50.88     0.567
51.686     0.567
51.939     0.405
54.707     0.648
54.68     1.377
56.599     1.134
57.61     0.486
57.852     -0.891
60.642     -1.215
60.647     -0.567
62.384     -1.215
63.609     -0.486
63.808     0.162
66.646     -1.134
66.727     -0.729
68.189     0.405
69.78     1.377
69.856     1.539
72.737     1.296
72.882     1.296
74.059     -0.243
75.914     0.81
75.86     0.486
78.709     -1.701
79.005     -1.458
79.843     1.863
82.112     0.648
82.08     0.81
84.644     1.701
85.128     -0.891
85.762     -0.567
88.202     -0.081
88.208     -0.324
90.605     -0.486
91.363     -0.81
91.793     -0.648
94.433     -0.081
94.777     -0.243
96.572     0.891
97.491     1.539
97.782     0.81
100.598     0.648
100.572     2.43
102.442     1.539
103.62     5.346
103.802     6.075
106.775     2.997
106.818     7.29
108.425     9.963
109.855     15.552
109.963     14.985
112.946     25.758
113.081     26.892
114.462     32.319
116.268     28.836
116.279     30.942
119.15     36.612
119.386     38.313
120.397     49.167
122.541     46.656
122.509     49.491
125.288     58.563
125.589     63.099
126.439     70.632
128.804     72.9
128.793     72.981
131.379     73.71
131.976     72.657
132.438     77.517
135.045     80.514
134.991     82.296
138.141     93.798
138.136     95.013
140.394     101.817
141.281     107.811
141.571     111.375
144.479     118.746
144.501     115.668
146.457     124.416
147.721     124.173
147.946     122.148
150.865     132.111
150.914     128.952
152.596     133.488
153.956     139.806
154.23     142.155
157.112     150.093
157.252     152.523
158.681     154.629
160.283     161.028
160.466     166.779
161.643     165.807
163.686     167.832
164.74     169.371
166.546     177.147
166.831     182.979
167.75     183.708
169.981     193.59
169.975     196.506
172.69     200.07
173.174     202.419
175.786     208.737
176.34     210.681
176.974     211.329
179.539     218.457
179.506     215.379
182.001     223.722
182.85     234.009
183.21     234.333
186.011     240.489
186.027     244.215
188.064     252.234
189.139     257.58
189.414     257.013
192.408     265.275
192.429     265.275
194.225     271.755
195.655     270.54
195.853     275.238
198.729     285.849
198.875     286.659
200.444     294.759
201.992     298.647
202.186     303.345
205.175     313.227
205.32     314.199
206.562     319.869
208.293     324.486
208.594     324.324
211.507     326.835
211.889     329.67
212.786     329.184
214.641     335.097
215.033     336.312
217.893     346.194
218.393     346.356
218.995     353.727
220.984     361.989
221.565     364.986
222.215     371.223
224.887     373.815
225.414     373.653
227.344     376.083
228.053     380.376
231.284     392.283
231.241     391.716
233.45     396.9
234.541     399.654
234.756     397.629
237.82     415.368
237.998     416.016
239.729     417.798
241.11     425.088
242.831     426.546
244.32     430.029
244.508     435.861
245.948     441.531
247.577     446.958
249.115     452.547
250.684     458.865
250.958     455.544
253.963     465.507
254.286     466.803
255.382     469.071
257.248     475.956
257.484     475.389
260.36     485.271
260.731     486.324
261.58     487.539
263.967     497.664
263.935     495.801
266.698     510.462
267.279     515.808
267.967     513.297
270.579     520.506
270.665     519.615
273.149     531.198
273.917     528.039
274.342     531.117
277.218     541.971
277.186     541.08
279.395     555.012
280.492     558.495
280.777     555.012
283.728     564.975
283.803     566.19
285.685     568.944
287.082     572.589
287.27     577.773
290.324     587.331
290.512     582.39
292.001     591.543
293.764     596.646
295.183     604.665
296.866     610.821
297.065     612.441
298.29     618.678
300.349     627.831
301.569     627.75
303.279     633.096
303.596     629.208
304.633     635.85
307.047     646.785
307.063     646.461
309.815     652.536
310.305     648.567
311.046     655.371
313.568     665.577
314.213     665.982
316.169     672.057
317.003     676.431
317.529     679.833
320.271     688.095
320.669     688.419
322.658     696.843
323.991     700.002
326.958     709.884
327.023     711.747
329.076     716.688
330.216     722.52
330.479     726.813
333.586     728.676
333.64     729.972
335.382     735.318
336.752     743.904
336.967     741.555
338.499     746.739
340.247     756.621
340.354     757.917
343.418     769.419
343.671     768.285
344.902     769.986
346.923     779.301
348.143     787.239
350.019     794.205
350.336     792.666
351.347     795.582
353.728     803.763
354.567     807.408
356.518     811.62
357.077     811.539
359.857     820.854
360.443     824.013
361.098     826.848
363.781     830.655
363.748     829.116
366.345     840.537
367.157     843.696
367.64     846.855
370.479     855.927
370.925     859.815
373.898     868.644
373.924     867.267
376.021     875.124
377.257     882.171
377.634     884.358
379.327     891.81
380.784     890.919
382.611     890.919
384.09     890.028
384.256     895.536
385.794     903.798
387.492     907.929
387.589     912.384
390.637     930.69
390.82     924.939
392.234     931.905
394.292     942.759
394.314     942.678
397.287     946.89
397.668     943.974
398.69     948.996
401.028     953.046
401.093     956.691
403.968     968.436
404.468     967.707
405.237     972.648
407.828     980.505
407.78     981.882
410.5     990.468
411.177     988.443
411.742     991.845
414.617     1002.213
414.666     999.54
417.106     1007.559
418.052     1009.908
418.45     1019.79
421.385     1026.837
423.525     1029.672
424.761     1038.906
425.041     1037.529
428.142     1048.707
428.201     1049.598
430.035     1052.271
431.599     1056.24
431.76     1058.346
434.899     1069.929
435.082     1073.007
436.555     1072.926
438.426     1086.291
438.48     1085.319
441.533     1093.095
441.829     1096.902
443.205     1095.768
444.995     1100.79
445.393     1103.544
446.457     1103.382
448.768     1116.585
449.629     1116.342
451.687     1128.816
452.177     1130.922
452.967     1131.003
455.585     1138.455
455.622     1138.536
458.278     1151.82
459.03     1153.764
459.546     1158.624
462.449     1157.571
462.879     1163.646
464.841     1170.693
465.857     1172.799
466.266     1173.852
469.276     1184.787
469.642     1189.323
471.496     1195.803
472.797     1203.903
474.818     1210.14
476.157     1209.897
476.415     1209.087
479.57     1218.888
479.764     1218.807
481.371     1227.96
482.968     1233.063
483.296     1232.658
486.376     1239.462
486.612     1241.73
487.972     1253.718
490.085     1257.444
490.123     1257.444
493.214     1266.192
493.628     1267.488
494.622     1273.077
496.966     1280.934
497.009     1280.043
499.976     1293.57
500.422     1295.595
501.121     1301.184
503.798     1307.664
504.406     1303.695
506.464     1308.231
507.346     1316.25
509.958     1321.92
510.84     1320.624
511.399     1326.618
514.318     1337.31
514.372     1337.067
516.613     1346.058
517.764     1350.27
519.914     1359.585
521.279     1362.906
523.209     1365.741
524.612     1372.707
524.967     1374.813
528.026     1382.022
528.182     1385.829
529.95     1388.907
531.778     1403.487
531.891     1403.325
535.041     1409.724
535.337     1412.721
536.643     1413.207
538.734     1429.164
539.949     1423.737
541.836     1432.323
542.212     1436.373
545.281     1443.744
545.727     1451.358
546.679     1454.922
549.205     1462.05
549.254     1462.86
552.071     1465.29
552.743     1474.524
553.382     1478.493
556.113     1487.16
556.204     1490.076
558.86     1493.721
559.688     1495.827
560.177     1494.288
563.203     1512.27
563.66     1509.354
566.692     1521.909
566.8     1523.043
568.955     1534.221
570.202     1538.757
570.514     1540.944
572.229     1546.209
573.745     1555.605
573.971     1558.035
577.148     1561.842
577.465     1561.842
579.051     1566.054
580.814     1563.705
580.943     1567.107
584.05     1583.388
584.286     1582.821
585.743     1586.628
587.791     1596.348
589.194     1598.859
591.049     1605.501
591.463     1610.604
594.521     1618.137
595     1620.972
595.973     1630.692
598.532     1632.474
598.548     1634.337
601.354     1646.811
601.977     1646.325
602.703     1651.995
604.692     1654.83
605.455     1660.095
605.993     1664.55
609.036     1671.921
609.584     1677.105
611.6     1682.775
612.632     1684.395
614.992     1698.246
616.207     1696.221
616.47     1698.651
619.572     1709.91
619.986     1715.094
621.727     1719.225
623.447     1716.471
626.619     1729.107
626.791     1729.674
628.495     1733.643
630.403     1742.472
630.581     1744.659
633.752     1752.435
634.07     1750.815
635.365     1753.002
637.461     1767.015
637.548     1767.987
640.547     1778.193
641.02     1780.542
642.074     1779.003
644.563     1796.175
645.493     1796.256
647.53     1803.708
648.132     1808.568
651.115     1816.668
651.809     1817.964
652.443     1816.182
655.179     1829.385
655.787     1830.195
657.873     1833.516
658.716     1841.859
661.254     1846.8
662.221     1854.495
662.737     1853.685
665.769     1867.941
666.221     1863.162
668.081     1865.673
669.468     1875.231
671.569     1885.194
673.048     1894.995
673.257     1891.755
676.44     1901.151
676.585     1903.581
678.407     1913.544
680.272     1923.021
680.428     1923.507
683.611     1925.532
683.992     1928.286
687.153     1935.9
687.422     1939.95
688.664     1945.053
690.572     1961.658
691.217     1962.711
694.303     1970.568
694.749     1968.786
695.776     1979.721
697.781     1982.07
698.286     1988.469
701.226     1997.217
701.823     1998.108
702.581     2006.37
704.586     2010.339
705.5     2011.473
706.005     2018.115
708.876     2025.729
708.946     2025.972
711.553     2030.427
712.564     2037.474
713.015     2041.605
716.095     2049.786
716.547     2050.11
718.461     2057.4
719.885     2061.693
721.933     2071.413
723.476     2074.815
726.83     2088.342
726.949     2089.638
728.76     2093.121
730.588     2096.523
730.771     2093.931
733.926     2107.134
734.351     2107.782
735.641     2113.371
737.882     2122.443
739.194     2121.552
741.086     2129.328
741.543     2134.512
744.553     2147.553
745.005     2149.335
746.021     2151.522
748.644     2162.295
748.687     2160.027
751.558     2168.451
752.316     2172.582
755.149     2175.66
755.901     2181.006
756.616     2179.062
759.53     2192.832
759.573     2191.536
762.137     2200.77
763.169     2208.06
763.696     2210.976
766.771     2219.319
767.19     2215.512
769.109     2219.643
770.491     2231.388
772.549     2234.709
773.958     2239.488
774.388     2237.382
776.151     2240.379
777.748     2249.775
779.543     2258.037
781.441     2266.137
781.613     2264.922
784.795     2276.505
785.058     2278.935
786.521     2280.069
788.687     2294.163
790.047     2297.646
791.971     2307.771
792.477     2309.391
795.525     2319.921
795.96     2321.379
797.084     2323.242
799.637     2331.504
800.519     2335.635
802.658     2343.735
803.357     2348.919
806.217     2358.882
806.932     2360.907
807.652     2361.636
810.625     2372.166
810.673     2373.624
813.237     2390.796
814.172     2390.634
814.742     2398.572
816.78     2401.812
817.908     2398.977
820.263     2415.339
821.671     2411.208
821.972     2417.931
825.16     2425.221
825.569     2428.866
827.283     2437.128
828.987     2437.857
832.412     2448.468
832.836     2454.138
834.395     2459.16
836.368     2465.154
837.814     2473.416
839.938     2477.79
840.05     2476.818
843.27     2490.426
843.835     2490.426
844.958     2495.529
847.297     2507.76
848.377     2503.305
850.425     2511.567
851.06     2518.29
854.091     2533.923
854.699     2535.057
855.484     2533.437
858.489     2541.375
859.128     2544.129
861.225     2551.419
862.085     2562.111
864.74     2570.373
865.794     2577.177
866.289     2576.286
869.439     2586.816
869.944     2580.66
871.874     2584.062
873.277     2594.268
875.384     2603.583
876.809     2606.742
877.222     2608.119
880.475     2619.783
880.743     2620.026
882.055     2626.911
884.259     2637.927
885.678     2637.684
888.027     2644.812
888.103     2644.812
891.29     2656.476
891.957     2664.09
895.01     2668.464
895.537     2670.732
896.435     2677.455
899.187     2687.175
899.284     2684.745
902.127     2699.163
902.998     2698.677
903.6     2701.674
906.648     2717.226
907.304     2715.93
910.298     2722.977
910.841     2726.541
912.905     2733.426
914.072     2737.071
916.437     2748.978
917.674     2750.76
918.179     2752.623
921.431     2756.511
921.56     2757.24
923.56     2768.499
925.323     2775.951
927.226     2780.73
928.903     2788.425
929.253     2797.74
932.51     2806.245
932.736     2804.22
934.397     2805.759
936.563     2811.996
937.945     2819.448
940.235     2822.931
940.385     2821.311
943.476     2830.626
944.035     2833.542
947.185     2845.773
947.793     2851.848
948.696     2857.356
951.518     2861.649
952.238     2866.266
954.389     2872.989
955.27     2875.419
958.023     2879.469
958.926     2884.734
959.592     2889.432
962.699     2898.909
962.839     2900.448
965.285     2909.277
966.494     2915.109
966.903     2916.81
970.139     2930.175
970.644     2930.742
973.859     2941.353
973.988     2940.543
976.084     2942.487
977.783     2953.989
977.934     2956.338
981.299     2965.491
981.686     2968.812
983.202     2972.457
985.218     2981.448
986.841     2989.548
988.669     2995.461
989.104     2995.137
992.308     3004.371
992.706     3003.642
993.996     3015.549
996.495     3025.917
997.646     3026.808
999.721     3034.665
1000.355     3038.391
1003.376     3051.918
1004.054     3051.918
1004.989     3058.803
1007.79     3065.688
1008.623     3072.168
1010.703     3080.754
1011.612     3084.156
1014.203     3085.371
1015.267     3091.365
1015.928     3089.826
1017.933     3099.951
1019.223     3104.001
1021.503     3118.338
1022.949     3120.444
1023.271     3120.849
1026.588     3134.133
1027.007     3134.295
1028.813     3144.663
1030.55     3147.498
1032.356     3152.925
1034.227     3163.86
1034.506     3165.399
1037.796     3172.608
1038.102     3173.823
1039.645     3178.035
1041.844     3188.808
1042.016     3185.892
1045.273     3197.475
1046.977     3196.746
1049.477     3210.273
1049.622     3212.541
1052.665     3217.644
1053.278     3227.769
1056.309     3238.866
1056.992     3241.134
1057.847     3237.489
1059.986     3246.156
1060.905     3257.982
1061.604     3259.521
1064.545     3265.434
1065.222     3269.808
1067.351     3277.827
1068.496     3282.93
1070.974     3297.024
1072.081     3298.482
1072.678     3295.971
1075.968     3307.716
1076.129     3305.691
1078.306     3312.495
1079.913     3320.919
1082.042     3331.206
1083.553     3335.58
1083.951     3337.443
1085.633     3345.3
1087.579     3351.861
1089.321     3360.366
1091.385     3362.553
1091.589     3361.662
1094.793     3375.351
1095.223     3379.158
1096.545     3383.694
1099.013     3384.099
1099.185     3384.909
1102.335     3398.355
1102.867     3400.623
1104.05     3409.938
1106.571     3414.96
1106.705     3410.991
1109.775     3424.194
1110.49     3427.596
1111.312     3430.836
1114.188     3437.316
1114.317     3435.048
1117.118     3453.678
1118.118     3458.943
1118.666     3462.831
1121.875     3470.688
1122.483     3474.009
1124.504     3479.274
1125.923     3479.112
1128.277     3495.231
1129.492     3500.577
1130.111     3501.954
1133.368     3510.297
1133.761     3514.185
1135.518     3526.578
1137.282     3529.98
1137.507     3530.061
1140.926     3539.214
1141.152     3537.999
1142.996     3546.018
1144.727     3554.766
1145.2     3558.087
1146.635     3564.648
1148.887     3562.056
1149.033     3561.489
1152.269     3570.885
1152.871     3582.306
1154.091     3584.088
1156.666     3588.624
1157.741     3589.839
1160.396     3602.961
1161.488     3602.961
1164.256     3610.251
1164.391     3614.787
1167.272     3621.429
1168.191     3628.719
1168.949     3627.909
1171.997     3639.168
1172.615     3643.947
1175.674     3652.533
1175.803     3656.34
1178.464     3661.038
1179.743     3667.518
1180.179     3666.708
1183.329     3677.238
1183.511     3683.799
1185.785     3687.201
1187.35     3697.731
1189.398     3700.728
1190.914     3708.909
1191.37     3713.769
1194.752     3722.274
1195.01     3726.81
1196.789     3741.309
1198.929     3747.627
1199.084     3747.789
1202.45     3758.157
1202.923     3753.702
1204.24     3759.129
1206.648     3765.609
1207.992     3776.706
1210.002     3781.485
1210.588     3783.591
1213.781     3799.143
1214.523     3799.629
1217.619     3805.38
1218.291     3807.243
1219.189     3809.835
1222.092     3820.608
1222.221     3821.904
1225.027     3834.864
1226.059     3830.895
1226.709     3836.241
1229.752     3842.64
1230.499     3846.042
1232.59     3857.139
1233.811     3860.46
1234.219     3864.915
1237.498     3872.205
1237.713     3872.772
1240.062     3884.274
1241.61     3887.271
1241.912     3888.81
1245.304     3903.228
1245.502     3908.493
1247.475     3921.21
1249.437     3918.618
1249.636     3918.942
1253.028     3931.335
1253.507     3939.84
1256.839     3951.099
1257.232     3949.236
1258.769     3952.314
1260.678     3960.495
1261.199     3964.059
1264.467     3970.296
1264.908     3968.676
1266.171     3980.421
1268.988     3993.705
1269.999     3992.814
1272.778     4002.048
1273.772     4007.313
1276.729     4019.139
1276.863     4018.167
1279.659     4014.279
1280.513     4020.678
1281.331     4029.588
1284.459     4043.358
1285.083     4035.42
1287.142     4038.255
1288.426     4052.268
1290.894     4062.555
1292.13     4070.412
1292.759     4074.786
1296.086     4082.238
1296.301     4084.101
1298.484     4090.5
1300.188     4100.22
1302.188     4101.516
1303.752     4109.778
1304.349     4118.202
1305.945     4119.417
1308.036     4125.978
1309.687     4129.785
1311.584     4137.561
1312.068     4139.991
1313.444     4144.365
1315.809     4154.247
1315.965     4153.599
1319.207     4162.671
1319.841     4169.799
1320.948     4167.936
1323.625     4179.843
1324.76     4191.426
1326.905     4193.613
1327.684     4194.099
1328.544     4199.04
1331.463     4207.14
1332.409     4215.564
1334.576     4220.586
1335.484     4217.994
1336.118     4225.041
1339.209     4239.378
1339.935     4242.78
1342.042     4251.933
1343.289     4253.229
1345.789     4266.27
1347.305     4265.46
1347.66     4265.217
1351.003     4277.286
1351.6     4284.9
1353.428     4292.757
1355.202     4290.57
1357.158     4307.418
1358.83     4310.577
1359.341     4309.038
1362.727     4319.811
1362.991     4319.892
1364.786     4331.151
1367.108     4334.634
1368.581     4342.815
1370.463     4347.27
1371.081     4347.189
1374.43     4359.744
1374.903     4360.959
1378.252     4376.025
1379.031     4380.642
1382.735     4391.253
1382.907     4395.546
1385.875     4397.49
1386.799     4404.294
1389.697     4416.282
1390.605     4421.709
1391.417     4419.846
1394.615     4431.51
1395.164     4434.183
1397.228     4435.641
1398.658     4443.255
1400.985     4453.218
1402.361     4460.751
1402.996     4464.558
1406.323     4479.057
1406.511     4480.677
1408.602     4476.87
1410.473     4490.64
1412.365     4498.821
1414.123     4506.111
1414.607     4503.276
1418.02     4511.943
1418.622     4521.744
1420.042     4525.713
1422.418     4531.626
1423.885     4532.679
1426.374     4541.508
1426.557     4544.1
1429.739     4555.926
1430.465     4561.272
1431.47     4566.375
1434.308     4580.631
1435.357     4582.008
1438.233     4596.345
1438.388     4598.208
1441.345     4604.526
1442.318     4611.816
1445.205     4614.165
1446.204     4617.567
1446.893     4622.346
1450.129     4636.197
1450.268     4633.524
1452.779     4639.437
1454.219     4654.422
1454.714     4653.531
1458.015     4663.98
1458.552     4665.033
1461.933     4684.068
1462.154     4684.311
1464.207     4688.604
1466.142     4695.246
1468.11     4706.91
1469.857     4707.153
1470.427     4711.203
1473.819     4721.49
1474.174     4722.867
1475.738     4732.992
1478.135     4733.154
1479.549     4739.634
1481.586     4743.117
1482.205     4745.385
1483.393     4753.647
1486.113     4756.644
1486.242     4764.258
1489.333     4775.679
1490.16     4776.408
1491.074     4784.67
1494.058     4789.773
1497.116     4801.923
1497.934     4804.191
1498.778     4802.571
1501.928     4814.883
1502.669     4819.419
1504.847     4828.653
1506.298     4835.7
1506.755     4833.027
1510.012     4846.149
1510.238     4846.959
1512.603     4853.277
1514.152     4858.38
1516.409     4867.209
1517.915     4872.555
1518.441     4875.633
1520.269     4878.549
1522.172     4886.73
1524.139     4897.017
1526.225     4907.061
1526.532     4905.522
1529.891     4915.566
1530.456     4919.292
1531.805     4920.993
1534.229     4932.414
1535.638     4940.19
1537.718     4948.371
1538.358     4952.34
1541.648     4968.945
1542.406     4965.786
1543.4     4967.001
1546.19     4979.475
1546.33     4978.665
1549.308     4987.089
1550.324     4995.513
1551.033     4997.133
1554.119     5009.121
1554.963     5012.037
1557.135     5017.869
1558.35     5021.109
1561.102     5029.938
1562.112     5035.203
1562.741     5034.15
1566.219     5047.11
1566.451     5045.49
1568.784     5055.777
1570.396     5062.905
1570.794     5064.93
1574.175     5075.46
1574.777     5077.647
1576.659     5082.831
1578.513     5094.252
1580.448     5095.872
1582.475     5101.866
1582.749     5103.729
1586.163     5120.091
1586.491     5121.63
1588.012     5124.708
1590.431     5133.942
1590.592     5134.347
1594.011     5146.902
1594.731     5146.173
1595.796     5158.728
1598.473     5160.024
1599.763     5169.744
1601.875     5173.47
1602.714     5174.523
1603.628     5180.517
1606.617     5184.729
1607.584     5192.829
1609.718     5198.256
1611.46     5203.197
1614.61     5218.506
1614.82     5221.341
1617.481     5226.444
1618.884     5230.656
1619.341     5229.36
1622.604     5241.996
1623.335     5244.183
1625.297     5252.931
1626.829     5260.302
1629.103     5265.405
1630.651     5268.078
1631.248     5271.318
1634.575     5283.144
1635.231     5288.814
1636.844     5295.618
1638.962     5304.933
1640.8     5311.089
1642.681     5319.108
1643.353     5318.379
1646.606     5330.691
1647.073     5331.744
1648.498     5340.411
1651.223     5348.997
1651.352     5348.106
1654.631     5363.01
1655.314     5359.203
1656.335     5362.119
1659.211     5375.889
1660.238     5377.023
1663.254     5387.31
1663.453     5386.419
1666.447     5397.192
1667.382     5406.102
1668.129     5404.968
1671.242     5417.442
1671.468     5418.252
1674.112     5424.651
1675.456     5431.374
1675.945     5437.287
1679.375     5446.116
1679.972     5448.87
1681.907     5451.381
1683.697     5457.375
1685.933     5464.989
1687.465     5470.659
1688.019     5475.519
1691.422     5487.021
1691.76     5491.638
1693.706     5497.632
1695.744     5499.819
1695.964     5499.738
1699.447     5519.178
1700.152     5522.499
1701.495     5529.627
1703.952     5534.406
1705.393     5541.615
1707.468     5551.497
1708.285     5552.631
1709.441     5554.008
1712.128     5567.535
1713.375     5569.236
1716.165     5580.576
1716.332     5583.816
1719.423     5597.343
1720.17     5600.664
1721.127     5601.069
1724.202     5610.87
1727.309     5610.627
1728.303     5617.755
1729.056     5623.101
1732.319     5636.79
1732.561     5637.6
1735.12     5649.021
1736.641     5655.582
1737.06     5658.093
1740.458     5664.006
1741.06     5667.57
1744.564     5683.851
1744.823     5687.334
1746.924     5693.652
1748.607     5695.434
1749.284     5693.895
1752.606     5710.743
1752.966     5711.229
1754.644     5713.173
1756.95     5724.756
1757.288     5724.756
1760.686     5741.199
1761.293     5743.548
1762.524     5750.757
1765.207     5758.695
1766.475     5764.284
1768.631     5769.792
1769.469     5765.985
1772.566     5783.643
1773.286     5785.587
1774.324     5787.369
1777.237     5800.896
1777.511     5804.136
1780.436     5819.283
1781.527     5817.42
1784.462     5828.922
1785.451     5832.324
1786.155     5838.318
1788.257     5846.094
1789.628     5849.577
1792.219     5859.621
1793.525     5860.431
1794.079     5860.917
1797.589     5872.419
1797.901     5871.285
1800.191     5881.248
1802.002     5889.267
1802.309     5891.049
1805.765     5898.339
1806.448     5902.551
1808.023     5907.492
1810.146     5912.271
1811.915     5923.125
1813.899     5930.658
1814.511     5931.63
1815.866     5938.353
1818.376     5941.026
1819.914     5953.662
1822.032     5960.304
1822.714     5959.008
1825.929     5972.697
1826.542     5976.099
1827.805     5976.666
1830.606     5985.252
1831.778     5989.14
1833.966     5996.754
1835.003     6000.885
1837.981     6018.219
1838.9     6020.163
1839.814     6019.353
1842.991     6028.101
1843.787     6028.02
1847.136     6038.145
1847.77     6044.22
1849.818     6043.815
1851.323     6054.264
1853.705     6054.75
1855.102     6065.442
1855.839     6071.193
1859.317     6079.617
1859.618     6083.262
1861.569     6084.153
1863.622     6091.767
1863.87     6094.197
1867.364     6103.512
1867.95     6111.045
1869.471     6114.204
1871.836     6128.46
1873.481     6132.753
1875.519     6139.314
1876.223     6141.987
1879.545     6157.134
1880.104     6159.483
1881.399     6163.695
1884.216     6174.144
1884.426     6173.253
1887.635     6189.129
1888.608     6192.774
1889.495     6195.123
1892.489     6202.737
1893.543     6212.295
1895.72     6220.557
1896.849     6224.688
1899.655     6234.408
1900.741     6235.785
1901.515     6235.623
1903.687     6244.047
1905.025     6247.368
1907.675     6259.275
1909.143     6265.998
1909.6     6270.939
1913.062     6281.145
1913.244     6276.042
1915.545     6283.818
1917.4     6290.055
1919.544     6294.348
1921.243     6298.641
1921.877     6307.794
1923.528     6315.651
1925.683     6324.642
1925.882     6328.773
1929.317     6342.867
1930.113     6342.786
1933.569     6359.067
1934.016     6359.958
1935.558     6362.55
1937.655     6367.491
1938.337     6373.89
1941.665     6380.856
1942.342     6383.448
1943.503     6391.062
1946.476     6404.184
1946.686     6406.128
1949.868     6420.546
1950.906     6419.574
1951.69     6424.758
1954.765     6432.615
1954.959     6431.643
1957.786     6441.363
1959.109     6445.818
1961.888     6459.183
1963.312     6461.694
1965.941     6463.8
1967.269     6471.171
1968     6478.056
1971.36     6488.91
1971.682     6491.907
1973.945     6497.091
1975.832     6507.216
1976.155     6504.219
1979.643     6514.668
1979.928     6518.07
1981.917     6523.659
1984.073     6533.703
1984.288     6532.974
1987.739     6540.507
1988.422     6545.529
1989.889     6549.498
1992.357     6558.651
1993.872     6561.243
1996.007     6570.801
1996.727     6580.359
1999.947     6589.674
2000.56     6594.21
2001.855     6596.64
2004.059     6598.746
2004.984     6604.578
2008.128     6614.055
2008.924     6621.345
2009.784     6624.423
2012.031     6638.274
2013.16     6640.299
2016.057     6648.561
2017.159     6649.776
2018.009     6657.795
2021.299     6668.892
2021.514     6674.238
2024.035     6684.93
2025.61     6684.201
2028.099     6694.731
2029.808     6698.619
2030.249     6705.342
2033.635     6714.414
2034.27     6719.76
2036.033     6730.938
2038.081     6735.069
2040.065     6740.658
2041.973     6745.194
2042.537     6746.571
2046.015     6754.185
2046.408     6754.347
2048.053     6771.843
2050.499     6773.787
2050.784     6778.161
2054.176     6791.769
2054.971     6787.719
2058.277     6802.299
2058.847     6803.19
2060.169     6810.885
2063.147     6824.412
2063.33     6826.518
2066.351     6829.92
2067.437     6833.16
2068.2     6840.612
2071.275     6847.011
2072.232     6850.899
2075.484     6860.943
2075.662     6862.401
2078.457     6871.716
2079.699     6878.844
2080.36     6883.38
2083.978     6893.586
2086.461     6898.77
2088.165     6907.194
2090.38     6911.649
2092.019     6921.855
2092.686     6918.858
2094.46     6918.129
2096.401     6933.033
2098.449     6935.868
2100.739     6947.046
2100.981     6949.881
2104.512     6959.277
2105.184     6966.081
2106.555     6970.131
2109.06     6979.77
2110.571     6982.524
2112.64     6989.328
2113.479     6996.942
2116.645     7008.606
2117.333     7012.818
2118.376     7017.273
2121.574     7030.233
2121.789     7031.124
2124.784     7031.691
2125.966     7040.034
2128.729     7050.321
2130.046     7052.184
2130.611     7056.882
2134.046     7071.138
2134.239     7072.191
2136.776     7077.942
2138.4     7084.827
2140.706     7091.388
2142.19     7097.787
2142.888     7097.625
2146.383     7112.772
2146.667     7114.878
2148.861     7122.168
2150.86     7130.673
2151.188     7132.941
2154.586     7146.387
2155.301     7150.68
2158.795     7164.207
2159.187     7168.014
2160.918     7173.441
2163.407     7177.329
2163.697     7180.488
2167.041     7185.834
2167.815     7188.345
2168.955     7199.604
2171.701     7204.788
2172.959     7214.508
2175.927     7220.583
2176.131     7219.53
2179.098     7233.867
2180.2     7234.272
2181.066     7239.375
2184.13     7251.444
2185.044     7257.519
2187.199     7266.429
2188.618     7265.862
2191.317     7278.255
2192.779     7276.473
2193.354     7279.794
2196.709     7288.785
2197.456     7299.396
2199.429     7305.876
2201.014     7309.44
2204.939     7317.216
2205.686     7319.727
2207.454     7328.313
2209.459     7334.55
2209.739     7331.472
2213.206     7348.563
2213.916     7351.965
2215.491     7355.934
2217.856     7365.654
2219.512     7371.162
2221.485     7378.371
2222.334     7383.879
2225.726     7394.814
2226.575     7399.431
2227.753     7403.481
2230.473     7408.908
2230.666     7409.961
2233.951     7424.541
2234.875     7428.186
2235.805     7432.884
2238.853     7446.735
2239.837     7449.651
2242.068     7454.997
2243.293     7457.751
2246.153     7472.655
2247.223     7478.487
2248.121     7481.727
2251.33     7495.659
2252.201     7492.419
2255.544     7508.133
2255.781     7509.753
2258.259     7520.445
2259.597     7530.57
2260.21     7531.299
2263.806     7541.424
2264.102     7544.988
2266.113     7545.879
2268.155     7557.867
2268.526     7557.624
2272.074     7567.101
2272.413     7570.26
2274.181     7579.413
2276.041     7589.214
2276.756     7590.591
2280.272     7602.336
2281.019     7604.118
2282.309     7607.115
2285.013     7619.508
2286.325     7620.966
2288.507     7627.041
2289.399     7633.116
2290.437     7635.303
2293.329     7648.344
2294.496     7651.179
2296.673     7656.201
2297.769     7663.005
2300.742     7675.236
2301.661     7676.289
2302.602     7689.168
2304.79     7694.919
2306.058     7691.598
2308.698     7706.988
2309.902     7709.418
2310.719     7712.253
2314.116     7725.051
2314.342     7727.805
2316.772     7735.095
2318.266     7738.821
2318.938     7742.79
2322.395     7749.108
2322.733     7750.323
2326.604     7762.878
2326.996     7760.934
2328.91     7766.442
2331.065     7780.779
2331.383     7782.237
2334.979     7791.714
2335.366     7796.574
2336.979     7805.079
2339.505     7813.422
2339.688     7811.64
2343.064     7821.846
2343.617     7821.603
2345.004     7825.491
2347.859     7838.208
2348.047     7838.613
2351.224     7850.439
2352.304     7861.293
2353.181     7865.748
2356.261     7875.468
2356.47     7877.169
2359.518     7885.269
2360.653     7888.752
2361.303     7894.26
2364.631     7903.575
2365.539     7899.93
2367.673     7905.681
2369.071     7915.887
2369.581     7916.535
2372.92     7926.903
2373.651     7925.688
2375.704     7928.28
2377.397     7937.352
2379.677     7952.58
2381.236     7956.468
2381.967     7957.845
2383.794     7961.814
2385.751     7969.185
2387.751     7976.313
2389.939     7996.32
2390.202     7999.317
2393.696     8004.339
2394.121     8003.61
2395.723     8007.012
2398.179     8020.458
2398.459     8027.505
2401.813     8037.711
2402.351     8035.848
2403.738     8038.035
2406.646     8049.213
2406.829     8056.017
2409.909     8070.597
2411.032     8068.248
2411.968     8068.896
2415.102     8082.018
2416.08     8090.766
2418.236     8098.704
2419.52     8104.374
2420.208     8106.48
2423.493     8110.206
2424.143     8115.309
2426.235     8124.057
2427.75     8136.126
2430.325     8137.908
2431.804     8144.064
2432.481     8142.363
2434.421     8151.192
2436.19     8167.149
2436.572     8168.688
2439.985     8175.654
2440.603     8180.271
2444.13     8189.667
2444.49     8192.421
2448.237     8208.945
2448.715     8209.107
2450.398     8207.568
2452.881     8220.204
2453.075     8223.444
2456.391     8238.996
2457.219     8238.996
2460.525     8243.856
2461.181     8244.909
2462.525     8259.408
2464.675     8270.424
2465.6     8271.315
2468.701     8287.353
2469.583     8286.948
2470.551     8292.537
2473.717     8304.12
2474.593     8313.111
2476.711     8316.27
2478.007     8309.709
2478.609     8308.98
2481.968     8328.096
2482.667     8335.224
2486.134     8346.726
2486.414     8342.271
2488.806     8349.156
2490.295     8355.96
2490.935     8367.867
2494.424     8378.64
2494.757     8378.964
2496.757     8383.176
2498.858     8385.282
2499.181     8386.74
2502.627     8414.118
2501.863     8412.336
2499.45     8401.563
2499.444     8400.591
2496.773     8392.248
2496.079     8390.628
2495.515     8389.575
2492.983     8372.97
2492.558     8367.867
2490.602     8364.141
2489.784     8360.901
2487.57     8349.561
2486.602     8350.857
2486.344     8356.446
2483.436     8345.187
2483.447     8344.539
2481.404     8338.383
2480.189     8331.336
2480.001     8333.685
2477.077     8325.018
2476.905     8315.46
2475.442     8311.572
2473.867     8309.628
2473.792     8309.142
2470.852     8300.799
2470.69     8299.179
2467.798     8296.182
2467.578     8293.671
2464.675     8281.521
2464.358     8282.007
2463.364     8278.767
2461.154     8264.349
2461.165     8267.022
2458.348     8260.785
2457.95     8257.869
2457.171     8258.517
2454.703     8240.859
2454.08     8243.127
2452.112     8237.376
2451.602     8228.79
2451.048     8231.463
2448.35     8225.307
2447.979     8223.282
2445.167     8209.836
2445.167     8208.945
2442.926     8203.599
2441.99     8199.306
2441.679     8201.412
2438.743     8188.209
2438.727     8189.181
2436.84     8187.156
2435.502     8176.383
2435.351     8175.492
2432.379     8170.227
2432.18     8169.336
2430.68     8170.146
2429.116     8158.32
2427.589     8151.597
2426.052     8150.544
2425.837     8147.709
2422.832     8140.743
2422.671     8135.154
2421.477     8126.487
2419.494     8122.356
2419.456     8121.465
2416.483     8116.2
2416.059     8112.15
2413.263     8094.33
2412.806     8097.165
2412.07     8094.573
2410.151     8091.495
2409.699     8084.448
2407.119     8075.052
2406.469     8076.915
2405.893     8068.248
2403.195     8063.955
2403.243     8061.606
2400.83     8044.92
2400.012     8046.297
2399.663     8041.032
2396.75     8032.689
2396.712     8038.44
2394.567     8023.86
2393.444     8022.726
2393.229     8020.62
2390.202     8017.299
2389.998     8009.442
2388.31     8005.149
2386.923     8001.342
2386.778     7998.588
2383.816     7989.678
2383.612     7987.41
2382.209     7980.768
2380.456     7980.282
2379.091     7967.403
2377.328     7968.051
2377.075     7966.107
2373.833     7957.359
2373.801     7960.761
2370.974     7955.739
2370.592     7946.343
2369.544     7949.583
2367.216     7932.006
2367.227     7932.249
2364.523     7928.523
2363.991     7926.822
2363.324     7924.473
2360.717     7914.591
2360.083     7912.89
2358.105     7902.765
2357.39     7897.662
2356.895     7901.307
2354.046     7888.995
2353.729     7886.646
2351.788     7881.705
2350.826     7871.094
2348.638     7870.77
2347.477     7869.636
2347.187     7861.05
2345.472     7858.134
2344.182     7851.411
2342.311     7846.227
2340.994     7836.993
2340.806     7839.99
2339.242     7833.348
2337.656     7821.117
2336.097     7824.357
2334.5     7815.852
2334.285     7813.746
2331.184     7806.132
2330.979     7800.219
2329.705     7798.599
2327.69     7787.826
2327.674     7788.879
2324.765     7777.944
2324.394     7777.215
2323.464     7773.165
2321.019     7764.66
2321.013     7765.389
2318.239     7755.669
2317.739     7754.373
2317.003     7754.697
2314.369     7741.332
2313.81     7745.787
2311.783     7741.089
2310.574     7729.83
2307.779     7714.116
2307.741     7713.63
2305.451     7706.016
2304.446     7700.751
2302.285     7693.299
2301.145     7693.299
2300.892     7688.034
2297.893     7684.632
2297.802     7683.255
2295.872     7669.89
2294.565     7667.541
2294.35     7674.264
2291.276     7655.391
2291.136     7654.014
2289.55     7647.048
2287.76     7644.942
2287.685     7646.562
2284.561     7638.057
2284.336     7631.091
2283.121     7622.991
2281.094     7617.24
2278.036     7607.034
2277.686     7602.417
2276.799     7604.118
2274.429     7595.532
2274.423     7595.613
2271.601     7585.407
2271.085     7582.896
2270.359     7580.223
2267.747     7574.391
2267.693     7572.447
2265.145     7566.939
2264.36     7564.104
2263.855     7560.783
2260.974     7544.178
2260.554     7545.231
2257.619     7530.57
2257.587     7530.165
2255.388     7533.891
2254.276     7529.355
2253.985     7520.364
2250.932     7512.345
2250.62     7505.865
2248.938     7503.759
2247.475     7500.6
2247.346     7498.332
2244.272     7488.045
2243.987     7486.911
2242.535     7483.752
2240.735     7477.11
2239.283     7469.82
2237.574     7460.1
2237.257     7461.234
2234.268     7452.486
2233.934     7445.52
2232.892     7445.52
2230.596     7439.04
2230.542     7444.386
2227.742     7432.317
2227.253     7433.127
2226.387     7429.239
2223.812     7415.955
2223.119     7413.039
2221.087     7409.475
2220.356     7407.45
2217.813     7400.322
2217.034     7392.222
2216.507     7390.035
2214.534     7382.259
2213.599     7379.424
2211.422     7368.894
2210.363     7372.053
2209.981     7370.919
2206.976     7361.118
2206.675     7360.146
2204.896     7353.423
2203.482     7349.616
2201.923     7337.547
2200.316     7331.796
2200.106     7331.553
2198.724     7326.936
2196.752     7314.543
2195.499     7315.677
2193.645     7306.848
2193.295     7304.58
2190.274     7296.804
2189.855     7298.91
2188.903     7291.62
2186.409     7287.003
2186.42     7282.629
2183.641     7276.311
2183.017     7274.61
2180.324     7264.728
2179.587     7261.65
2179.05     7262.784
2176.228     7254.279
2175.851     7251.363
2173.825     7242.939
2172.889     7244.721
2170.535     7229.817
2169.492     7227.954
2169.11     7229.331
2167.267     7222.041
2166.036     7216.209
2164.014     7206.327
2162.687     7202.601
2162.45     7199.523
2159.322     7190.208
2159.236     7188.669
2157.462     7182.108
2155.817     7177.896
2155.715     7174.413
2152.559     7161.534
2152.258     7157.727
2150.909     7157.565
2148.871     7146.549
2148.861     7145.334
2145.711     7133.184
2145.372     7134.075
2144.281     7127.271
2141.98     7122.006
2141.174     7119.738
2139.222     7109.451
2138.615     7108.884
2135.717     7101.756
2135.105     7096.329
2134.46     7100.784
2131.74     7088.958
2131.137     7086.852
2129.041     7080.048
2128.299     7081.83
2125.708     7068.222
2124.789     7065.063
2124.37     7068.384
2121.408     7056.234
2121.359     7057.044
2119.107     7049.025
2117.871     7044.975
2115.817     7036.227
2114.554     7033.716
2114.226     7029.018
2112.581     7021.08
2111.017     7016.058
2109.259     7006.338
2107.55     7005.69
2107.463     7003.908
2104.308     6996.699
2104.136     6996.699
2102.728     6990.786
2100.626     6984.063
2100.588     6982.929
2097.535     6969.483
2097.185     6969.078
2096.078     6967.134
2093.724     6958.224
2092.718     6952.392
2090.681     6949.638
2090.235     6944.94
2089.445     6941.538
2086.768     6930.198
2086.015     6932.223
2083.37     6925.743
2082.698     6923.637
2079.908     6911.487
2079.812     6905.493
2077.247     6903.63
2076.398     6892.533
2075.947     6888.969
2072.925     6878.52
2072.823     6880.302
2070.555     6874.551
2069.383     6866.613
2067.276     6861.753
2065.948     6859.404
2065.706     6850.008
2063.964     6844.419
2062.341     6838.911
2060.685     6835.023
2059.137     6832.188
2058.756     6830.244
2055.67     6818.985
2055.482     6820.119
2053.912     6812.748
2052.165     6809.265
2051.843     6805.782
2048.773     6791.364
2048.483     6789.096
2047.332     6787.233
2044.983     6780.996
2044.892     6783.831
2041.914     6765.606
2041.355     6762.366
2040.436     6760.665
2037.861     6755.076
2037.14     6750.054
2035.103     6744.708
2034.361     6740.82
2031.733     6734.502
2030.964     6734.745
2030.383     6734.421
2028.362     6724.458
2027.454     6717.573
2024.965     6707.448
2023.873     6704.127
2023.497     6705.018
2020.471     6691.491
2020.385     6691.815
2018.251     6687.603
2016.907     6682.662
2016.665     6683.715
2013.509     6669.702
2013.38     6668.406
2011.515     6663.465
2009.865     6662.655
2009.736     6659.172
2006.521     6646.05
2006.242     6646.779
2004.908     6635.034
2002.801     6632.28
2002.785     6632.199
1999.635     6618.429
1999.248     6620.454
1998.125     6609.519
1995.802     6602.472
1994.727     6599.151
1992.738     6592.266
1992.297     6593.886
1989.341     6582.627
1988.75     6582.384
1987.992     6580.116
1985.965     6577.2
1985.191     6570.477
1981.718     6561.486
1981.213     6561.162
1979.149     6557.598
1978.133     6543.666
1977.644     6539.049
1974.714     6527.628
1974.268     6529.248
1971.128     6523.74
1971.042     6518.313
1968.919     6514.668
1967.57     6510.294
1967.269     6509.565
1964.092     6497.415
1963.963     6494.337
1962.178     6490.935
1960.458     6483.645
1960.34     6484.941
1957.087     6474.006
1956.749     6466.878
1955.367     6467.202
1953.362     6454.647
1951.981     6453.189
1950.148     6446.952
1949.82     6443.631
1946.745     6434.559
1946.213     6434.154
1945.31     6430.914
1942.848     6423.3
1941.864     6417.225
1939.832     6411.717
1939.208     6412.284
1936.392     6398.757
1935.72     6397.056
1935.075     6389.847
1932.263     6384.096
1932.15     6384.663
1929.613     6375.51
1928.602     6369.84
1928.188     6367.977
1925.114     6356.475
1924.737     6357.285
1922.764     6347.808
1921.507     6349.104
1919.34     6336.549
1917.873     6331.122
1917.647     6329.745
1914.545     6321.645
1914.432     6318.081
1912.503     6310.71
1910.836     6308.523
1909.111     6299.208
1907.406     6293.295
1907.046     6289.407
1903.837     6278.067
1903.617     6276.609
1902.251     6270.21
1900.026     6263.406
1899.891     6264.297
1896.811     6252.309
1896.338     6251.175
1893.425     6241.293
1892.919     6240.483
1891.914     6231.33
1889.936     6226.875
1889.183     6227.685
1886.388     6214.968
1885.603     6212.133
1884.947     6211.323
1882.098     6203.709
1881.507     6202.251
1878.583     6188.319
1878.077     6182.406
1874.96     6170.094
1874.852     6169.608
1872.664     6172.2
1871.342     6161.103
1871.035     6160.293
1867.821     6150.249
1867.541     6143.283
1865.751     6138.018
1864.203     6128.784
1862.381     6128.784
1860.843     6122.466
1860.456     6122.223
1857.269     6109.992
1856.876     6108.048
1855.473     6106.185
1853.414     6097.761
1853.296     6098.247
1850.076     6095.331
1849.668     6083.019
1846.577     6075.972
1846.152     6074.028
1845.093     6071.112
1843.093     6066.252
1842.454     6057.666
1839.551     6053.778
1838.879     6052.563
1838.099     6050.133
1835.363     6035.391
1834.637     6036.363
1832.53     6029.235
1831.692     6029.478
1829.117     6017.409
1828.208     6009.552
1827.698     5999.751
1824.628     5993.271
1824.537     5998.698
1822.166     5987.52
1820.844     5984.685
1820.516     5981.121
1817.409     5977.152
1816.92     5973.183
1815.253     5963.463
1813.662     5959.98
1811.7     5947.506
1810.13     5942.565
1809.797     5942.322
1806.55     5936.004
1806.373     5936.976
1804.728     5922.639
1802.701     5922.153
1802.588     5920.128
1799.406     5909.436
1799.046     5908.221
1797.799     5896.476
1795.428     5901.093
1794.423     5892.669
1792.364     5888.133
1791.848     5887.809
1790.918     5881.005
1788.3     5867.559
1787.483     5863.347
1784.591     5858.487
1784.408     5860.836
1781.737     5843.502
1780.909     5842.935
1780.194     5838.318
1777.372     5831.352
1776.743     5831.514
1773.652     5820.741
1773.189     5816.124
1771.26     5809.32
1769.969     5797.413
1767.755     5795.226
1766.303     5792.472
1766.04     5794.254
1762.906     5779.026
1762.766     5775.219
1760.783     5769.954
1759.014     5763.069
1757.348     5760.315
1755.638     5754.402
1755.305     5751.081
1753.859     5747.922
1751.886     5738.202
1750.354     5735.772
1748.145     5723.46
1748.037     5721.597
1744.946     5714.712
1744.495     5712.444
1743.419     5710.986
1740.855     5698.026
1739.839     5696.811
1737.818     5689.764
1737.125     5685.876
1734.346     5675.994
1733.598     5668.623
1732.808     5665.221
1729.868     5655.177
1729.83     5653.395
1727.191     5646.186
1726.142     5636.547
1725.685     5637.438
1722.546     5630.634
1722.089     5631.687
1718.977     5624.64
1718.869     5619.942
1716.681     5615.892
1715.343     5611.518
1714.864     5605.038
1711.612     5594.022
1711.462     5591.673
1709.629     5583.573
1707.801     5575.23
1707.667     5576.364
1704.334     5561.703
1703.974     5565.348
1702.544     5555.223
1700.41     5553.198
1700.259     5553.441
1697.141     5538.699
1696.577     5538.861
1693.459     5529.384
1693.034     5526.387
1691.825     5517.558
1689.352     5513.265
1689.288     5514.48
1686.347     5507.433
1685.616     5508.243
1684.794     5499.09
1681.982     5495.283
1681.208     5484.267
1679.165     5478.516
1678.262     5478.354
1675.569     5465.232
1674.612     5462.316
1674.107     5453.649
1670.951     5449.356
1670.516     5448.627
1667.361     5438.502
1666.85     5441.175
1663.694     5432.751
1663.501     5433.156
1661.496     5427.324
1659.964     5423.193
1659.507     5410.8
1656.26     5396.301
1655.841     5392.575
1654.357     5388.201
1652.422     5385.852
1652.25     5388.363
1649.068     5377.995
1648.573     5376.618
1645.439     5368.761
1644.971     5365.116
1643.826     5361.39
1641.424     5350.779
1640.241     5350.374
1638.182     5339.925
1637.542     5337.9
1634.564     5322.591
1633.951     5318.298
1633.118     5318.703
1630.248     5308.011
1630.167     5304.528
1627.34     5298.777
1626.404     5290.596
1625.818     5289.624
1622.808     5278.689
1622.217     5282.253
1620.238     5273.343
1619.029     5262.813
1616.621     5255.766
1615.4     5252.607
1614.933     5251.068
1611.783     5244.588
1611.358     5238.513
1609.584     5232.924
1607.826     5230.008
1605.961     5217.21
1604.375     5212.269
1603.972     5215.509
1600.677     5198.418
1600.424     5198.904
1598.806     5196.717
1596.726     5186.673
1596.607     5188.455
1593.425     5174.604
1592.936     5172.093
1591.721     5168.529
1589.286     5154.759
1588.125     5153.625
1586.044     5145.444
1585.389     5142.852
1582.48     5137.101
1581.776     5130.702
1580.819     5131.755
1578.062     5128.758
1577.981     5128.677
1575.191     5111.019
1574.25     5106.888
1573.681     5097.411
1570.622     5090.445
1570.068     5087.043
1568.036     5081.13
1566.864     5079.024
1564.483     5066.955
1562.897     5063.877
1560.989     5055.453
1559.392     5051.646
1557.339     5044.113
1555.936     5039.739
1555.474     5037.876
1552.146     5026.779
1551.926     5025.078
1550.109     5018.112
1548.174     5009.364
1546.582     5004.909
1544.765     4997.376
1544.303     4994.946
1542.954     4996.89
1540.589     4985.955
1539.277     4980.771
1536.906     4970.16
1536.788     4968.783
1533.66     4958.982
1532.971     4953.636
1532.085     4948.209
1529.37     4944.321
1528.521     4940.19
1526.386     4930.875
1525.537     4929.984
1524.828     4928.931
1521.892     4918.725
1521.156     4920.264
1518.13     4905.117
1517.995     4904.064
1515.436     4897.584
1514.351     4893.21
1513.942     4891.914
1510.727     4878.549
1510.163     4876.362
1508.33     4870.125
1506.803     4865.751
1504.68     4860.81
1503.271     4855.059
1502.793     4853.439
1499.433     4842.909
1499.229     4846.311
1498.503     4844.853
1495.466     4833.999
1495.38     4833.675
1492.827     4820.796
1491.59     4815.126
1489.403     4805.568
1488.048     4798.764
1487.51     4803.705
1485.704     4797.549
1483.952     4786.047
1482.033     4777.866
1480.178     4775.031
1479.99     4775.031
1476.679     4760.532
1476.27     4761.504
1474.813     4753.809
1472.668     4744.98
1471.206     4741.254
1469.293     4732.911
1468.755     4739.715
1465.626     4727.646
1465.126     4720.275
1463.976     4717.44
1461.38     4700.268
1460.369     4702.293
1458.278     4694.517
1457.542     4697.352
1453.918     4687.956
1453.773     4682.286
1450.94     4676.778
1450.032     4670.541
1449.467     4670.136
1446.377     4656.447
1445.764     4648.671
1443.673     4644.054
1442.399     4636.683
1440.082     4629.555
1438.867     4627.935
1438.27     4625.91
1434.98     4610.52
1434.556     4609.062
1432.986     4606.713
1431.062     4601.205
1430.938     4597.722
1427.713     4583.871
1427.202     4585.167
1423.896     4567.671
1423.477     4566.456
1422.203     4563.54
1420.144     4555.116
1419.515     4553.496
1416.402     4544.262
1415.816     4545.882
1414.935     4541.427
1412.107     4534.461
1411.124     4527.495
1408.93     4519.071
1408.156     4518.018
1405.366     4504.977
1404.447     4502.628
1403.77     4499.307
1400.62     4489.101
1400.539     4488.534
1398.034     4479.462
1396.685     4479.948
1396.287     4476.87
1393.04     4459.617
1392.583     4458.726
1390.718     4451.922
1389.116     4444.146
1387.025     4441.392
1385.235     4434.102
1385.068     4434.426
1381.805     4423.248
1381.348     4423.167
1379.816     4414.662
1377.65     4404.213
1376.172     4403.16
1373.925     4394.736
1373.715     4391.496
1370.538     4380.723
1370.124     4378.131
1368.893     4372.056
1366.27     4370.193
1365.222     4354.074
1362.453     4347.918
1362.33     4347.675
1359.405     4337.388
1358.551     4345.812
1357.862     4341.033
1354.852     4327.587
1354.159     4323.213
1352.089     4312.683
1350.971     4309.281
1348.342     4300.533
1347.144     4299.561
1344.746     4297.455
1343.3     4284.576
1341.058     4280.931
1339.655     4274.046
1339.123     4272.831
1335.78     4264.893
1335.581     4257.198
1333.667     4253.715
1331.775     4245.777
1331.565     4245.534
1328.254     4234.275
1327.883     4226.256
1324.523     4220.505
1324.211     4213.944
1322.658     4221.153
1320.325     4206.33
1318.992     4198.068
1316.981     4193.775
1316.358     4193.127
1315.272     4189.563
1312.627     4182.678
1311.627     4174.011
1308.816     4169.313
1308.644     4166.478
1305.666     4158.945
1304.752     4155.219
1304.107     4150.602
1301.156     4135.374
1300.408     4138.695
1297.226     4128.489
1297.14     4127.355
1294.565     4119.741
1293.35     4111.479
1292.877     4109.859
1289.673     4100.868
1289.157     4091.31
1285.868     4085.235
1285.669     4084.101
1283.615     4078.836
1281.938     4077.702
1281.675     4078.836
1278.272     4064.58
1277.767     4059.882
1276.24     4052.673
1274.203     4037.04
1272.547     4031.208
1270.343     4029.183
1268.87     4017.195
1266.989     4013.955
1266.36     4011.525
1263.118     4003.992
1262.672     4005.369
1261.538     3997.269
1258.877     3995.406
1258.726     3992.652
1255.619     3978.396
1254.84     3975.642
1253.974     3975.075
1251.061     3964.788
1250.271     3957.579
1247.255     3952.233
1247.163     3949.965
1244.39     3938.301
1243.417     3937.734
1242.707     3931.578
1239.536     3920.157
1238.928     3917.484
1236.901     3911.085
1235.407     3903.957
1231.752     3890.754
1231.531     3887.838
1229.489     3890.511
1227.763     3878.928
1227.505     3875.607
1224.188     3865.32
1223.742     3863.052
1220.226     3852.117
1219.942     3850.983
1218.345     3847.419
1216.13     3835.836
1215.91     3835.674
1212.625     3827.817
1211.954     3819.15
1210.852     3817.449
1208.373     3803.355
1207.288     3804.408
1205.218     3799.953
1204.385     3791.934
1201.391     3788.37
1200.53     3784.32
1199.692     3785.859
1196.741     3771.927
1196.622     3769.092
1193.897     3763.746
1192.827     3749.49
1190.166     3745.278
1189.059     3738.15
1188.457     3738.15
1185.226     3727.863
1185.065     3725.271
1182.727     3708.99
1181.195     3713.364
1180.813     3715.956
1177.566     3706.479
1177.039     3690.846
1173.722     3677.4
1173.497     3682.341
1171.519     3676.752
1169.546     3664.44
1169.315     3661.767
1165.982     3659.013
1165.46     3656.097
1162.213     3639.411
1161.794     3642.327
1160.321     3637.629
1157.859     3633.66
1157.768     3630.096
1154.548     3611.547
1153.924     3621.51
1152.898     3615.273
1150.113     3602.475
1149.172     3593.646
1147.027     3587.571
1146.081     3592.512
1143.179     3580.686
1142.093     3571.776
1141.496     3571.371
1138.464     3568.455
1137.738     3558.006
1135.642     3549.258
1134.416     3552.012
1131.927     3537.918
1130.713     3530.709
1130.148     3527.307
1126.842     3519.693
1126.67     3520.989
1124.466     3512.97
1122.746     3502.926
1119.058     3492.072
1118.843     3491.829
1116.897     3492.639
1115.22     3490.776
1114.731     3485.268
1111.355     3467.286
1110.861     3466.071
1109.372     3468.42
1107.092     3451.653
1105.646     3451.491
1103.604     3444.849
1102.969     3438.531
1099.69     3432.618
1099.12     3427.839
1098.061     3426.867
1095.234     3413.097
1094.331     3408.561
1092.148     3399.489
1091.353     3394.224
1090.568     3395.358
1087.552     3380.13
1086.714     3377.052
1083.633     3360.933
1083.451     3357.531
1080.795     3354.939
1079.607     3352.752
1079.07     3350.808
1075.807     3336.228
1075.129     3340.035
1071.845     3327.399
1071.7     3324.645
1069.533     3323.997
1067.818     3312.009
1067.539     3313.305
1064.185     3302.289
1063.652     3296.133
1060.314     3289.734
1060.024     3287.871
1058.298     3278.475
1056.105     3267.459
1054.46     3257.496
1052.53     3254.904
1052.025     3256.686
1048.681     3248.181
1048.208     3246.48
1047.08     3235.059
1044.338     3231.009
1044.134     3227.526
1041.113     3215.457
1040.328     3214.809
1039.452     3208.815
1036.533     3198.852
1035.635     3193.263
1033.452     3190.347
1032.48     3184.272
1029.711     3171.636
1028.706     3172.365
1027.943     3160.134
1024.825     3158.757
1024.158     3155.274
1022.142     3148.794
1020.594     3146.526
1020.175     3141.018
1016.906     3134.295
1016.358     3128.706
1013.004     3118.581
1012.805     3116.718
1010.746     3103.029
1008.585     3103.515
1006.929     3101.247
1004.994     3086.343
1003.215     3083.184
1001.393     3076.866
1000.748     3075.003
997.382     3063.258
996.85     3054.591
995.646     3052.08
993.136     3039.363
992.023     3035.232
989.953     3026.808
989.158     3020.49
986.051     3016.197
985.476     3013.362
984.422     3009.717
981.498     2988.981
981.315     2991.087
978.428     2990.358
977.391     2988.414
974.52     2978.856
973.574     2973.915
972.864     2969.622
969.596     2956.014
969.43     2954.718
966.941     2946.456
965.532     2937.141
965.161     2939.652
961.742     2926.449
961.259     2926.044
959.404     2919.969
957.705     2914.704
955.587     2909.763
953.62     2902.878
953.362     2902.716
950.034     2883.924
949.508     2879.793
947.97     2878.497
945.847     2868.939
944.256     2866.59
942.326     2854.683
941.799     2858.247
938.504     2851.119
938.004     2849.661
936.714     2847.96
934.074     2836.134
932.843     2828.034
930.688     2822.769
929.844     2815.074
926.877     2802.762
926.108     2799.36
925.221     2799.036
922.071     2791.017
921.904     2792.475
919.227     2787.372
918.023     2778.543
915.362     2762.019
914.314     2762.991
913.712     2757.483
910.347     2751.489
910.159     2745.819
907.799     2732.049
906.229     2736.747
906.003     2734.074
902.6     2723.22
902.101     2718.846
900.547     2713.095
898.338     2706.939
896.644     2698.272
894.15     2692.926
892.973     2693.169
890.473     2684.988
889.14     2675.673
887.113     2668.302
886.334     2664.414
883.179     2656.476
882.447     2651.616
881.544     2649.267
878.631     2641.005
877.792     2632.662
874.728     2620.998
874.588     2616.948
871.815     2608.038
870.616     2605.527
870.041     2604.798
866.778     2594.997
866.095     2596.05
864.095     2587.302
862.789     2582.847
860.322     2575.071
858.752     2564.541
858.462     2564.055
855.021     2553.12
854.441     2554.497
851.054     2544.129
850.742     2540.16
848.818     2537.082
846.813     2530.845
846.609     2528.172
843.243     2516.427
842.647     2513.592
841.255     2508.408
838.787     2496.906
837.465     2490.345
835.003     2482.65
834.798     2482.569
831.638     2472.12
830.874     2471.958
829.837     2466.369
827.079     2458.755
826.009     2454.138
823.117     2442.879
822.902     2442.231
820.026     2431.863
819.032     2426.436
818.349     2425.869
815.162     2415.015
814.457     2413.395
811.168     2401.407
811.076     2401.407
808.507     2397.6
807.071     2392.092
806.641     2391.12
803.357     2382.372
802.895     2375.244
799.427     2358.477
799.158     2359.53
797.121     2354.751
795.127     2346.651
793.208     2344.626
791.455     2340.9
790.961     2341.305
787.601     2324.457
787.214     2317.491
785.607     2310.039
783.166     2298.861
783.005     2291.895
779.296     2285.091
778.033     2277.315
776.001     2273.508
775.194     2273.427
772.066     2264.274
771.232     2262.978
770.319     2258.037
767.335     2246.049
766.432     2243.376
763.282     2230.173
763.115     2230.416
760.352     2217.051
759.197     2212.596
758.605     2214.297
755.391     2209.842
754.805     2206.035
751.499     2193.48
751.337     2191.293
748.929     2187.243
747.3     2174.85
747.01     2172.501
743.742     2158.812
743.161     2155.815
739.764     2139.453
739.431     2135.403
737.415     2135.403
735.351     2122.281
733.609     2118.393
731.69     2114.991
731.238     2109.888
727.868     2101.707
727.432     2102.841
726.024     2097.414
723.428     2082.672
722.121     2079.594
720.046     2072.142
719.278     2073.357
716.187     2062.827
715.515     2060.802
714.402     2057.4
711.435     2054.241
710.58     2042.577
708.446     2034.639
707.371     2035.287
704.565     2024.109
703.473     2021.517
702.775     2015.199
699.517     2002.887
698.856     2000.538
696.899     1994.382
695.405     1993.653
692.98     1981.098
691.61     1977.048
691.045     1976.562
687.723     1966.194
687.443     1963.116
685.417     1954.206
683.38     1944.648
681.6     1936.629
679.81     1933.551
679.24     1928.529
675.929     1919.295
675.504     1922.616
674.021     1915.083
671.526     1905.282
671.258     1901.961
668.011     1887.948
667.28     1887.462
663.517     1875.636
663.35     1878.147
660.27     1878.228
659.421     1861.947
658.706     1865.673
655.626     1849.473
654.744     1851.174
651.615     1842.912
651.416     1838.457
648.75     1833.84
647.514     1823.31
646.998     1826.145
643.67     1813.752
642.966     1810.35
641.031     1802.655
639.488     1796.985
637.198     1790.586
635.548     1782.648
635.231     1782.729
631.72     1770.255
631.108     1765.557
627.716     1753.893
627.441     1751.787
625.635     1743.282
623.501     1739.232
623.286     1739.718
619.851     1725.057
619.319     1722.87
617.954     1716.228
615.465     1712.259
614.132     1702.62
611.487     1694.601
611.342     1692.414
608.17     1679.697
607.321     1677.348
606.342     1671.84
603.504     1662.849
602.569     1662.444
599.607     1650.618
599.456     1648.431
596.494     1639.44
595.344     1636.2
594.774     1633.446
591.597     1625.913
590.888     1624.374
587.603     1609.065
587.453     1609.632
585.023     1599.021
583.453     1596.915
581.206     1589.301
579.701     1580.229
579.163     1577.313
575.718     1566.864
575.422     1569.942
573.417     1562.247
571.38     1557.063
569.643     1545.723
567.789     1539.405
567.24     1539.243
563.875     1531.872
563.451     1530.819
561.903     1522.638
559.398     1515.915
558.064     1507.815
555.973     1502.307
555.312     1498.5
552.103     1482.624
551.302     1485.621
548.216     1478.25
547.303     1470.96
544.351     1467.315
543.556     1459.539
542.723     1458
539.61     1445.607
538.771     1444.554
536.637     1442.772
535.455     1433.538
532.788     1431.27
531.353     1422.846
530.912     1420.335
527.585     1402.191
526.967     1399.356
525.053     1396.116
523.306     1391.904
521.14     1387.692
519.333     1373.76
519.054     1376.919
515.592     1368.819
515.06     1363.392
511.716     1351.242
511.34     1348.245
509.604     1332.207
507.459     1325.484
507.19     1325.808
503.83     1313.172
503.185     1314.63
499.933     1305.234
499.455     1311.39
498.132     1298.43
495.412     1294.542
495.283     1290.897
492.112     1275.588
491.3     1278.828
488.252     1266.678
487.22     1264.491
486.44     1260.603
483.387     1249.83
482.554     1246.671
480.452     1239.867
479.323     1237.842
476.608     1230.228
475.27     1225.125
474.781     1220.751
471.512     1209.735
470.905     1208.034
467.486     1194.588
467.26     1196.046
465.083     1185.516
463.352     1184.625
463.067     1182.924
459.697     1177.821
459.106     1169.154
455.719     1150.605
455.364     1146.393
453.494     1137.159
451.29     1134
451.101     1130.679
447.72     1121.688
447.054     1115.856
443.812     1108.647
443.264     1109.781
441.995     1101.114
439.259     1096.578
438.232     1089.693
435.351     1083.861
435.184     1082.16
431.346     1062.315
430.33     1065.96
428.18     1060.776
427.196     1048.707
424.584     1046.277
423.191     1037.61
422.718     1037.691
419.407     1025.379
418.805     1024.083
415.402     1012.5
415.203     1009.746
413.053     1004.967
411.22     989.415
410.924     991.44
407.489     986.904
406.877     978.642
403.544     970.785
403.205     970.866
401.571     966.168
399.238     954.747
399.028     958.149
395.652     945.918
395.029     944.784
391.739     933.363
391.196     925.425
390.019     925.749
387.229     919.188
386.165     914.004
383.987     908.82
383.095     902.502
380.144     897.156
379.278     888.489
378.365     882.738
375.268     867.834
374.5     872.775
372.349     860.787
371.118     856.494
368.517     841.833
367.355     840.294
366.635     834.543
363.345     824.418
362.652     827.01
360.744     815.994
359.158     810.243
356.9     806.193
355.051     803.763
354.766     800.199
351.471     789.021
350.922     784.647
349.326     773.874
347.186     774.684
345.472     760.995
343.241     762.048
341.655     758.079
339.671     757.998
339.032     749.574
335.763     740.016
335.204     740.826
333.973     730.458
331.248     725.76
330.065     716.283
327.947     714.501
327.055     711.018
324.028     695.547
322.991     688.5
322.271     685.017
319.346     687.366
316.379     674.325
315.309     667.764
314.524     669.546
311.347     660.069
310.697     660.798
308.676     656.586
307.149     644.679
304.913     637.551
303.236     630.747
302.908     633.744
299.564     622.89
298.93     616.734
295.667     610.659
295.318     606.771
293.431     599.238
291.345     597.861
289.743     593.73
287.889     584.253
287.233     579.555
283.889     570.24
283.212     560.844
282.018     562.059
279.417     546.75
278.229     545.94
276.121     541.161
275.315     533.223
272.294     529.011
271.423     524.799
270.515     524.556
267.531     510.543
266.591     506.979
264.43     505.197
263.414     497.907
260.747     486.891
259.479     482.76
258.952     483.084
255.662     468.585
255.033     461.943
253.092     456.597
251.517     450.765
249.27     446.472
247.561     438.048
247.244     438.453
243.97     429.867
243.422     428.814
239.96     411.885
239.664     408.888
237.81     405.729
235.676     398.196
235.461     397.953
232.176     390.987
231.59     382.239
228.268     375.111
227.768     377.703
226.328     366.768
223.731     358.992
222.57     350.73
220.511     347.085
219.716     351.702
216.721     337.446
215.953     331.128
214.926     326.349
211.878     318.168
211.039     313.308
208.959     308.853
207.803     304.965
205.175     295.164
204.116     295.812
201.294     285.768
199.842     283.338
197.418     272.565
196.165     269.487
195.59     264.546
192.284     251.424
191.795     250.29
190.005     247.131
188.118     233.685
186.151     228.906
184.221     223.155
183.979     223.236
180.592     218.538
179.947     215.379
176.733     203.877
176.26     203.715
174.77     201.528
172.282     188.163
171.018     186.219
168.943     178.686
168.255     170.829
165.154     163.215
164.449     164.106
163.493     160.947
160.595     151.794
159.703     154.548
157.547     147.744
156.381     144.585
153.655     133.569
152.645     124.902
152.021     124.335
148.844     112.833
148.172     111.051
146.221     107.001
144.812     104.409
142.442     101.088
140.996     94.689
138.824     81.567
137.383     74.115
136.808     77.112
133.406     67.554
133.11     68.364
131.25     57.429
129.234     50.787
127.455     47.304
125.659     40.176
125.057     39.204
121.853     29.646
121.316     29.079
120.074     28.917
117.569     19.602
116.306     14.499
114.306     9.072
113.489     9.234
110.489     10.044
109.662     3.888
106.727     3.888
105.979     2.349
105.001     6.075
101.996     0.081
101.195     -1.134
99.104     -1.701
97.975     -2.673
95.411     -4.455
94.11     -5.265
93.616     -5.184
90.331     -2.835
88.02     -3.969
86.477     -4.131
86.111     -3.24
82.875     -3.402
82.354     -3.726
79.08     -2.673
78.774     -3.078
77.032     -3.969
74.962     -3.645
74.677     -3.645
71.414     -4.293
70.909     -3.645
67.641     -3.564
67.243     -3.726
65.894     -3.645
63.55     -4.05
62.185     -3.321
59.637     -2.268
59.454     -2.268
56.481     -4.05
55.621     -3.159
54.788     -4.293
51.907     -4.212
50.939     -2.349
48.068     -2.43
47.224     -3.807
45.289     -4.05
44.101     -3.645
41.693     -3.402
40.381     -1.053
39.914     -3.159
36.785     -5.832
36.156     -4.131
34.361     -2.592
32.829     -3.159
30.824     -3.564
29.044     -3.483
28.835     -3.969
25.625     -3.969
25.088     -3.321
21.82     -3.321
21.346     -2.916
19.992     -3.645
17.842     -5.103
16.363     -3.159
14.546     -2.754
13.966     -4.293
10.982     -3.078
10.251     -3.24
9.251     -3.645
6.741     -2.916
5.634     -3.078
3.07     -4.212
2.86     -4.05
