Distance_nm     Force_uN
-0.106     -0.405
-0.157     -0.405
3.086     -1.62
3.578     -1.782
4.258     -1.215
5.969     -0.243
6.026     1.458
6.764     1.215
9.609     0.567
10.622     -0.81
13.336     -0.567
13.545     -1.458
15.852     -0.891
16.863     -1.377
17.357     -1.944
19.1     -1.134
19.643     0.324
20.064     -0.162
22.981     0.162
23.013     0.486
24.562     1.539
25.983     1.134
29.131     0.486
29.29     0.162
31.591     -2.025
33.349     -2.997
33.251     -2.187
34.494     -1.377
35.706     0.648
36.038     -0.324
39.069     -0.324
38.674     1.62
39.72     1.782
41.798     1.944
43.322     0.081
45.412     -0.324
45.909     -1.053
47.157     -2.511
49.496     -2.187
49.352     -1.944
51.823     -0.81
51.705     1.296
52.652     0.162
55.362     -0.567
55.168     0.243
57.202     2.025
57.989     2.106
58.894     0.162
62.036     -1.053
62.208     -1.782
64.506     -1.539
65.522     -1.62
65.346     -0.729
68.434     -0.648
68.412     -0.567
69.933     0.972
71.213     0.972
71.326     1.053
74.435     0.972
74.727     0
76.604     -0.891
78.04     -0.486
78.076     -0.243
79.643     -0.729
81.847     -1.944
81.632     -1.053
84.204     0.648
84.187     1.215
85.463     0.81
87.6     0.648
88.783     0
90.817     -0.324
91.314     -1.134
92.154     -0.729
94.605     -0.972
94.517     -0.81
97.498     -1.782
97.817     -0.81
98.436     -0.648
100.853     0.162
100.48     1.539
103.249     0.567
104.206     -0.162
104.558     0.162
106.452     0.405
107.732     -1.134
108.095     -1.377
110.995     -1.053
111     -1.053
113.422     -1.863
114.104     0
114.464     -0.486
117.219     0.486
117.305     0.162
119.427     -0.891
120.415     0.648
122.384     0
124.199     -0.81
124.384     -1.377
127.42     -0.972
127.604     -1.053
128.951     -0.486
130.857     -1.296
130.944     -1.053
132.256     -1.215
133.944     0.243
133.83     0.648
136.615     1.296
137.284     0.243
138.365     -0.486
141.008     -1.62
140.749     -0.648
143.539     -0.567
144.077     -0.648
144.896     -1.296
147.326     -2.916
147.454     -0.891
147.859     -0.243
150.357     0.81
150.259     1.053
153.221     -0.648
154.274     -1.458
154.343     -0.243
156.042     0.648
157.159     0.162
159.697     -0.81
160.779     -0.972
160.839     -1.134
162.958     -0.891
164.03     -0.324
163.988     0.486
167.265     -0.162
167.363     -0.405
169.268     -0.81
170.724     -0.567
170.742     0.081
172.046     0.729
174.324     -0.891
175.835     -1.377
177.333     -0.891
177.433     -0.486
178.568     -0.324
180.798     -0.729
180.593     0.081
183.68     0.567
183.924     0.81
184.784     0.891
187.352     0.648
187.519     0
190.558     -0.891
191.084     -0.972
191.912     -1.296
194.289     -0.486
194.246     -0.324
196.886     -0.162
197.772     -0.729
198.21     -0.243
200.888     0.324
200.85     0.486
203.095     0.972
204.239     0.405
205.041     -1.296
207.943     -0.81
207.851     -0.405
209.952     -0.324
211.347     -1.053
211.492     -0.648
213.337     -0.81
214.7     -0.405
216.397     0.324
217.667     1.053
218.073     0.162
219.768     -0.405
221.598     -0.405
224.654     -0.162
225.158     -1.377
226.444     -1.296
228.721     -1.539
228.468     -0.486
231.284     0.405
231.721     -0.162
232.662     0.162
234.993     0.243
234.959     0.243
237.836     0.567
238.357     0.486
239.471     -0.891
241.624     -1.134
242.037     -0.324
242.708     -0.567
245.962     -2.268
245.944     -0.243
248.08     -0.486
248.947     -0.81
249.154     0.162
252.086     0.405
251.973     0.81
254.523     -0.081
255.476     0.324
256.066     -0.648
258.088     -1.053
259.47     -1.539
259.537     -0.972
262.876     -1.62
262.823     -1.377
264.55     -0.486
265.755     0.405
265.893     0.729
267.39     1.134
268.965     1.458
271.076     -0.081
272.705     0
273.226     -1.134
274.851     -1.944
276.763     -1.62
276.808     -1.62
279.776     -1.215
280.006     -1.215
280.506     0.972
282.855     -0.405
283.147     0.162
283.868     0.891
286.172     1.701
286.225     1.377
289.328     0.729
290.204     -0.324
291.132     -1.134
293.291     -1.377
293.722     -0.972
294.174     -0.648
297.159     -0.81
297.176     -0.81
299.368     0.567
300.042     1.62
300.407     1.701
303.528     1.134
303.356     1.863
306.375     -0.891
307.852     -1.863
308.21     -2.025
310.883     -0.243
311.064     -0.729
312.946     -0.567
314.036     0.648
314.408     0.243
317.236     1.701
317.326     1.782
319.161     1.215
321.342     -0.648
323.023     -0.972
325.261     -1.62
325.283     -1.701
328.17     -0.405
328.442     -0.243
329.912     -1.377
331.555     -0.405
331.689     0.567
332.878     -0.081
335.163     0.486
334.946     1.215
338.183     0.567
339.015     -0.405
339.846     -0.972
341.779     -0.243
342.637     -1.296
343.057     -0.324
345.839     -0.081
345.742     0.324
348.683     -0.729
349.374     -0.162
349.645     0.486
351.665     0.486
352.405     1.458
352.944     0.891
356.331     0.081
356.948     -1.053
358.829     -0.972
359.96     -0.243
360.179     -0.162
363.482     -0.486
363.522     -0.405
365.465     -0.891
366.848     -0.162
367.017     0.405
368.579     0.081
370.242     0.729
370.628     -0.486
373.712     -0.243
374.16     -0.891
375.536     -0.81
377.34     -0.567
377.74     -0.486
378.756     0.081
381.394     -1.053
382.121     -0.162
384.31     -0.729
384.477     0.162
385.429     0
388.264     -0.486
388.022     0.486
391.088     0.081
391.866     -0.648
392.31     -0.081
394.387     -0.081
395.015     0.405
395.701     -0.081
399.037     -1.458
398.89     1.053
401.025     0.729
402.223     -0.081
402.963     -1.215
405.641     0.405
405.599     0.648
407.823     0.81
409.146     0.648
409.533     0.081
412.796     -0.324
412.879     -0.405
414.611     0.405
416.144     0.486
416.872     -1.296
418.412     -1.134
420.257     -1.296
421.489     0.081
423.214     0.729
423.67     -0.162
427.189     -0.243
427.201     -0.162
430.249     -0.162
430.841     -0.972
431.495     0.891
433.887     -0.648
434.412     -0.891
437.276     -0.729
437.809     -0.81
438.714     -1.215
440.752     -0.648
441.261     -0.243
443.82     0.729
444.754     -0.081
445.543     -0.324
447.333     0.648
448.646     -0.972
449.308     -1.539
452.231     -1.134
452.087     -0.486
454.582     -0.729
455.829     -1.215
455.795     0.405
457.821     0.324
459.277     -0.486
459.391     0.162
462.364     1.053
463.011     -0.405
464.649     0.081
466.516     -0.648
468.753     -2.025
470.29     -1.539
470.4     -1.296
471.677     -0.486
473.252     0.972
473.429     0.648
476.64     0.729
476.797     1.215
478.319     0.243
480.885     -0.729
481.205     -1.782
484.116     -0.972
484.23     0.243
485.623     -1.215
488.067     -2.673
488.211     -1.215
490.38     1.701
491.445     -0.081
492.008     0.648
493.556     2.673
494.948     0.486
495.635     0.162
498.28     1.296
499.452     -0.891
501.636     -1.377
502.828     -2.268
502.943     -0.972
505.87     -0.162
505.969     -0.324
508.597     -1.377
509.527     0.081
509.308     2.187
512.657     1.539
512.659     1.701
515.287     -0.324
516.891     -0.972
517.077     -0.405
519.041     -1.539
521.172     -2.835
521.776     1.215
523.767     0.081
524.592     -1.539
525.542     0.162
527.579     0.648
527.681     0.729
530.269     2.835
530.756     2.187
535.031     -1.701
535.378     -1.296
535.889     0.324
538.581     -2.025
538.833     -0.972
539.601     -0.567
542.47     -1.053
542.759     -1.863
544.801     1.215
545.669     0.486
546.174     0.972
548.815     2.349
549.266     0.972
552.162     -0.162
553.442     -1.215
554.147     -1.944
557.119     -1.701
557.278     -2.106
559.222     -0.81
560.086     0.729
560.641     0.162
563.351     2.106
563.415     2.349
566.008     0.162
567.564     0.324
567.993     -0.567
571.865     -2.754
572.046     -2.673
573.307     -1.215
575.101     -1.458
575.397     -1.053
577.893     1.458
578.457     0.648
579.678     1.458
581.385     2.511
581.882     1.782
583.327     0.972
586.043     -0.243
586.226     -0.972
589.308     -0.891
589.754     -0.648
591.148     -2.106
593.809     -2.025
593.377     -0.405
595.67     1.944
596.297     2.349
597.352     1.215
599.873     2.349
600.248     1.215
603.477     -0.81
604.582     -1.377
605.181     -1.539
607.284     -1.701
608.558     -2.268
608.844     -1.782
611.692     -0.486
611.834     0.162
613.648     0.81
614.508     3.078
614.984     2.43
618.755     0.729
619.365     -0.567
621.492     -2.187
622.981     -0.972
624.9     -1.539
626.313     -0.81
627.032     -1.701
629.967     -0.648
629.793     1.458
631.162     1.377
633.553     0.81
633.265     1.782
636.919     0.162
637.395     0
640.637     -0.162
641.44     -1.215
644.458     -1.458
645.164     -2.025
645.974     -1.377
648.499     -0.405
648.318     0.567
650.686     2.106
651.597     2.187
652.414     1.458
655.656     0.729
655.659     0.972
658.353     0.405
660.23     -2.592
660.725     -2.997
664.032     -3.483
663.623     -0.243
665.371     0.567
666.541     1.296
666.798     1.215
670.258     0.891
670.344     2.106
672.237     1.701
674.282     0.324
676.367     -0.567
678.559     -2.43
679.253     -3.645
680.253     -2.025
681.872     -0.729
682.896     1.134
684.666     1.863
685.458     0.324
688.632     0.567
688.872     0.972
689.753     2.025
693.295     -1.701
693.617     -2.592
696.667     -2.43
697.055     -1.296
697.356     0.648
700.176     0.324
700.422     -0.324
703.285     -0.243
703.566     1.863
704.179     2.025
707.952     -0.567
708.87     -1.863
711.337     -3.24
712.599     -3.888
714.633     -2.025
715.946     -2.673
716.364     -2.349
718.798     0.567
718.618     1.62
720.975     1.053
722.656     0.243
723.028     -0.162
726.177     0.405
726.426     0
728.804     -1.782
730.685     -2.187
730.883     -2.592
733.974     -1.701
733.79     0.567
737.19     -0.162
736.811     2.754
738.053     2.916
741.073     0.729
741.298     0.243
744.383     0.648
745.577     -1.701
748.826     -2.349
749.319     -1.863
752.098     -0.729
752.623     -0.486
753.275     0.162
755.881     1.377
756.074     1.053
759.015     0.405
759.653     1.377
760.392     0.648
764.351     -2.43
764.274     -1.782
766.583     -0.972
768.433     -2.835
768.615     -2.106
771.377     -0.486
771.54     0.648
773.265     1.296
774.847     1.296
776.87     1.458
778.33     1.539
779.43     -1.134
782.684     -0.81
783.164     -2.106
784.867     -1.863
786.269     0.648
788.594     -2.43
790.104     -1.377
789.562     2.592
790.92     2.025
793.658     0.81
794.927     0.891
797.068     0.567
797.588     0.405
800.885     0
801.732     -1.053
803.092     -2.511
805.411     -0.891
805.579     -0.891
808.452     -0.486
808.411     2.025
809.159     1.62
812.546     0.81
813.031     0.972
815.391     0.162
816.693     -0.405
817.351     -1.377
820.617     -1.458
820.974     -1.053
823.941     0.243
823.718     1.458
826.205     0.486
828.04     -1.215
828.287     -0.648
829.867     0.081
831.45     1.701
833.317     0.972
835.796     -1.377
836.101     -1.701
838.932     0.081
839.718     -1.458
841.165     -1.62
842.66     1.215
844.18     0.567
846.455     -0.324
846.973     -0.162
847.792     0.891
850.324     0.891
852.319     -2.592
854.448     -0.324
854.287     0.405
857.674     -1.053
858.207     0
861.004     0.729
862.066     -0.243
865.133     -1.134
865.992     -1.053
866.44     -0.162
869.134     1.458
870.377     -0.972
872.237     -0.243
873.368     0
873.897     -0.405
877.608     -1.944
877.779     -2.187
879.235     0.648
880.896     0.567
881.549     -0.81
884.664     0.243
884.694     0.891
886.842     -0.324
888.72     -0.567
888.711     0.162
892.543     -1.539
892.697     -0.81
893.743     0.486
896.29     -0.243
896.554     -0.729
899.86     -0.729
900.544     -1.377
901.199     0.081
903.456     1.215
903.644     0.891
907.069     -0.081
907.753     -0.162
908.612     -0.081
911.317     0.405
911.254     0.81
914.317     0.648
915.353     -0.162
916.041     -0.405
919.17     -0.729
918.817     0.972
921.974     -0.972
922.859     -0.081
922.96     1.053
926.337     0.81
926.946     -1.053
929.122     -0.162
930.306     0.324
930.683     0.405
934.217     -0.324
934.77     -1.701
936.844     -1.458
938.489     -1.377
938.614     -1.215
941.793     -0.486
941.786     1.458
943.872     -0.324
945.856     -0.081
946.105     -0.405
949.561     -0.567
949.857     -0.162
951.361     -0.729
953.772     -0.972
955.147     -1.053
957.405     -1.944
957.63     -0.891
960.522     0.324
961.23     -0.162
962.277     -0.405
964.395     -0.243
965.626     -1.62
968.22     -0.486
968.807     0.324
970.094     -1.701
973.115     -1.539
973.489     -0.648
976.978     -1.944
977.347     -1.053
979.268     -0.405
980.275     0.324
982.668     0.486
984.233     -0.648
984.76     -0.729
986.539     -0.243
987.977     -0.081
990.337     -0.972
991.825     -0.891
992.3     -1.134
996.093     -2.349
996.303     -2.106
997.953     -1.62
999.31     -0.162
999.239     1.62
1003.4     -0.891
1003.511     -0.486
1004.695     0.567
1007.419     -0.81
1007.645     -1.215
1011.048     -1.62
1011.454     -1.458
1012.634     -1.377
1015.25     -1.377
1015.194     -0.81
1018.016     0.648
1018.905     -0.162
1019.948     -0.81
1022.72     -0.405
1023.489     -0.405
1025.786     -0.81
1026.88     -1.377
1027.456     -1.053
1030.91     -2.511
1031.379     -1.62
1033.372     -1.053
1034.122     0.324
1036.397     0.972
1037.642     0.891
1038.467     -0.162
1041.701     0.405
1042.024     -0.324
1044.342     -0.891
1045.802     -0.891
1046.397     -1.377
1049.628     -1.053
1049.891     -1.134
1051.647     -0.729
1053.178     0.243
1053.33     1.377
1056.843     0.729
1057.341     0
1059.095     -0.729
1061.534     -1.053
1061.753     -1.539
1064.661     -0.486
1065.295     -1.053
1066.923     -2.592
1069.069     -0.81
1069.851     -0.162
1071.861     0.486
1072.31     1.458
1075.751     0.486
1076.534     0.162
1077.453     0
1079.7     -0.324
1080.735     -0.648
1083.655     -1.134
1084.739     -1.539
1085.166     -0.972
1088.421     -0.567
1088.838     -0.324
1092.207     -0.81
1092.078     0.243
1094.211     1.296
1096.111     -0.486
1096.42     -0.486
1099.774     -0.243
1100.634     -1.701
1102.349     -1.458
1103.86     -0.243
1104.241     -0.891
1107.404     -0.081
1107.65     0.405
1109.383     -0.324
1111.26     0.972
1112.955     0.405
1115.472     -0.405
1115.384     0.243
1118.533     0.81
1119.715     -1.539
1120.667     -0.729
1123.584     -1.944
1124.405     -0.729
1126.603     -0.972
1127.151     -0.648
1127.977     -0.567
1130.757     0.162
1131.709     -0.081
1134.054     -0.729
1134.875     -0.567
1137.929     -1.134
1138.996     -1.62
1139.656     -1.782
1141.749     -1.377
1142.905     -1.377
1145.334     -0.972
1146.3     -0.405
1146.618     0.486
1149.88     0.567
1150.065     0.486
1152.717     -0.81
1154.158     -0.486
1154.508     -0.81
1157.925     -0.972
1158.735     -2.349
1160.025     -0.891
1161.756     -0.081
1162.149     -0.648
1165.748     -1.62
1165.996     -0.972
1167.24     -0.162
1169.475     0
1171.126     -1.053
1173.223     -1.296
1173.426     -0.081
1176.736     -0.243
1177.277     -0.567
1178.594     -0.81
1181.262     -0.648
1182.371     -0.891
1184.326     -0.162
1185.126     -0.405
1185.711     0.243
1189.017     -0.891
1189.864     -0.972
1191.888     -0.648
1193.157     -1.62
1195.61     -0.567
1196.669     -0.81
1197.285     -0.891
1199.459     -1.296
1200.82     0.081
1204.32     -0.243
1204.33     0.162
1206.888     -0.486
1208.685     -1.458
1208.96     -1.458
1211.873     0.081
1212.79     -1.863
1214.473     -1.944
1216.21     -1.134
1217.791     -0.243
1219.474     0.162
1219.947     -0.243
1223.971     -2.43
1224.118     -1.296
1225.247     -1.215
1227.269     -1.053
1227.5     0.081
1230.999     -0.81
1231.443     -0.243
1232.511     -0.648
1235.669     -1.377
1235.289     0.405
1238.449     -0.162
1239.399     -0.567
1240.227     -1.296
1243.036     -0.081
1243.072     0.162
1245.907     -0.324
1247.348     -0.972
1248.001     -1.863
1250.657     0.324
1250.7     0.648
1253.279     -0.162
1254.694     -0.648
1255.346     -1.134
1258.773     -1.377
1259.13     -2.106
1260.731     -0.324
1262.828     -1.62
1262.922     -1.296
1266.088     -0.162
1266.676     -0.891
1268.114     -0.729
1270.039     0.243
1272.073     -1.62
1273.994     -1.539
1274.342     -0.972
1277.556     -0.729
1278.138     -1.377
1279.131     -0.405
1281.856     -0.648
1281.691     0.162
1285.342     -1.701
1285.572     -0.081
1286.619     -0.405
1289.763     -1.377
1289.701     -0.891
1292.63     -0.486
1293.349     0.162
1296.514     -0.972
1297.238     -0.486
1297.981     -0.81
1299.768     0.405
1301.228     -0.567
1304.383     -2.673
1305.333     -2.025
1305.147     0.567
1308.827     -0.729
1308.827     -0.162
1311.217     -0.81
1312.87     -1.134
1313.379     -1.782
1316.423     0
1316.729     -0.324
1320.39     -1.296
1320.649     -0.648
1322.55     -1.863
1324.363     -1.377
1325.604     0.243
1327.484     0.243
1327.829     0.486
1331.195     0.324
1331.625     0.081
1333.207     -0.567
1335.288     -0.648
1335.866     -0.729
1339.011     -0.567
1339.624     -0.972
1340.513     -0.729
1342.993     0.243
1343.154     0.081
1346.13     0.162
1347.171     -0.729
1347.704     -0.162
1350.546     0.567
1351.274     0.405
1353.668     -0.486
1354.695     -0.486
1357.289     -0.405
1358.916     -2.106
1359.013     -0.891
1361.666     1.053
1361.972     0.324
1364.381     -0.162
1365.875     -0.081
1366.003     0.324
1369.189     1.215
1370.322     -1.539
1372.079     -1.539
1373.716     -0.648
1375.239     0.081
1377.011     -0.081
1377.444     -0.567
1378.796     -0.162
1380.975     0
1382.504     -0.324
1384.376     -0.081
1384.566     0.891
1385.957     0.243
1388.604     -0.486
1389.497     0.081
1391.66     -0.243
1392.298     -0.486
1395.418     -0.567
1396.068     -0.648
1396.668     0.405
1399.274     1.053
1399.542     0.324
1402.263     0.729
1403.188     0.648
1403.816     0.567
1406.861     0.324
1407.645     -0.405
1409.863     -0.81
1410.625     0.648
1411.194     0.243
1414.473     -0.162
1414.625     0.891
1416.443     1.377
1418.228     -0.243
1420.318     0
1421.571     0.648
1421.911     0.405
1425.534     -0.972
1425.899     -0.972
1428.938     -0.162
1428.979     0.486
1430.753     0
1433.048     -0.648
1432.918     0.324
1436.145     0.324
1436.488     0.405
1437.769     0.486
1440.159     0.405
1440.184     0.567
1443.557     0
1444.152     -0.486
1445.066     -0.081
1447.776     -0.162
1448.89     -1.053
1451.122     -1.215
1451.659     -0.324
1454.072     1.215
1455.015     0.648
1455.825     0.324
1458.895     0.243
1459.125     -0.243
1462.164     -1.701
1463.007     -1.053
1463.438     -0.567
1466.744     -0.648
1466.974     -1.134
1469.347     -1.296
1470.385     -0.243
1470.522     0.486
1473.671     0.972
1473.922     0.81
1476.106     0.324
1478.057     -0.405
1478.209     -0.324
1481.595     -0.81
1482.316     -2.106
1483.976     -2.268
1485.86     -1.377
1485.805     -0.729
1488.684     0.81
1488.992     1.296
1490.464     0.81
1492.95     0.243
1494.286     0.243
1496.32     0.405
1497.339     -1.377
1500.428     -1.215
1501.212     -1.944
1501.88     -0.891
1504.867     -1.377
1505.184     1.053
1507.162     1.782
1508.368     0.081
1509.171     -0.405
1512.168     -0.405
1512.72     0.324
1514.864     0.243
1516.426     -1.701
1518.826     -0.891
1519.877     -0.729
1520.161     0.081
1523.986     -1.863
1523.797     -0.567
1525.658     0.81
1527.56     -0.405
1529.723     -0.162
1531.197     0.162
1531.99     -1.296
1533.794     -1.62
1535.639     -1.296
1539.293     -1.863
1539.411     -0.81
1541.19     -1.377
1543.271     -0.405
1543.188     0.243
1546.337     0.81
1546.659     0.972
1548.136     0.486
1550.871     -0.405
1550.974     -0.243
1554.558     -1.62
1555.399     -2.187
1556.266     -1.944
1558.796     -1.053
1559.517     -0.324
1561.318     1.215
1562.15     1.377
1562.9     1.134
1566.316     -0.162
1567.028     -0.243
1569.134     -0.081
1570.196     0
1573.139     -1.458
1574.501     -2.187
1574.424     0.081
1576.581     -0.243
1578.122     -0.567
1580.125     0.405
1581.559     0.162
1581.899     0.486
1585.398     0.162
1585.634     0.162
1587.696     -0.243
1589.577     -0.648
1589.819     -0.648
1593.248     -0.648
1593.649     -0.486
1595.084     -0.648
1597.43     -0.648
1598.7     0
1600.673     0.243
1600.724     1.863
1602.152     1.053
1605.372     -1.296
1606.099     0.567
1608.608     -0.972
1609.213     -0.567
1612.017     0.729
1612.969     -0.486
1614.204     -1.539
1616.664     0.162
1616.424     1.377
1619.114     2.025
1620.388     0.972
1621.32     -0.162
1624.538     -0.486
1624.891     0.486
1627.309     -0.648
1628.675     -1.053
1631.109     -0.648
1632.334     -0.567
1633.164     -1.701
1634.843     -0.567
1636.058     0.729
1638.178     1.134
1639.901     0
1640.732     -1.053
1644.104     -0.648
1644.278     -0.648
1646.131     -0.567
1647.861     -0.081
1648.332     -0.486
1651.611     0.081
1651.957     -0.081
1655.125     1.134
1655.536     1.782
1656.809     1.701
1659.77     -0.162
1661.254     -1.053
1663.08     0.243
1663.743     0.243
1664.751     0.081
1667.654     -0.405
1668.917     -1.458
1670.92     -0.972
1671.495     0.243
1674.631     -0.405
1675.356     0.243
1676.179     0
1678.497     -0.567
1679.508     -0.486
1682.005     0.486
1683.294     -0.243
1683.992     -0.567
1687.25     -0.324
1687.58     -0.972
1689.532     0.486
1690.974     0.405
1691.695     -0.405
1694.954     -0.162
1695.34     -0.81
1697.645     -1.458
1699.141     -0.648
1699.473     -0.648
1702.789     -0.243
1703.136     -0.324
1704.977     -0.891
1706.586     0
1707.123     -0.162
1708.485     0.162
1710.973     -0.243
1712.491     -0.486
1714.723     -1.215
1715.37     -1.134
1716.384     -0.729
1718.76     -0.081
1719.983     -0.162
1722.215     -0.324
1723.418     -1.782
1726.299     -1.134
1726.64     0.324
1728.011     -1.62
1730.246     -1.539
1730.7     0.486
1733.873     -0.405
1734.765     -0.486
1735.27     0.081
1737.53     -0.162
1738.669     -0.162
1741.555     -1.134
1742.749     -0.81
1743.157     -0.405
1746.454     -0.243
1746.709     -0.567
1748.731     0.162
1750.017     0.729
1750.998     -1.053
1754.2     0.324
1754.277     0.648
1756.584     -0.972
1758.448     -0.324
1758.682     -0.486
1761.963     0.243
1762.328     0.324
1764.198     -0.648
1766.28     0.324
1766.269     0.891
1770.308     0.648
1771.669     0.324
1773.968     -0.405
1774.698     -0.405
1775.523     0.162
1778.159     0.972
1778.439     0.405
1781.597     0.162
1782.409     0.567
1783.307     0
1786.501     -0.567
1786.589     -0.162
1789.08     0.81
1790.796     -0.972
1791.468     -1.62
1794.473     -0.891
1794.996     -0.891
1797.225     -1.296
1798.63     -0.648
1799.145     -1.296
1802.243     -0.243
1802.509     0.972
1804.524     0.486
1806.578     -0.648
1808.426     0.486
1810.193     0.405
1811.08     -1.215
1812.416     -0.081
1814.222     0.81
1814.668     0
1818.548     -1.458
1818.906     -0.567
1820.163     0
1822.421     0.162
1824.042     -0.486
1826.01     -0.162
1826.585     0
1827.675     0.162
1830.291     0.648
1831.954     -1.296
1834.251     -1.701
1834.744     -0.729
1838.013     -1.134
1838.669     -0.648
1839.266     0.648
1841.65     -0.081
1842.931     -0.972
1845.585     -0.081
1846.446     0.162
1846.877     1.134
1850.326     0.243
1850.466     0.243
1853.331     -0.567
1854.766     -1.296
1855.404     -1.539
1857.198     -0.648
1858.696     -0.162
1861.042     -0.243
1862.514     -0.081
1862.865     0.729
1866.505     -0.081
1866.7     0.324
1868.708     0.162
1870.422     0.324
1871.121     -0.405
1874.879     -1.782
1875.271     -1.863
1876.388     0.324
1878.413     0.162
1879.522     -1.701
1882.729     -0.972
1883.07     -0.567
1883.93     0.648
1886.026     0.81
1888.294     -0.729
1891.03     -0.486
1891.192     -0.567
1894.158     0.162
1895.035     -0.243
1896.357     -1.539
1898.565     -1.377
1899.312     -0.81
1902.308     -0.972
1903.242     -0.729
1903.606     0.81
1905.865     0.486
1907.09     0.567
1907.638     0.405
1910.952     0.648
1911.944     -0.567
1914.121     -1.215
1915.349     -0.243
1917.922     -1.134
1919.497     -1.377
1920.172     -1.782
1922.985     0.486
1923.38     0.081
1925.523     0
1927.588     -0.567
1927.54     0.729
1931.206     0.243
1932.104     -1.377
1933.664     -1.458
1935.796     -0.486
1936.047     -0.648
1939.621     -1.296
1940.182     -1.296
1943.28     -0.324
1943.773     -0.405
1945.033     -0.162
1947.263     -0.567
1947.912     -0.243
1951.222     -0.324
1952.309     -1.62
1953.191     -0.972
1956.141     -1.215
1956.296     -0.972
1959.287     -1.053
1960.277     -0.81
1960.856     -0.243
1964.008     0.081
1964.81     0
1967.011     0.081
1968.35     -0.162
1971.067     -0.648
1972.173     -0.162
1972.888     -0.486
1974.957     -0.648
1976.937     -1.863
1978.861     -0.405
1980.362     -0.162
1980.754     0.243
1984.116     0.729
1984.474     0.648
1986.343     0.648
1988.847     -0.405
1989.054     -0.486
1992.198     0.648
1993.275     -0.972
1994.952     -1.701
1997.445     -1.62
1997.443     -1.215
2000.917     -1.296
2001.082     0
2004.544     -0.162
2004.754     1.134
2006.223     -0.081
2009.18     0.324
2010.218     0.243
2013.131     0.243
2013.246     0.567
2016.64     -0.729
2017.933     -1.62
2018.395     -0.891
2021.228     0.567
2022.381     -0.891
2024.738     -1.458
2025.774     -0.567
2028.301     0
2029.651     -0.243
2030.08     0.567
2033.714     -0.324
2034.14     0.162
2036.354     -0.729
2038.226     -0.972
2040.04     0.162
2041.92     -0.405
2042.656     -0.81
2044.317     -0.891
2046.099     0.405
2048.136     -0.162
2050.543     -0.243
2050.761     -0.324
2054.115     -0.567
2054.559     -0.567
2056.527     -1.863
2059.042     -1.782
2059.088     -1.215
2062.376     -0.729
2062.981     -0.324
2063.975     -0.324
2067.015     -0.567
2068.043     -0.486
2070.163     -0.081
2071.391     -0.729
2074.221     -0.081
2075.18     -0.243
2076.444     -1.215
2078.629     -1.053
2079.386     0.486
2082.492     -0.972
2083.439     0
2083.983     0.486
2088.145     -1.944
2088.424     -2.106
2090.298     0.486
2092.346     -1.215
2092.543     -0.648
2096.276     -1.62
2096.609     -2.025
2098.637     -1.296
2099.96     1.215
2102.19     0.243
2103.704     1.134
2104.608     0.162
2106.326     -0.405
2108.519     0
2110.047     0.162
2112.516     -1.539
2113.337     -1.944
2116.744     -1.458
2116.925     -0.243
2118.527     -1.053
2120.988     0.243
2121.314     -0.243
2124.984     -2.025
2125.197     -0.405
2125.913     1.458
2129.432     -0.729
2130.697     -1.539
2133.951     -2.268
2134.318     -0.486
2136.363     0.243
2137.921     -0.567
2141.084     -1.863
2142.239     -2.025
2142.53     -0.486
2145.463     1.377
2145.757     1.053
2148.873     -0.972
2150.456     -1.539
2151.148     -1.944
2154.465     -1.377
2154.752     -1.377
2157.018     -1.458
2159.374     -3.24
2159.31     -1.863
2162.35     0
2163.049     -0.729
2164.679     -0.567
2166.748     0.324
2168.577     0.243
2170.579     0.081
2171.402     -0.729
2172.846     -1.134
2175.945     -2.673
2177.1     -1.701
2178.979     -0.729
2179.444     0.243
2183.392     -1.782
2183.951     -1.458
2184.572     0.486
2187.629     0.324
2188.041     -0.567
2191.238     -0.81
2192.344     -1.296
2193.199     -1.701
2196.465     -1.701
2197.223     -1.215
2199.484     -1.296
2200.955     -1.782
2203.273     -0.243
2204.4     0.162
2205.182     -0.162
2207.215     -0.081
2208.997     -0.324
2211.301     -0.162
2212.934     -0.729
2213.975     -2.025
2217.739     -2.835
2217.899     -2.511
2219.336     0.081
2221.376     0.324
2221.677     0.162
2224.986     0.972
2226.146     -0.81
2227.931     -1.863
2230.201     -1.134
2231.225     1.215
2233.452     0.567
2234.215     0
2238.236     -1.944
2238.9     -2.349
2239.884     -1.134
2242.337     -0.081
2243.079     -2.106
2246.017     -0.81
2246.592     -0.081
2247.934     -1.053
2250.913     -0.648
2251.617     0.648
2254.922     0.486
2256.339     -1.377
2258.541     -1.296
2259.892     -1.458
2262.352     -0.243
2263.429     0.243
2264.209     -0.324
2267.74     -0.324
2267.942     -0.324
2270.595     -0.972
2272.083     0.081
2272.431     0.081
2275.949     -0.081
2276.531     0.324
2280.446     -1.053
2280.796     -0.891
2282.814     -1.134
2285.057     -1.296
2285.111     -0.486
2288.507     0.081
2288.858     0.324
2290.418     0.81
2293.344     -0.648
2293.622     -0.891
2296.966     -0.486
2297.723     -0.567
2298.895     -0.648
2301.655     -0.324
2303.017     -0.972
2305.7     -2.592
2305.664     0.891
2309.536     -1.296
2310.582     -1.701
2311.27     -0.891
2314.246     -0.243
2314.412     -0.405
2317.154     0.324
2318.433     -0.243
2319.058     0.405
2322.804     -0.972
2323.659     -1.296
2325.683     -0.972
2326.993     0.243
2329.317     0.81
2331.109     -0.162
2331.875     -0.405
2335.484     -0.486
2335.682     -0.324
2337.591     0.81
2339.714     0.405
2340.071     0.162
2344     -0.891
2344.326     -0.891
2346.301     -0.972
2348.431     -0.162
2348.572     0.405
2352.162     0.162
2352.945     -0.081
2354.27     -0.081
2356.938     -0.405
2357.017     0.162
2360.233     0.648
2361.372     -0.486
2362.677     -1.215
2365.928     -2.268
2366.619     -0.081
2368.683     0.891
2369.875     0
2370.824     -0.486
2373.686     0.486
2374.793     0.081
2377.214     -0.324
2379.033     -0.243
2382.255     0.243
2382.577     -0.081
2385.787     -1.782
2387.127     -1.863
2387.919     -2.349
2391.406     -2.268
2391.432     -1.377
2393.673     -0.729
2395.295     0.324
2395.676     0.243
2399.425     -0.324
2400.155     -0.81
2401.999     -1.134
2403.843     0.243
2406.296     -1.944
2408.436     -2.349
2408.596     -0.486
2410.019     -0.162
2412.453     0.162
2414.153     -0.486
2416.21     -0.243
2416.959     0
2420.28     -0.162
2420.945     0.081
2422.103     -0.324
2425.468     -1.053
2425.589     -0.81
2428.892     -1.62
2429.587     0.405
2430.207     0.648
2434.325     -2.187
2434.925     -1.215
2436.545     0.729
2438.12     0.486
2438.95     -0.648
2442.453     -0.567
2443.034     -0.324
2446.435     0.162
2446.732     0.081
2449.321     -0.891
2450.913     -0.567
2451.474     0
2455.128     0
2455.292     0.648
2457.329     0.567
2459.811     -0.405
2461.691     -0.486
2463.521     0.081
2463.962     0.891
2465.674     -0.162
2468.277     -0.324
2470.219     -1.377
2472.084     -0.162
2472.3     1.701
2476.173     0.081
2477.093     -1.053
2478.217     -0.405
2480.505     -0.648
2481.119     0.162
2484.442     0.162
2485.44     -0.486
2486.409     -0.162
2489.773     -0.567
2490.18     -1.296
2492.701     0.324
2493.661     1.377
2494.573     0.567
2498.459     -0.81
2498.566     -0.324
2498.566     -0.324
2498.485     -0.567
2495.99     -2.997
2495.372     -1.377
2493.544     -0.162
2492.048     -0.972
2492.149     -1.539
2488.662     -2.77555756156289E-17
2488.515     -0.162
2487.1     0.324
2485.175     -0.162
2483.764     0.729
2481.711     1.377
2482.496     -2.43
2479.328     -1.539
2478.718     -0.891
2478.265     -2.268
2475.639     -1.62
2475.28     -0.081
2472.631     -0.567
2471.672     0.648
2471.026     0.567
2468.577     -0.081
2467.604     1.296
2465.691     0.891
2465.55     -1.296
2462.968     -0.81
2462.166     -1.296
2461.892     -1.701
2459.289     -2.592
2459.025     -1.539
2456.2     0.405
2454.861     1.215
2453.064     0.081
2452.03     -0.567
2451.667     0.081
2450.065     -0.081
2449.13     -2.025
2447.255     -1.458
2445.754     -1.701
2445.663     -1.782
2442.395     -1.377
2441.923     -0.324
2440.643     -0.405
2438.409     0.729
2437.133     0.567
2435.222     0.81
2435.165     0.243
2432.973     -2.754
2432.337     -1.863
2431.395     -1.701
2428.793     -0.972
2429.004     -1.701
2426.03     -1.053
2425.194     -2.77555756156289E-17
2424.106     1.215
2421.657     1.053
2421.965     -0.081
2419.081     0.567
2418.816     -1.215
2418.455     -1.863
2415.613     -2.025
2415.171     -1.863
2413.028     -1.296
2412.1     -0.891
2409.777     -0.81
2408.248     0.567
2405.821     1.458
2404.792     0.729
2404.29     1.539
2401.405     0.567
2401.397     0.324
2399.714     -0.162
2398.701     -2.025
2398.647     -2.349
2394.769     0.405
2395.481     -2.916
2394.207     -3.402
2390.901     1.458
2390.272     3.564
2388.295     -0.324
2387.645     0.891
2386.07     2.673
2384.311     0.891
2383.613     -0.324
2382.026     -1.782
2381.741     -2.268
2378.307     -0.486
2378.211     -2.187
2377.264     -1.458
2374.534     -1.134
2374.562     -1.134
2370.754     2.916
2369.779     3.645
2369.97     0.972
2367.596     -0.648
2367.512     -2.187
2365.437     -2.025
2364.448     -1.539
2363.877     -0.891
2361.477     -3.321
2360.373     -0.486
2357.965     1.62
2356.311     2.916
2354.559     1.782
2353.853     -0.81
2353.785     -0.891
2350.122     0.972
2350.143     0.324
2348.853     -1.215
2347.153     -1.62
2345.816     -2.268
2343.654     -0.729
2342.911     1.215
2339.667     1.782
2339.105     2.754
2338.57     0.486
2336.799     0.162
2336.084     1.539
2333.564     -0.567
2333.899     -3.402
2332.94     -3.321
2329.69     -0.648
2329.486     0.243
2326.962     -1.134
2325.881     0.162
2322.87     1.539
2321.995     2.106
2321.452     1.701
2319.11     -0.486
2319.454     -1.944
2317.038     -1.701
2316.035     -1.539
2315.239     0.162
2312.68     -1.863
2312.829     -2.673
2310.413     -1.782
2308.049     2.43
2307.624     3.078
2304.8     1.458
2303.261     0.243
2301.687     0.567
2302.037     -1.944
2300.453     -2.025
2298.517     -1.377
2298.183     -0.648
2295.406     -2.106
2294.992     -1.458
2293.341     -0.405
2290.958     0.891
2289.785     0.405
2287.704     1.053
2287.602     0.405
2284.926     -1.053
2284.592     -1.296
2283.696     -1.62
2281.638     -3.078
2281.786     -3.888
2278.094     -1.053
2277.051     0.567
2276.884     -1.377
2274.155     -1.458
2272.517     2.349
2270.267     2.916
2270.413     -0.81
2267.81     -0.648
2267.024     -1.215
2266.588     -1.539
2263.815     -2.025
2263.83     -2.268
2261.444     -1.701
2259.52     0.486
2259.278     0.486
2256.185     -0.081
2255.564     1.215
2254.008     0.567
2252.585     0.243
2251.17     -1.377
2249.662     -1.782
2249.879     -3.564
2245.954     -0.486
2245.332     1.215
2244.115     0.243
2242.359     -0.729
2240.681     0.405
2238.804     0.162
2238.174     1.134
2234.841     1.782
2235.354     -1.701
2234.679     -2.916
2231.959     -1.62
2230.529     0.081
2228.418     0.081
2228.014     -0.486
2225.232     -0.243
2224.417     0.162
2223.538     0.891
2221.425     0.648
2220.506     0.81
2220.306     -0.081
2217.875     -1.701
2217.337     -1.62
2213.927     -0.243
2213.794     -0.081
2211.769     -1.053
2210.394     -0.486
2209.474     1.701
2206.81     -0.243
2206.785     -0.486
2204.441     0.81
2202.537     1.215
2201.405     -0.729
2199.988     -2.025
2197.943     -0.567
2196.297     -0.729
2196.01     -0.729
2192.914     -1.053
2192.653     -1.377
2191.268     -0.648
2188.747     0.324
2188.392     1.296
2185.33     1.053
2185.38     -0.648
2182.806     -2.511
2182.471     -2.916
2180.858     -0.405
2178.116     -0.162
2178.13     -0.405
2174.618     -0.243
2173.773     0.567
2170.459     1.944
2170.648     1.215
2168.414     -0.405
2167.482     -0.405
2165.118     -0.972
2164.449     -2.187
2163.717     -1.296
2160.429     -0.648
2160.412     -0.729
2157.874     0.324
2156.227     1.134
2155.874     1.701
2153.064     0.324
2153.341     -1.62
2151.532     -1.215
2149.353     0.243
2148.226     -1.701
2146.681     -2.349
2146.321     -1.944
2142.785     -0.81
2142.209     -0.081
2140.857     -2.77555756156289E-17
2138.662     -2.77555756156289E-17
2137.464     0.243
2135.313     0.648
2134.793     0.891
2132.327     -1.377
2131.767     -1.296
2130.779     -0.729
2128.397     -1.539
2127.436     -1.053
2124.288     0.081
2124.464     -0.81
2121.832     -1.215
2120.765     -0.243
2120.032     0.486
2117.137     0.081
2116.646     0.405
2114.679     -0.324
2113.832     -1.377
2111.78     -2.187
2110.519     -2.025
2107.552     0.324
2106.184     0.486
2106.031     -0.162
2102.844     -0.567
2102.689     -0.405
2100.885     -0.567
2099.048     -0.243
2097.913     -1.863
2096.078     -2.349
2094.319     -1.539
2092.379     -1.296
2091.84     -0.81
2088.724     -0.891
2088.062     0.243
2086.705     0.891
2084.568     -2.77555756156289E-17
2084.749     -0.891
2081.875     -1.458
2081.052     -0.729
2078.212     -1.215
2077.616     -1.296
2076.805     -1.053
2073.958     -1.134
2073.518     0.243
2070.54     0.972
2070.285     -0.81
2069.74     -0.891
2066.694     -0.648
2066.136     -0.891
2064.006     -0.567
2062.883     -0.648
2060.498     -0.567
2059.572     -1.62
2059.07     -0.81
2055.403     0.648
2055.162     0.648
2053.451     0.243
2052.275     -1.62
2050.027     -0.243
2048.069     0.891
2047.885     0.486
2044.849     -1.053
2044.785     -1.296
2043.423     -2.187
2041.207     -1.539
2040.967     -0.891
2037.468     0.081
2037.082     0.162
2035.875     0.162
2033.404     -2.77555756156289E-17
2032.459     -0.162
2030.413     -0.405
2029.936     -0.405
2026.907     -0.243
2026.496     -0.891
2025.704     -1.458
2022.633     -0.405
2022.647     -0.729
2019.77     -0.486
2018.999     -0.648
2015.861     0.972
2015.126     0.405
2015.035     -1.296
2011.748     -0.486
2011.491     0.081
2009.088     0.081
2007.786     0.081
2007.735     -0.486
2004.701     -1.296
2004.046     -0.567
2002.03     0.405
2000.109     1.377
1998.42     0.81
1997.042     -0.972
1996.858     -0.891
1993.435     -0.81
1992.891     0.324
1991.732     -0.486
1989.847     -1.944
1986.677     -1.863
1985.894     -0.486
1984.783     -0.486
1982.204     -0.162
1982.098     -0.081
1978.947     -0.243
1978.759     -1.62
1977.907     -1.539
1974.678     -0.081
1974.177     -1.215
1972.027     -1.215
1971.257     -1.377
1968.225     0.162
1966.93     0.891
1966.625     0.648
1963.877     -0.729
1963.716     -0.486
1960.9     1.296
1959.904     -0.081
1957.927     -0.648
1956.582     -1.053
1956.049     -0.486
1952.469     0.162
1952.535     -0.486
1950.953     -0.891
1948.886     -1.053
1946.952     0.243
1945.045     0.405
1944.639     0.81
1941.487     0.486
1941.186     0.648
1939.964     0.324
1937.954     -1.377
1936.859     -1.377
1934.554     -0.648
1934     -0.486
1930.578     0.729
1930.026     0.567
1928.84     1.458
1926.097     1.134
1926.089     0.891
1923.635     0.324
1922.815     -0.243
1922.033     0.648
1918.969     0.162
1918.772     -0.972
1916.632     -0.567
1915.167     -2.77555756156289E-17
1912.891     -0.243
1911.476     0.243
1911.185     -0.243
1907.613     0.648
1907.533     0.486
1905.627     0.243
1903.991     -2.77555756156289E-17
1902.048     0.405
1900.142     1.215
1900.016     0.405
1898.808     -0.729
1896.985     -1.215
1894.857     0.891
1892.912     0.081
1892.983     -0.648
1889.533     0.081
1889.09     0.162
1885.637     0.648
1885.378     -2.77555756156289E-17
1884.175     0.405
1881.605     -0.081
1880.602     0.081
1877.961     -0.162
1877.099     -0.486
1875.041     -0.81
1874.209     -0.405
1871.347     -0.324
1870.151     0.648
1869.498     1.053
1866.583     0.324
1866.231     -0.567
1864.104     -0.486
1862.786     0.081
1860.322     0.162
1859.149     0.162
1859.013     -1.053
1855.876     -1.539
1855.256     -0.648
1853.146     0.405
1851.128     1.782
1849.699     -0.162
1847.956     -0.405
1847.766     -0.324
1844.283     -0.081
1843.985     -0.162
1842.443     0.081
1840.558     -0.972
1839.396     -2.025
1837.203     -1.296
1836.169     0.729
1832.973     0.486
1832.569     0.486
1831.374     1.134
1829.246     -1.053
1829.408     -1.701
1825.739     0.162
1825.38     -0.891
1824.718     -1.458
1821.464     -0.162
1820.843     -0.567
1818.956     -1.701
1817.553     -0.081
1814.767     0.324
1813.946     -0.405
1813.198     0.567
1810.016     0.567
1810.45     -1.377
1808.118     -2.106
1806.094     0.243
1804.226     -1.296
1802.896     -1.215
1802.182     -0.243
1798.945     -0.648
1798.705     -0.486
1796.401     0.891
1794.451     1.215
1794.434     0.648
1791.326     -0.243
1791.041     -0.648
1787.671     -0.324
1787.227     -0.405
1785.837     -0.243
1783.691     -0.891
1782.425     -1.215
1780.312     -0.891
1779.391     0.648
1776.012     1.215
1775.718     0.486
1774.94     -0.405
1772.414     -1.458
1771.304     -0.81
1768.912     0.243
1767.381     0.324
1764.858     -1.458
1765.051     -2.349
1761.964     -1.296
1760.463     0.648
1759.652     1.944
1756.559     1.458
1756.332     0.162
1754.233     0.162
1753.084     -0.162
1750.592     0.405
1749.622     -1.134
1749.674     -2.592
1745.828     -1.053
1745.494     -0.243
1742.774     2.106
1741.5     0.486
1739.398     1.296
1737.695     1.134
1737.695     -0.486
1734.713     -1.701
1734.352     -1.296
1732.801     -1.458
1730.419     -1.134
1730.324     -1.134
1726.481     0.648
1726.163     -0.243
1724.763     0.648
1722.47     -0.162
1721.239     0.162
1718.981     0.648
1718.546     -0.162
1716.015     -1.782
1715.491     -2.43
1714.589     -2.268
1710.92     -2.77555756156289E-17
1710.484     1.296
1707.936     0.81
1707.398     -1.296
1704.549     -0.486
1703.312     -0.162
1702.956     -0.405
1699.735     -0.81
1699.761     -1.539
1697.733     -2.268
1695.814     -1.134
1695.302     -0.162
1691.517     1.296
1691.476     0.081
1689.592     0.729
1687.557     1.053
1686.334     -0.567
1683.862     0.891
1683.831     0.567
1680.679     -0.81
1680.369     -1.377
1678.871     -0.81
1676.298     -2.77555756156289E-17
1675.243     -0.972
1672.956     -0.162
1672.431     -0.486
1668.85     1.134
1668.127     1.782
1667.211     1.215
1664.809     -0.324
1664.725     -0.324
1661.801     -0.324
1661.418     -2.025
1660.634     -1.863
1657.277     -0.81
1654.585     -1.701
1653.189     -0.405
1652.518     0.324
1648.997     1.296
1648.998     0.81
1646.626     0.567
1645.61     -0.567
1642.885     0.81
1641.575     0.567
1641.485     -0.972
1639.759     -1.296
1637.8     -0.243
1635.79     -0.243
1633.695     0.648
1633.48     0.486
1630.297     -2.77555756156289E-17
1629.936     -0.162
1628.291     0.324
1625.933     0.81
1624.95     -0.891
1622.952     -0.81
1622.317     -0.405
1619.144     -1.053
1618.217     0.486
1616.902     1.377
1614.694     -0.405
1613.551     -0.243
1611.2     0.405
1610.465     0.405
1607.6     -0.324
1607.011     -0.81
1606.504     -2.025
1602.972     -0.567
1602.884     -0.405
1599.739     1.053
1598.815     0.243
1598.542     -0.648
1595.271     -0.486
1594.501     0.486
1592.512     0.243
1591.746     -2.106
1589.274     -1.782
1587.657     -0.81
1587.496     -1.701
1583.519     0.243
1583.344     0.081
1581.501     -0.648
1579.48     -0.081
1577.62     0.243
1575.759     0.486
1575.15     0.729
1573.873     -0.081
1571.891     -0.648
1570.274     -0.648
1567.988     -0.81
1567.799     -0.648
1563.858     1.458
1563.372     1.134
1562.515     0.243
1560.134     -0.405
1558.72     0.729
1556.792     -0.081
1556.334     -0.891
1553.275     -0.891
1552.819     -2.025
1551.55     -0.486
1548.308     0.243
1548.455     -0.729
1545.577     -0.567
1544.326     -2.77555756156289E-17
1543.759     0.081
1540.287     0.243
1537.913     -0.243
1536.562     -0.081
1536.246     -0.243
1533.095     -1.458
1532.284     -0.081
1530.459     -0.162
1528.372     0.972
1526.297     1.134
1524.858     0.486
1525.101     -2.025
1521.066     0.162
1520.781     0.243
1519.26     -0.81
1517.08     -0.486
1516.894     -0.486
1513.649     -1.134
1512.831     0.081
1509.497     0.162
1508.844     1.053
1507.634     0.729
1505.479     -0.81
1505.534     -1.458
1502.13     -0.648
1501.469     -1.053
1500.386     -0.486
1497.432     -0.648
1496.539     -0.648
1493.534     -0.891
1493.384     -0.729
1491.111     2.511
1489.849     -0.081
1489.869     -0.81
1486.433     -0.324
1486.005     -0.972
1484.844     -0.891
1481.981     0.162
1480.711     0.486
1478.38     -1.215
1478.37     -1.62
1474.713     0.243
1473.794     0.891
1473.24     -2.77555756156289E-17
1470.595     -1.215
1469.706     -0.81
1466.298     0.162
1466.379     -0.729
1463.664     -1.053
1462.128     0.243
1460.043     -1.62
1458.952     -1.863
1457.898     -0.081
1454.371     0.81
1454.623     -0.891
1452.385     -1.296
1450.538     -0.243
1448.888     -2.349
1447.149     -1.701
1446.352     -0.567
1442.711     0.081
1442.566     -0.324
1441.011     -1.458
1438.307     0.891
1438.024     1.134
1434.881     0.162
1434.723     -0.972
1431.502     -1.458
1430.864     -0.729
1429.412     -0.567
1427.391     -2.673
1426.409     -3.24
1423.258     -1.782
1421.831     -0.81
1419.163     1.134
1418.637     0.162
1415.673     -0.324
1414.715     0.324
1413.896     0.405
1411.159     -0.972
1410.483     -1.215
1408.054     -0.567
1407.412     -2.349
1404.749     -2.511
1403.152     -0.729
1402.113     0.891
1399.13     -0.405
1399.168     -1.134
1396.826     -1.215
1394.442     1.62
1394.421     0.648
1391.61     -1.377
1391.423     -2.592
1387.771     -1.863
1387.261     -1.215
1385.293     -0.972
1383.178     -0.891
1382.994     -0.81
1379.619     -0.891
1378.724     0.405
1374.847     2.187
1374.761     0.972
1374.135     -1.944
1371.348     -1.134
1371.391     -1.863
1368.236     -2.43
1367.331     -1.539
1366.333     -1.377
1363.792     -2.835
1362.405     -1.296
1358.814     0.972
1358.531     1.782
1355.683     1.62
1355.153     0.324
1355.176     -2.835
1351.455     -1.134
1350.971     -1.863
1347.862     -2.268
1347.655     -2.187
1344.765     -1.053
1342.969     0.567
1342.416     1.377
1339.098     0.729
1339.031     -0.81
1337.301     -1.458
1335.478     -1.296
1333.691     -2.106
1331.088     0.243
1330.956     -0.081
1328.035     -2.43
1327.398     -1.62
1325.871     -1.62
1323.197     -0.162
1321.42     0.567
1319.379     0.81
1318.827     0.567
1316.042     -1.62
1315.602     -1.863
1314.69     -3.159
1311.585     -1.62
1309.781     0.81
1307.049     0.405
1306.517     -1.539
1303.653     -2.187
1303.356     -1.62
1300.078     -0.567
1298.571     1.296
1298.087     0.648
1295.356     -0.729
1295.366     -3.483
1293.089     -3.321
1291.185     -0.729
1288.581     -0.648
1287.378     -0.891
1286.799     -0.891
1283.394     -1.296
1283.168     -1.377
1280.386     0.405
1278.588     0.81
1278.437     0.324
1275.608     -1.863
1275.089     -2.106
1273.2     -1.296
1271.069     -1.134
1269.18     -0.81
1267.165     -1.377
1267.024     -1.458
1263.293     -0.729
1262.566     0.081
1261.128     0.486
1258.472     0.972
1257.736     -1.215
1255.563     -1.296
1254.597     -0.324
1251.716     -1.539
1250.864     -1.377
1249.564     -0.081
1246.738     -0.324
1246.004     -1.296
1243.452     -0.081
1242.172     1.053
1239.808     -0.648
1238.787     -1.134
1237.756     0.081
1234.791     -1.053
1234.505     -2.106
1232.571     -2.916
1230.618     -0.81
1227.775     0.567
1226.443     0.405
1226.22     -0.567
1223.207     -2.511
1222.572     -2.025
1220.639     -1.701
1218.313     0.243
1216.256     0.486
1214.837     -0.972
1214.837     -3.159
1210.717     -0.486
1210.316     -0.162
1208.62     -0.243
1206.46     -1.215
1206.339     -1.458
1203.162     -2.025
1202.154     -0.729
1199.074     -1.62
1198.476     -1.377
1197.325     -1.458
1194.049     -0.162
1193.985     -0.405
1191.284     -2.025
1189.079     -0.405
1186.505     0.972
1186.045     -0.648
1182.872     -0.243
1181.724     -2.77555756156289E-17
1181.222     -0.243
1178.505     -2.349
1177.697     -1.863
1175.38     -1.134
1173.671     0.162
1171.918     -2.673
1170.82     -3.483
1169.318     -0.081
1165.703     0.405
1165.431     -0.324
1163.713     -0.891
1162.465     -3.24
1162.027     -2.673
1157.99     -0.648
1157.506     -0.81
1154.143     -1.377
1153.818     -1.296
1152.249     -1.62
1149.261     0.891
1148.032     -0.648
1145.872     -0.081
1145.306     -0.486
1142.21     -1.863
1141.506     -1.053
1140.336     -1.215
1137.284     -0.081
1137.185     -0.405
1134.344     -1.539
1133.035     -2.77555756156289E-17
1129.75     0.891
1129.16     -0.243
1128.361     -0.891
1125.498     -2.025
1124.972     -2.916
1122.622     -2.187
1120.962     -0.486
1118.071     0.081
1116.908     -0.567
1116.434     -0.324
1113.021     -0.324
1112.604     -0.972
1110.475     -0.648
1108.764     -0.486
1106.618     -0.648
1105.002     -1.701
1103.217     -2.187
1101.107     -1.134
1100.27     -0.081
1096.96     -0.972
1096.235     0.486
1094.761     -0.324
1092.516     -0.81
1090.782     -0.243
1089.046     -1.458
1088.293     -1.053
1085.142     -1.701
1084.324     -1.053
1083.041     -0.324
1080.285     -0.81
1079.338     -1.215
1076.688     0.324
1076.059     -0.729
1073.051     -1.215
1071.692     0.324
1068.923     -0.405
1068.422     -2.673
1064.874     -2.77555756156289E-17
1063.793     0.243
1063.375     -0.567
1060.104     -1.458
1059.38     -0.972
1057.336     -1.539
1055.663     -1.053
1053.061     -0.243
1051.804     -0.81
1051.713     -2.511
1048.07     -1.944
1046.691     1.458
1045.218     0.162
1043.479     -0.81
1041.37     -0.162
1039.619     -1.701
1039.314     -1.377
1035.389     0.081
1035.081     -0.891
1033.52     -0.405
1031.455     -1.944
1030.079     -2.025
1027.022     -0.729
1026.821     -0.648
1023.388     -0.405
1022.483     0.486
1021.502     0.081
1018.644     -0.486
1017.641     -0.324
1015.322     0.162
1014.781     -1.134
1011.868     -1.701
1010.728     -1.701
1010.072     -1.62
1006.686     -1.215
1005.723     0.081
1003.36     0.648
1002.341     -0.729
999.7     -0.486
997.995     0.162
997.428     0.729
994.23     -0.162
994.256     -2.511
992.324     -2.592
990.501     -2.511
987.791     -0.243
985.809     0.729
985.3     0.405
982.317     -1.458
981.89     -2.025
980.106     -1.377
977.748     -0.891
976.126     -0.891
974.232     -1.62
973.68     -1.782
969.9     -0.405
969.39     -0.891
968.076     -0.405
965.23     0.162
963.734     0.891
961.664     0.486
961.443     -1.782
957.897     -0.648
957.541     -2.43
956.819     -2.754
953.496     -2.187
952.454     -1.539
949.009     -0.81
946.243     -1.782
944.91     -0.972
943.748     0.648
940.76     -0.567
940.036     -0.567
936.896     -1.863
936.777     -1.944
934.605     -2.997
932.228     -0.567
931.697     0.162
928.424     -0.972
928.124     -1.215
924.402     -0.729
923.904     -2.77555756156289E-17
921.742     0.972
920.009     -1.053
920.107     -1.863
916.911     -3.078
915.889     -1.539
911.9     0.243
911.456     0.162
910.564     -1.863
907.751     -1.458
906.177     -0.567
903.967     -0.486
902.938     0.486
899.995     -0.81
899.741     -2.997
898.842     -2.592
895.531     -2.025
894.569     -1.701
891.147     -0.972
891.228     -1.782
888.51     -2.43
886.86     -0.81
883.487     1.377
882.474     0.567
882.711     -2.43
879.406     -2.916
878.498     -2.268
876.352     -1.863
874.512     -1.215
872.764     -1.458
870.395     -0.972
870.168     -1.134
866.403     0.081
865.88     -0.567
862.577     -0.81
862.276     -1.701
861.106     -2.43
857.933     -0.972
857.717     -0.729
854.626     -1.62
853.682     -1.134
852.707     -1.053
849.271     0.567
848.145     0.729
845.678     -1.62
845.603     -1.863
842.543     -1.944
841.123     -0.81
838.098     -0.243
837.29     -1.296
837.11     -2.916
833.492     -1.62
832.052     0.729
829.672     1.782
828.803     -0.729
825.052     -1.377
824.756     -1.296
822.59     -1.701
820.481     -1.053
818.118     -2.77555756156289E-17
816.669     -1.134
816.139     -1.377
812.78     -1.539
812.336     -1.134
810.133     0.243
807.429     1.458
806.457     -0.729
804.796     -2.268
804.301     -2.43
800.407     -0.648
800.277     -2.835
799.184     -2.754
796.174     -2.268
794.579     -0.81
792.054     -2.268
791.768     -1.782
787.882     0.729
786.855     0.81
784.864     -2.754
783.574     -1.62
782.342     -0.243
779.28     -1.053
778.862     -2.43
776.599     -1.944
775.01     -1.458
772.422     -0.972
770.886     -0.729
769.688     1.134
766.605     -0.567
766.477     -2.106
764.834     -2.997
762.646     -2.349
760.351     -1.215
758.313     -0.162
757.969     -0.81
754.539     -1.377
753.494     0.081
751.854     0.567
749.848     -0.729
748.48     -1.134
745.934     -1.377
745.308     -0.081
742.171     -1.134
741.822     -2.754
740.69     -2.592
737.255     -0.486
736.033     -0.243
733.54     -1.944
732.605     -2.268
730.034     -1.215
728.568     0.81
725.76     0.162
724.744     0.162
723.905     -0.081
721.311     -2.835
720.436     -1.701
718.127     -1.377
716.482     -0.81
713.744     -0.162
712.823     -2.349
712.515     -2.835
708.562     -1.377
707.315     1.215
704.151     -0.162
704.074     -2.187
700.528     -2.025
700.287     -3.078
696.074     -0.648
695.526     0.081
693.621     0.405
691.701     -1.215
690.843     -3.807
688.36     -2.43
686.901     0.324
683.286     1.377
683.128     -0.324
682.483     -2.997
679.484     -2.592
677.592     0.081
675.737     -1.296
674.741     -0.972
671.378     0.081
670.917     -2.187
670.391     -3.078
666.559     -0.729
665.701     -0.648
662.637     -1.701
662.49     -1.782
659.685     -1.053
658.47     -1.863
655.621     -1.134
654.205     -0.729
653.945     -2.511
650.689     -3.564
649.713     -1.944
647.864     -2.106
646.091     -2.592
643.645     -1.377
641.505     -0.972
639.823     -1.863
637.649     -2.025
635.76     -1.782
633.396     -1.863
632.955     -1.053
629.842     -2.43
629.25     -2.754
628.159     -3.402
624.925     -1.377
623.473     -0.648
620.992     -2.268
621.219     -3.645
617.857     -3.564
616.605     -2.025
615.884     -2.268
612.572     -1.782
611.8     -2.025
608.767     -3.321
608.698     -3.402
605.368     -1.458
603.866     -0.729
601.29     -1.134
600.056     -1.62
599.363     -1.296
596.204     -2.268
594.909     -2.77555756156289E-17
592.536     1.215
591.41     -1.215
590.128     -4.698
587.871     -3.645
587.171     -1.863
583.024     0.324
582.726     -0.729
578.941     -0.891
578.615     -0.405
575.237     -0.891
574.306     -0.243
573.425     -1.782
571.016     -2.43
569.444     -1.944
566.798     -2.106
566.442     -1.296
563.247     -1.944
562.262     -1.62
558.258     0.81
557.584     0.243
556.932     -0.891
553.686     -0.486
552.868     -0.891
550.381     -3.564
550.319     -4.131
546.571     -0.81
545.67     -2.106
545.45     -3.321
541.638     -2.268
540.45     -2.77555756156289E-17
536.721     0.405
536.406     -0.162
534.669     -0.972
533.189     -2.43
530.676     -1.134
529.033     -2.106
528.64     -1.539
525.419     -3.078
524.673     -2.43
522.992     -2.187
520.465     -1.215
517.804     1.944
516.023     -0.324
515.796     -0.081
512.721     -1.539
512.129     -1.782
508.312     -0.243
507.864     -0.648
507.105     -2.835
503.964     -2.106
503.688     -1.701
500.283     -0.972
498.858     0.729
495.706     0.972
495.213     -0.567
494.875     -2.754
490.998     -0.486
490.645     0.162
488.224     -1.62
486.934     -1.539
484.795     -3.726
483.403     -3.159
482.071     -0.648
478.489     -0.243
478.158     -1.296
476.406     -1.863
474.815     -2.592
472.058     -0.567
470.113     -0.81
470.021     -1.62
466.495     -1.701
465.912     -1.62
462.727     -2.916
462.307     -2.754
460.207     -1.296
457.345     -0.648
456.099     -1.134
453.204     -2.77555756156289E-17
452.27     -1.782
449.551     -2.025
449.23     -1.539
446.027     -2.43
445.135     -2.349
444.207     -2.511
441.101     -1.701
439.618     -0.162
436.766     -1.296
436.809     -2.025
433.235     -0.243
432.08     -0.162
431.385     -2.77555756156289E-17
428.635     -2.106
427.932     -2.268
423.895     0.324
423.876     -0.405
422.132     -3.483
420.088     -1.944
419.638     -2.025
416.133     -1.701
415.706     -2.268
411.977     -1.377
411.505     -0.405
409.665     -0.81
407.809     -2.187
406.314     -2.916
404.098     -2.268
403.366     -1.944
399.882     -2.349
399.565     -3.078
397.971     -2.025
394.695     -0.243
393.522     -0.729
391.508     -1.134
390.541     -0.729
387.096     -0.081
386.438     -1.296
386.191     -3.402
382.573     -1.539
381.419     -0.324
379.334     -1.053
378.703     -3.402
375.617     -2.268
373.76     -0.567
372.949     0.243
369.669     -0.405
369.168     -1.134
365.925     -1.539
365.691     -1.377
363.043     -0.648
361.454     -1.215
361.409     -2.349
357.703     -1.944
357.28     -2.106
353.478     -1.215
353.143     -1.053
351.019     -0.162
349.232     -2.025
347.444     -1.701
344.83     0.567
344.376     0.081
341.502     -2.025
341.266     -3.159
339.601     -2.43
336.804     -2.025
335.48     -1.944
332.379     -1.134
331     0.081
327.727     0.567
327.828     -0.486
324.907     -1.215
323.741     -0.486
320.722     -0.405
319.743     -0.648
319.178     -1.539
316.097     -2.511
315.254     -1.539
312.992     -1.053
311.025     0.891
308.629     0.405
307.258     -0.243
306.739     0.081
303.495     -0.972
302.856     -0.891
298.951     0.324
298.866     -0.243
297.408     -2.754
295.197     -2.187
292.945     -0.729
291.097     -0.81
290.188     0.243
286.635     0.324
286.524     -0.648
284.949     -0.405
282.403     -0.729
281.523     -2.754
279.408     -2.673
278.484     -1.944
275.446     -3.078
274.481     -2.025
273.232     -1.701
269.661     0.324
268.763     0.324
266.604     -2.77555756156289E-17
265.624     -0.324
262.93     -1.377
261.771     -1.053
261.083     -0.891
258.344     -3.483
257.334     -2.349
254.892     -1.377
253.364     -0.972
251.277     -2.43
248.906     0.567
248.447     0.648
245.426     -1.053
245.38     -2.754
241.458     -1.539
241.145     -1.377
239.448     -2.592
237.173     -1.701
234.749     -2.77555756156289E-17
232.895     -0.162
232.79     -1.62
229.538     -2.349
228.569     -1.053
227.007     -0.648
224.834     -1.782
223.411     -1.539
221.473     -2.268
220.846     -2.592
217.198     -1.458
216.354     -1.134
215.54     -1.701
212.287     -1.377
209.264     -1.701
208.273     -1.458
207.607     -1.863
203.914     -0.162
203.655     -2.43
201.525     -2.673
200.027     -1.458
197.529     -2.025
196.094     -1.863
195.666     -1.944
192.217     -2.187
191.553     -1.863
189.399     -1.134
187.503     -0.486
185.716     -2.268
183.945     -2.592
183.619     -2.592
180.227     -2.754
179.296     -1.134
176.241     -2.835
176.03     -3.159
174.177     -2.673
171.56     -1.701
170.135     -2.187
168.011     -1.863
167.258     -1.458
163.775     -1.134
163.437     -2.349
162.403     -2.43
159.552     -2.349
158.604     -2.835
156.127     -1.944
155.392     -2.43
151.981     -1.215
150.684     0.324
150.126     -0.405
146.972     -0.324
146.344     -0.81
144.136     -0.972
143.448     -2.916
140.502     -1.701
139.36     -2.511
139.132     -3.402
135.569     -2.673
134.585     -1.296
131.123     -1.134
130.954     -1.215
128.427     -0.243
127.135     -1.944
124.677     -0.324
122.96     -0.243
123.206     -2.997
119.575     -2.349
119.077     -1.701
117.241     -1.215
114.858     -0.972
113.435     -1.215
111.201     -0.648
110.442     -0.243
107.496     -1.296
106.797     -0.486
105.308     0.486
103.411     -2.673
102.03     -1.62
99.9889999999998     -1.944
99.5099999999998     -3.24
95.5829999999998     0.162
95.0079999999998     -1.134
92.2009999999998     -1.701
90.9039999999998     -0.648
88.1419999999998     -0.729
86.9289999999998     -0.243
86.7389999999998     -1.701
83.9659999999998     -3.321
82.7439999999998     -1.053
80.8019999999998     -1.539
78.8919999999998     -1.134
76.7969999999998     -0.729
75.5849999999998     -1.782
73.2269999999998     -1.296
71.5699999999998     -1.377
71.1719999999998     -0.81
68.0129999999998     -1.782
67.5289999999998     -1.377
65.8379999999998     -1.458
64.4289999999998     -3.645
62.5919999999998     -3.24
59.9289999999998     -1.296
59.6639999999998     -0.891
56.9039999999998     -2.916
56.2939999999998     -2.187
52.8289999999998     -1.296
52.3469999999998     -1.215
51.2079999999998     -1.701
48.1869999999998     -0.162
48.2449999999998     -0.486
45.8559999999998     -2.997
45.0639999999998     -2.511
41.5479999999998     -0.567
41.4079999999998     -2.673
40.4609999999998     -1.944
37.2229999999998     -0.81
36.9469999999998     -2.511
34.3229999999998     -0.648
33.1289999999998     0.081
31.0619999999998     -1.701
29.5739999999998     -0.648
29.4439999999998     -1.782
26.3269999999998     -1.944
25.9009999999998     -1.944
22.8059999999998     -2.673
22.4989999999998     -1.944
19.9849999999998     -0.324
18.7719999999998     -1.458
16.7669999999998     -0.972
15.2199999999998     -1.296
14.6969999999998     -0.324
11.3279999999998     0.081
11.7999999999998     -2.511
10.0279999999998     -1.296
8.00499999999983     -1.458
7.02499999999983     -2.916
4.82399999999983     -1.863
4.37599999999983     -1.215
1.69399999999983     -2.754
1.05499999999983     -1.539
0.00499999999982892     -1.62
-2.74500000000017     -0.486
-3.62200000000017     -0.648
