Distance_nm     Force_uN
0     0.081
-0.766     3.078
-1.539     5.589
-1.082     6.966
0.125     4.293
1.043     5.346
0.783     11.664
0.083     15.957
0.634     20.25
-0.227     22.437
-0.815     22.761
0.062     27.54
0.572     25.596
1.47     23.49
1.937     30.699
0.804     36.612
0.991     36.207
1.536     37.179
1.277     41.553
0.816     45.036
1.672     43.578
2.545     44.388
2.366     48.438
1.86     55.566
1.733     54.756
2.544     51.921
3.274     57.51
2.257     64.8
2.088     64.962
2.729     65.772
2.492     71.199
1.339     79.461
0.858     78.975
1.851     76.788
2.424     79.218
2.055     84.159
2.48     83.835
3.456     85.374
3.014     85.86
3.106     92.421
2.962     96.228
3.01     98.415
2.448     95.904
3.302     97.119
4.531     98.901
5.272     104.328
3.82     106.353
3.395     107.811
4.476     110.646
5.009     111.537
4.782     112.428
4.582     117.126
4.745     121.257
5.081     121.095
5.156     121.824
4.956     122.877
5.934     124.011
7.079     125.874
6.709     126.117
6.707     127.98
7.363     129.843
8.409     130.005
8.576     131.301
8.278     141.183
6.633     146.043
7.006     143.937
7.825     143.694
7.838     149.364
7.194     155.277
7.355     158.841
6.763     160.056
6.418     162.891
6.43     169.938
6.283     169.209
6.83     166.698
7.484     167.103
8.055     170.424
8.928     174.312
8.36     172.287
8.842     171.558
11.3     180.549
9.524     186.867
7.855     186.786
8.24     189.378
9.355     194.724
8.703     196.506
8.186     195.939
8.684     195.048
10.67     203.148
9.279     204.363
8.897     205.497
8.889     209.952
9.46     211.815
9.89     210.6
10.24     210.762
10.444     214.569
11.061     218.376
11.041     222.75
9.885     222.426
10.198     223.803
11.437     232.47
10.215     234.738
9.6     234.252
9.893     233.442
11.62     239.193
11.292     243.567
10.157     243.729
10.282     246.159
11.003     250.776
11.099     255.636
9.866     257.904
9.335     259.281
10.242     262.44
10.879     265.275
10.197     268.677
9.331     272.241
9.582     278.073
9.564     282.528
8.592     281.799
8.796     280.908
10.082     283.5
11.044     284.067
11.098     287.712
10.094     293.868
9.369     296.541
10.362     294.921
11.062     295.893
10.787     301.482
10.124     305.127
10.884     304.398
11.494     304.56
11.409     312.012
10.132     317.034
10.552     315.657
11.445     315.738
11.376     313.551
12.528     315.09
13.913     316.71
13.987     318.249
13.56     321.57
13.207     327.483
13.43     327.726
14.055     329.265
13.656     332.829
13.121     340.038
12.936     337.446
14.364     334.692
15.057     340.605
13.843     349.596
13.23     349.92
13.965     352.35
13.317     356.967
12.302     362.799
12.363     365.472
12.645     364.095
13.023     360.612
14.178     365.391
14.584     369.603
14.561     365.958
15.596     367.821
15.22     377.055
14.3     379.404
14.864     379.728
14.83     380.376
14.736     386.37
14.538     389.124
15.168     385.641
16.207     386.613
16     392.526
15.735     399.735
15.229     400.95
14.994     401.436
14.912     413.181
13.017     418.122
13.163     413.91
14.471     410.265
15.453     417.231
14.701     421.443
15.252     425.817
14.249     424.602
14.542     427.275
14.829     430.596
15.655     430.758
15.88     431.568
15.606     439.344
14.37     446.067
14.43     447.687
14.388     448.335
14.152     454.977
13.123     458.865
13.902     455.139
15.333     452.385
15.999     456.678
15.502     460.89
16.274     463.32
16.142     462.024
16.451     464.94
16.2     473.526
16.316     475.632
15.702     476.604
15.922     483.975
15.804     491.751
14.473     492.642
14.193     491.832
14.751     495.963
15.414     501.309
14.804     506.331
13.433     506.169
13.782     511.11
14.249     516.294
13.814     517.914
13.325     520.344
12.903     522.612
13.999     529.578
13.199     529.011
13.356     524.232
14.846     529.902
14.898     533.385
15.159     531.441
15.725     529.173
16.54     529.173
18.072     539.541
16.592     543.672
15.512     543.267
15.635     546.021
16.249     552.906
15.829     557.766
14.649     558.738
14.453     557.766
15.934     563.841
15.84     563.841
16.004     562.626
16.412     566.595
16.554     576.396
15.536     577.611
15.369     573.885
16.379     574.047
17.378     582.066
16.861     587.655
15.639     586.845
15.787     584.01
17.464     593.568
16.664     602.397
14.678     604.422
14.054     605.556
14.583     606.933
16.08     611.469
15.223     611.064
15.278     609.282
16.438     616.329
16.37     620.865
15.613     622.809
15.052     623.538
15.485     626.535
16.56     630.828
15.936     632.286
15.537     637.875
14.568     643.545
14.888     643.383
15.579     644.031
15.369     654.966
12.874     659.664
13.438     657.396
14.827     659.745
14.195     667.359
12.476     672.705
12.814     666.63
15.25     665.172
15.581     669.222
14.838     677.646
14.281     683.721
13.614     680.157
14.523     676.512
15.658     686.07
14.741     689.148
15.047     690.606
14.711     690.525
14.869     693.441
15.566     695.547
16.205     698.787
15.42     706.077
13.544     712.962
13.077     713.367
14.338     710.127
15.234     714.663
14.103     725.193
12.611     727.218
13.572     725.031
14.239     725.517
14.083     730.701
13.88     734.508
14.429     733.374
14.821     734.508
14.508     739.125
14.345     743.094
14.93     744.633
14.693     745.038
14.496     749.169
14.347     751.599
15.426     753.705
15.091     757.836
13.926     766.503
12.373     769.662
13.315     766.989
14.354     766.503
14.4     772.416
13.502     774.684
14.693     771.606
15.929     772.497
15.618     776.709
15.032     782.298
15.305     786.834
14.606     785.295
14.927     791.37
13.802     797.607
13.866     799.308
13.818     800.442
13.863     804.573
14.551     809.19
14.052     808.218
14.111     810.486
13.722     817.128
13.757     824.175
12.689     822.069
13.15     822.231
13.323     830.817
12.692     835.191
12.415     833.814
12.672     830.655
13.625     837.702
13.335     847.017
11.878     845.073
12.312     842.805
13.017     850.5
12.529     860.949
10.922     862.893
10.382     859.572
11.326     853.821
14.265     856.737
14.804     862.002
13.358     859.248
14.097     864.999
13.891     875.286
12.574     876.987
12.178     881.766
10.878     885.897
10.913     893.268
10.48     893.835
10.466     892.701
10.721     895.212
11.12     897.561
12.115     898.857
11.922     900.72
11.362     900.639
12.358     906.714
12.444     908.901
12.076     905.013
13.008     905.094
13.786     914.895
12.879     918.297
12.266     916.839
12.603     918.378
12.903     927.45
12.284     932.391
11.467     930.771
11.82     934.173
11.481     945.351
10.375     947.862
10.237     947.376
10.203     948.348
10.413     951.264
11.467     956.529
10.637     960.012
9.624     959.121
10.283     963.333
10.966     971.514
9.463     970.623
9.622     972.243
9.511     972.081
11.329     977.022
10.838     979.29
10.212     977.67
10.954     983.097
11.245     992.898
9.558     990.954
10.013     985.527
11.602     992.331
11.378     1001.484
10.022     1003.023
9.58     1001.079
10.235     1006.101
10.438     1011.042
10.274     1012.257
9.971     1013.391
9.679     1018.737
9.68     1020.843
10.409     1021.167
10.354     1023.03
9.915     1029.753
9.502     1028.052
11.382     1029.024
11.165     1033.155
10.005     1038.744
9.742     1041.255
10.636     1042.389
10.465     1046.277
9.402     1055.592
7.771     1057.293
9.092     1055.025
9.954     1055.43
9.757     1062.963
8.443     1070.091
8.295     1075.275
7.261     1075.923
7.04     1078.029
7.142     1080.378
8.29     1077.948
9.407     1079.973
8.782     1087.992
7.144     1094.958
7.129     1093.5
8.15     1092.447
8.352     1101.6
6.295     1109.538
5.958     1109.214
6.776     1105.974
7.525     1109.376
6.938     1118.529
6.277     1120.23
6.65     1118.205
7.138     1120.554
6.764     1128.006
6.509     1130.112
6.911     1129.626
7.13     1133.595
7.635     1140.642
6.841     1142.424
6.334     1140.156
7.039     1143.396
7.765     1150.524
7.006     1153.278
6.182     1153.602
6.201     1161.459
5.628     1167.696
5.286     1163.322
6.41     1164.942
5.973     1170.774
5.803     1175.391
6.003     1174.014
6.392     1168.992
7.689     1171.098
8.417     1179.522
7.75     1182.438
7.115     1184.787
6.462     1189.566
6.341     1197.099
5.948     1199.934
5.287     1202.85
4.441     1204.308
5.047     1211.922
4.749     1215.972
3.895     1215.648
3.871     1218.726
3.909     1226.097
3.649     1229.256
3.096     1226.664
3.724     1225.206
4.876     1232.577
4.722     1234.035
4.691     1229.661
5.8     1230.066
6.339     1240.272
5.397     1246.914
4.095     1249.992
3.179     1249.344
3.878     1252.422
4.884     1256.067
4.476     1258.983
3.63     1266.192
2.086     1275.102
1.479     1279.962
0.921     1279.152
1.031     1279.233
1.373     1283.283
2.099     1287.495
1.786     1287.495
1.739     1288.143
1.798     1294.218
1.863     1295.352
2.519     1295.919
2.294     1299.969
1.393     1304.1
1.981     1309.527
1.571     1310.256
1.403     1309.365
1.835     1310.499
3.076     1317.627
2.354     1321.029
1.447     1320.3
1.647     1325.241
1.74     1333.746
0.767     1334.961
0.475     1335.771
0.254     1342.818
-0.199     1346.301
0.31     1339.092
2.29     1339.74
2.086     1341.684
2.736     1354.887
0.742     1360.071
-0.519     1357.155
0.206     1355.535
1.775     1364.04
1.113     1363.311
1.471     1362.501
1.713     1366.875
1.542     1370.439
2.281     1372.302
1.963     1375.866
0.997     1381.05
0.605     1386.963
0.792     1387.125
1.027     1387.368
0.926     1392.066
0.4     1400.328
-0.029     1406.079
-1.173     1406.241
-1.274     1408.59
-1.243     1414.341
-0.97     1419.039
-1.881     1416.204
-1.193     1421.631
-2.03     1424.466
-0.901     1426.734
-0.927     1429.083
-1.679     1431.432
-1.806     1431.675
-0.001     1435.563
-0.443     1435.563
-0.48     1443.501
-2.218     1447.875
-1.599     1446.741
-0.555     1441.152
0.783     1448.199
-0.796     1458.891
-1.873     1464.804
-2.591     1470.798
-4.232     1475.01
-5.145     1477.197
-4.022     1477.44
-3.15     1476.873
-3.088     1478.088
-1.574     1480.761
-1.15     1477.845
-0.404     1477.926
-0.32     1487.322
-1.304     1493.964
-1.775     1493.964
-1.743     1491.048
-0.939     1497.447
-1.23     1506.681
-2.376     1506.114
-2.23     1507.896
-2.642     1511.784
-2.352     1517.211
-2.314     1520.451
-3.052     1521.423
-3.311     1521.99
-2.251     1528.956
-2.545     1530.252
-2.733     1530.009
-2.721     1534.302
-2.818     1539.972
-2.656     1537.218
-1.758     1536.246
-1.52     1540.539
-1.654     1551.312
-2.805     1553.904
-3.259     1555.281
-3.69     1556.172
-3.143     1559.979
-2.315     1562.085
-2.519     1561.113
-2.354     1567.674
-3.593     1574.883
-3.662     1577.799
-3.84     1580.715
-4.701     1585.98
-5.69     1594.323
-6.087     1599.426
-6.706     1598.535
-6.537     1597.563
-5.909     1604.448
-5.95     1608.903
-6.29     1603.071
-4.803     1605.015
-5.095     1612.062
-5.311     1621.62
-6.764     1622.187
-6.963     1621.377
-6.589     1625.427
-6.042     1633.284
-6.979     1633.203
-6.973     1630.53
-6.134     1637.415
-6.422     1644.948
-7.157     1646.001
-7.48     1648.674
-8.198     1650.699
-7.248     1655.883
-7.214     1662.93
-9.046     1667.304
-10.165     1666.899
-8.714     1669.896
-7.976     1669.329
-7.746     1667.385
-7.185     1672.407
-7.361     1677.429
-7.063     1678.887
-7.351     1675.242
-6.443     1681.56
-7.069     1690.227
-7.722     1689.174
-7.241     1689.579
-7.402     1694.52
-7.814     1701.243
-7.843     1702.377
-7.829     1703.835
-8.276     1705.455
-7.871     1715.499
-8.701     1720.278
-9.596     1716.957
-8.816     1717.2
-8.17     1726.515
-8.775     1734.129
-10.368     1732.914
-10.091     1732.266
-9.355     1739.88
-9.569     1741.257
-9.368     1739.07
-8.758     1741.824
-9.071     1749.195
-9.231     1752.759
-9.508     1754.541
-10.125     1754.379
-9.655     1759.158
-9.092     1762.155
-9.117     1763.613
-9.622     1765.962
-9.996     1774.224
-10.367     1775.277
-9.753     1770.903
-8.586     1771.632
-8.528     1778.112
-8.513     1786.941
-9.846     1786.779
-9.813     1791.963
-11.022     1803.222
-12.419     1804.032
-11.45     1799.901
-10.375     1799.334
-10.166     1808.325
-11.026     1818.045
-12.323     1815.291
-11.583     1814.076
-11.201     1819.584
-11.248     1824.606
-11.192     1822.5
-10.583     1819.665
-9.838     1827.36
-8.894     1837.89
-11.66     1833.597
-10.594     1840.077
-11.043     1851.984
-12.638     1853.928
-13.088     1856.115
-13.714     1863.972
-14.677     1866.645
-13.652     1863.567
-12.674     1863.324
-12.672     1866.078
-12.385     1873.449
-12.539     1877.661
-13.399     1881.306
-14.482     1887.948
-15.384     1892.727
-14.837     1895.724
-15.278     1897.506
-15.832     1898.964
-15.505     1905.201
-15.257     1905.93
-14.988     1907.388
-15.514     1905.93
-14.504     1906.092
-12.636     1904.634
-11.705     1907.469
-12.54     1911.195
-13.007     1919.295
-13.303     1920.915
-13.093     1920.591
-12.996     1924.803
-13.735     1931.85
-13.787     1938.816
-14.907     1942.623
-16.028     1944
-16.105     1949.427
-15.742     1950.966
-15.273     1953.072
-15.903     1952.586
-15.557     1956.96
-14.949     1963.845
-15.759     1962.873
-15.552     1963.116
-15.454     1970.163
-15.643     1976.643
-16.213     1974.861
-15.711     1971.945
-14.807     1975.59
-14.268     1982.151
-14.759     1985.067
-15.521     1984.662
-15.313     1990.575
-15.431     1998.108
-16.082     2001.348
-16.841     2003.94
-17.49     2008.881
-17.507     2018.277
-18.486     2020.464
-18.974     2026.215
-20.492     2030.67
-20.406     2032.29
-19.263     2033.1
-19.269     2035.287
-19.868     2036.826
-19.146     2039.499
-18.222     2041.2
-18.449     2038.608
-17.784     2040.633
-17.387     2048.004
-17.568     2048.004
-17.273     2050.029
-17.844     2057.805
-19.086     2064.69
-19.137     2067.363
-19.481     2068.335
-19.751     2068.983
-19.182     2073.681
-18.581     2078.136
-19.353     2081.619
-20.314     2090.205
-21.966     2094.417
-21.168     2094.174
-20.587     2096.28
-21.201     2102.031
-22.229     2108.025
-21.953     2107.458
-21.197     2104.38
-20.518     2108.106
-21.106     2120.418
-22.441     2123.901
-22.58     2120.742
-21.833     2115.639
-20.167     2119.041
-19.263     2121.633
-19.017     2121.876
-19.097     2120.823
-18.543     2125.764
-18.144     2128.356
-17.824     2129.895
-18.261     2134.431
-19.218     2144.475
-20.222     2149.335
-20.402     2147.067
-19.839     2146.581
-19.578     2155.329
-20.336     2158.65
-19.958     2158.731
-19.964     2159.379
-20.047     2163.834
-19.709     2172.015
-20.506     2175.417
-21.386     2172.582
-20.573     2178.171
-20.752     2183.922
-20.843     2181.897
-20.14     2182.788
-20.356     2191.455
-21.42     2196.477
-21.2     2193.561
-20.249     2198.097
-20.263     2204.739
-20.36     2207.655
-20.985     2206.44
-20.688     2204.901
-19.208     2211.057
-19.113     2220.696
-21.399     2224.827
-22.521     2222.64
-21.001     2230.092
-21.14     2239.164
-23.28     2238.516
-23.25     2237.139
-22.077     2243.619
-21.957     2249.694
-23.182     2249.046
-23.009     2251.395
-22.935     2253.258
-21.563     2259.333
-22.651     2255.202
-21.592     2262.087
-22.849     2269.62
-22.973     2272.455
-23.139     2276.91
-24.401     2279.745
-24.667     2288.817
-25.217     2292.948
-25.645     2296.917
-26.782     2298.699
-26.799     2305.179
-26.616     2314.089
-28.187     2312.955
-27.9     2312.226
-27.374     2317.734
-27.042     2317.653
-26.104     2323.161
-27.557     2326.239
-28.147     2331.666
-27.883     2332.395
-27.008     2329.884
-26.354     2326.968
-25.414     2333.124
-25.376     2337.336
-25.32     2339.685
-25.893     2345.922
-27.356     2351.835
-27.433     2353.941
-26.72     2352.159
-26.182     2354.427
-26.697     2363.904
-27.745     2367.225
-27.209     2360.826
-25.46     2362.932
-26.017     2374.11
-27.644     2377.917
-27.106     2377.674
-26.947     2381.562
-27.984     2390.877
-29.241     2392.902
-28.133     2386.827
-26.281     2387.961
-26.526     2391.282
-26.295     2396.952
-26.149     2401.974
-27.277     2403.918
-27.801     2409.264
-28.263     2415.015
-27.991     2415.582
-27.868     2416.554
-28.206     2419.956
-28.308     2425.626
-27.946     2426.922
-27.844     2427.489
-28.037     2435.67
-29.482     2445.066
-30.034     2445.633
-29.711     2444.094
-29.417     2446.848
-29.482     2453.49
-29.316     2452.032
-28.253     2453.733
-28.728     2459.241
-29.718     2465.721
-29.577     2469.123
-29.841     2468.232
-29.693     2476.575
-31.471     2484.189
-31.59     2486.376
-31.299     2488.077
-31.826     2487.429
-31.343     2496.096
-31.827     2498.202
-31.431     2500.146
-31.959     2504.925
-33.007     2508.246
-32.098     2510.433
-31.586     2512.62
-32.195     2510.676
-31.519     2519.019
-32.08     2521.611
-31.613     2522.259
-31.765     2521.206
-31.305     2526.39
-31.113     2531.736
-31.164     2530.602
-30.852     2535.786
-32.171     2543.157
-32.61     2547.126
-32.283     2548.989
-32.701     2555.55
-34.43     2563.002
-35.101     2565.513
-34.201     2563.974
-33.643     2563.164
-33.385     2569.563
-33.812     2576.853
-34.124     2574.342
-33.27     2574.99
-32.411     2579.202
-31.77     2584.872
-33.056     2587.059
-33.671     2586.411
-32.477     2589.003
-31.33     2588.76
-30.981     2591.919
-31.876     2595.483
-31.937     2600.991
-31.526     2607.876
-32.973     2610.549
-33.717     2611.44
-33.191     2618.163
-33.12     2623.914
-34.222     2624.319
-34.351     2623.185
-33.427     2627.478
-32.645     2635.902
-34.312     2640.762
-35.714     2643.678
-35.928     2646.594
-34.715     2653.641
-35.936     2652.102
-35.568     2652.75
-35.236     2656.962
-34.463     2659.392
-34.327     2662.389
-35.094     2665.953
-35.718     2671.299
-35.375     2676.969
-36.029     2680.695
-37.049     2680.533
-36.879     2684.421
-36.394     2693.655
-37.451     2696.652
-38.198     2692.845
-37.109     2695.113
-36.313     2701.836
-36.537     2704.347
-37.064     2705.238
-37.281     2706.372
-36.288     2713.176
-36.491     2718.603
-37.833     2723.301
-39.075     2730.672
-39.846     2730.024
-37.962     2730.267
-37.8     2736.099
-39.324     2744.361
-40.453     2745.495
-38.992     2744.766
-38.492     2748.249
-39.442     2758.05
-41.213     2766.798
-41.74     2767.122
-41.431     2768.742
-41.863     2773.035
-42.208     2778.786
-41.815     2776.113
-40.633     2772.549
-39.725     2777.004
-40.186     2782.269
-39.663     2782.35
-39.158     2787.291
-40.508     2792.718
-41.349     2800.494
-41.454     2801.304
-41.022     2804.22
-41.821     2808.513
-42.502     2815.803
-42.583     2814.831
-41.56     2816.937
-42.169     2818.314
-42.194     2826.009
-42.424     2825.361
-41.341     2821.959
-40.439     2821.797
-40.048     2826.9
-39.566     2832.894
-40.101     2837.268
-41.246     2837.673
-41.186     2847.231
-42.092     2851.119
-41.834     2848.122
-41.024     2847.312
-40.739     2855.25
-41.24     2863.512
-42.043     2865.213
-42.449     2870.316
-43.741     2873.961
-43.265     2875.743
-42.256     2881.17
-43.566     2885.706
-44.77     2896.56
-46.375     2898.423
-45.287     2900.286
-45.636     2900.934
-45.683     2904.498
-45.391     2906.442
-44.256     2908.143
-44.53     2908.953
-44.709     2916.405
-45.654     2921.265
-45.171     2922.885
-45.35     2926.287
-46.257     2933.982
-47.361     2939.166
-46.917     2939.895
-46.78     2942.001
-47.341     2948.886
-48.308     2954.961
-48.001     2954.799
-47.569     2953.422
-47.249     2957.472
-47.618     2961.117
-46.679     2960.631
-45.975     2962.008
-46.332     2963.79
-44.248     2967.435
-44.578     2972.133
-45.862     2979.504
-47.317     2988.171
-47.707     2987.685
-46.845     2986.227
-46.446     2989.305
-46.84     2991.897
-45.663     3000.807
-47.233     3005.505
-48.465     3007.368
-48.577     3009.15
-47.168     3012.471
-47.079     3013.524
-47.344     3017.979
-48.437     3020.733
-47.613     3025.755
-47.505     3027.537
-47.848     3027.537
-47.732     3028.914
-46.652     3034.098
-46.586     3038.634
-47.675     3041.793
-48.454     3046.41
-48.369     3050.379
-47.821     3053.295
-48.388     3055.563
-48.967     3060.585
-49.137     3066.255
-48.975     3068.199
-49.225     3065.607
-48.523     3066.984
-47.816     3070.467
-46.897     3071.277
-46.808     3073.869
-47.531     3077.838
-47.662     3084.237
-47.547     3085.857
-47.647     3086.181
-47.76     3088.449
-47.491     3093.39
-46.918     3102.543
-48.875     3103.677
-49.161     3100.032
-47.484     3106.107
-47.235     3111.696
-48.193     3115.503
-49.235     3116.313
-48.866     3122.145
-48.51     3131.541
-50.342     3135.996
-51.541     3132.837
-50.182     3135.348
-48.893     3142.881
-50.107     3148.389
-51.634     3146.85
-50.823     3148.065
-49.231     3157.218
-50.803     3160.701
-51.811     3161.997
-51.782     3167.1
-51.248     3172.284
-51.651     3173.418
-51.99     3173.418
-51.727     3179.736
-51.611     3187.593
-52.559     3186.459
-52.225     3187.188
-52.24     3196.26
-52.927     3202.659
-53.386     3206.142
-54.272     3208.329
-54.729     3209.949
-53.54     3208.41
-51.792     3209.139
-51.944     3210.597
-52.228     3219.993
-53.233     3225.096
-53.088     3227.445
-53.546     3230.037
-54.142     3234.735
-54.052     3238.137
-53.39     3237.084
-52.936     3243.321
-54.536     3248.1
-54.499     3248.1
-52.757     3250.611
-53.168     3256.848
-54.847     3267.459
-56.634     3273.372
-56.437     3273.534
-56.164     3267.864
-54.652     3272.4
-54.914     3276.288
-54.066     3280.095
-54.707     3285.036
-56.036     3293.136
-57.295     3295.161
-55.945     3292.812
-54.871     3290.301
-54.18     3298.077
-55.475     3306.096
-55.676     3309.903
-56.186     3309.498
-56.109     3316.707
-57.4     3320.19
-56.412     3320.433
-55.856     3323.349
-56.633     3329.505
-57.78     3333.879
-56.972     3334.122
-56.231     3331.206
-55.427     3334.851
-55.989     3344.49
-56.669     3349.512
-57.171     3349.755
-57.262     3355.182
-58.335     3365.712
-58.253     3365.064
-58.091     3362.31
-57.104     3368.061
-56.905     3375.756
-57.835     3376.647
-58.041     3378.024
-58.109     3381.75
-57.359     3387.258
-57.596     3386.367
-57.285     3383.856
-56.452     3393.09
-57.335     3405.321
-59.291     3410.1
-60.513     3409.29
-60.139     3413.583
-59.736     3421.116
-60.26     3420.63
-60.046     3421.44
-60.151     3425.571
-59.816     3431.565
-59.855     3432.699
-60     3432.537
-59.909     3433.509
-58.873     3446.388
-60.618     3453.273
-62.285     3449.871
-61.367     3450.681
-60.446     3460.482
-61.338     3464.775
-62.199     3467.286
-62.789     3465.585
-61.309     3469.392
-60.524     3472.875
-61.042     3473.118
-61.08     3472.713
-60.63     3477.492
-60.067     3482.595
-60.412     3479.436
-59.538     3480.246
-59.496     3492.72
-61.132     3501.873
-62.325     3500.658
-61.959     3500.982
-61.845     3505.518
-61.412     3513.942
-62.337     3517.02
-63.026     3515.076
-62.313     3518.154
-61.559     3523.176
-61.446     3523.662
-61.48     3527.955
-62.499     3529.251
-61.412     3532.977
-60.811     3533.949
-60.891     3539.619
-62.266     3542.13
-61.751     3550.716
-62.403     3551.85
-62.484     3552.984
-62.666     3554.442
-62.117     3560.841
-62.007     3561.894
-61.909     3561.813
-61.856     3562.38
-61.254     3570.48
-61.487     3581.01
-63.726     3583.764
-64.424     3586.923
-64.608     3594.213
-64.557     3594.213
-63.967     3590.892
-63.124     3593.484
-63.22     3599.883
-62.905     3599.64
-62.145     3597.21
-61.544     3599.883
-61.794     3605.715
-61.443     3610.818
-61.903     3612.6
-62.3     3613.572
-62.127     3623.94
-62.975     3629.043
-63.436     3634.389
-64.904     3633.984
-64.469     3637.872
-63.632     3645.081
-64.454     3648.645
-65.373     3657.069
-67.361     3663.144
-67.217     3662.82
-65.915     3663.792
-66.079     3668.895
-67.234     3672.297
-66.494     3676.428
-66.347     3681.126
-67.469     3682.746
-67.606     3685.986
-66.938     3685.824
-65.494     3687.12
-65.697     3688.173
-65.905     3696.435
-66.723     3697.974
-65.517     3701.943
-66.428     3704.535
-67.046     3712.959
-67.965     3711.663
-65.956     3710.124
-65.314     3718.305
-67.411     3732.075
-69.872     3734.262
-68.718     3728.754
-66.986     3726.567
-66.355     3734.748
-67.563     3738.798
-66.784     3739.851
-66.681     3744.63
-67.95     3753.54
-69.405     3754.188
-67.219     3753.783
-67.079     3753.216
-66.096     3757.509
-65.324     3764.151
-66.58     3765.042
-66.796     3769.983
-67.435     3779.298
-67.997     3782.457
-68.25     3780.108
-67.581     3784.644
-68.18     3791.529
-68.047     3795.984
-68.529     3797.199
-68.843     3797.28
-68.38     3803.679
-68.107     3809.754
-68.858     3807.972
-68.335     3804.165
-66.925     3815.505
-68.049     3820.203
-68.38     3817.449
-67.588     3821.904
-68.386     3832.596
-69.426     3839.481
-70.22     3840.129
-70.303     3839.076
-69.78     3846.609
-70.025     3853.899
-70.784     3853.089
-70.468     3855.681
-70.959     3863.7
-71.376     3873.096
-72.513     3869.856
-71.559     3868.56
-71.061     3875.283
-71.317     3878.928
-70.846     3880.386
-71.077     3879.495
-70.702     3884.274
-70.508     3891.159
-70.791     3892.455
-71.01     3890.997
-70.532     3889.296
-68.699     3896.343
-68.893     3901.446
-70.069     3905.334
-71.043     3911.976
-71.561     3920.157
-71.958     3922.749
-72.423     3922.992
-72.482     3923.235
-71.515     3924.855
-70.131     3928.5
-70.797     3930.363
-71.21     3933.279
-70.929     3946.968
-72.674     3950.532
-73.219     3947.454
-72.398     3950.775
-72.499     3960.576
-73.128     3960.333
-72.589     3962.925
-73.259     3966.975
-73.565     3974.022
-73.528     3978.72
-74.212     3981.555
-74.931     3984.552
-75.088     3991.275
-74.912     3995.649
-75.399     3991.032
-74.121     3988.926
-73.022     3993.867
-72.397     3998.403
-72.785     4003.263
-74.092     4004.721
-74.022     4007.718
-72.858     4014.522
-73.74     4017.195
-74.463     4020.516
-75.386     4020.759
-75.514     4019.463
-75.516     4019.868
-75.855     4019.463
-75.937     4017.357
-75.749     4015.575
-75.363     4015.899
-75.503     4015.008
-75.249     4019.22
-76.325     4020.759
-76.562     4018.815
-75.943     4014.36
-74.697     4014.36
-74.529     4018.329
-75.477     4015.737
-74.727     4014.036
-74.279     4013.955
-74.242     4013.55
-74.192     4012.578
-73.99     4012.173
-73.84     4009.824
-73.267     4010.148
-73.495     4013.874
-74.552     4021.245
-76.66     4021.326
-76.76     4016.871
-75.52     4015.413
-75.068     4015.17
-74.903     4014.279
-74.618     4018.086
-75.517     4016.952
-75.178     4014.684
-74.515     4009.743
-73.161     4009.986
-73.262     4014.198
-74.396     4014.927
-74.569     4012.74
-74.023     4014.36
-74.566     4011.768
-73.843     4014.765
-74.8     4017.438
-75.529     4014.198
-74.696     4011.849
-74.07     4012.74
-74.244     4016.142
-75.078     4023.351
-77.005     4025.457
-77.525     4024.485
-77.25     4026.834
-77.845     4025.457
-77.441     4021.488
-76.351     4023.756
-76.934     4024.161
-77.042     4019.868
-75.876     4018.734
-75.606     4021.245
-76.417     4025.538
-77.52     4028.049
-78.111     4028.94
-78.369     4025.457
-77.409     4024.404
-77.102     4027.077
-77.836     4030.236
-78.647     4028.292
-78.207     4023.108
-76.846     4021.407
-76.424     4026.348
-77.82     4027.239
-78.037     4029.912
-78.755     4031.694
-79.256     4031.532
-79.192     4034.124
-79.952     4034.367
-80.059     4031.208
-79.132     4030.641
-78.939     4031.289
-79.127     4032.666
-79.474     4032.909
-79.496     4031.289
-79.038     4029.831
-78.618     4032.504
-79.383     4027.887
-78.173     4024.89
-77.374     4025.376
-77.498     4027.239
-77.947     4028.616
-78.33     4029.669
-78.611     4029.426
-78.578     4032.261
-79.366     4034.367
-79.911     4032.747
-79.495     4032.666
-79.431     4036.554
-80.437     4037.04
-80.556     4033.881
-79.74     4034.61
-79.934     4031.856
-79.247     4027.158
-77.947     4027.401
-78.043     4029.669
-78.648     4031.208
-79.016     4031.613
-79.082     4032.099
-79.233     4034.934
-79.926     4036.554
-80.368     4030.236
-78.72     4028.211
-78.222     4030.479
-78.885     4030.074
-78.772     4027.077
-78.025     4029.669
-78.759     4030.074
-78.872     4029.912
-78.797     4029.669
-78.759     4030.641
-78.939     4028.373
-78.313     4028.13
-78.232     4026.834
-77.908     4025.214
-77.486     4026.267
-77.741     4026.51
-77.795     4029.102
-78.413     4027.482
-77.97     4032.261
-79.181     4034.367
-79.695     4037.121
-80.404     4036.23
-80.255     4032.261
-79.276     4031.613
-79.145     4033.152
-79.651     4035.096
-80.127     4033.476
-79.742     4025.052
-77.559     4023.756
-77.213     4026.267
-77.878     4026.672
-78.007     4027.968
-78.284     4028.778
-78.4     4029.426
-78.552     4029.588
-78.632     4028.13
-78.201     4026.591
-77.727     4024.566
-77.277     4024.242
-77.227     4026.834
-77.866     4029.426
-78.62     4025.457
-77.572     4024.485
-77.292     4026.429
-77.784     4027.401
-78.006     4026.348
-77.71     4029.102
-78.502     4031.37
-79.102     4026.672
-77.875     4025.133
-77.486     4023.513
-77.001     4018.896
-75.78     4020.84
-76.204     4023.351
-76.874     4024.161
-77.106     4030.965
-78.962     4032.504
-79.425     4029.993
-78.761     4030.965
-79.104     4029.588
-78.716     4031.046
-79.063     4033.071
-79.629     4035.987
-80.407     4032.504
-79.446     4028.13
-78.253     4029.669
-78.643     4026.429
-77.763     4024.89
-77.316     4024.809
-77.273     4023.108
-76.814     4023.027
-76.766     4023.27
-76.778     4021.326
-76.239     4019.382
-75.752     4022.055
-76.465     4028.94
-78.427     4033.314
-79.657     4034.448
-79.943     4034.043
-79.904     4033.8
-79.808     4036.392
-80.499     4039.551
-81.452     4041.009
-81.867     4035.663
-80.404     4034.124
-80.01     4031.937
-79.427     4032.585
-79.531     4034.286
-79.927     4033.881
-79.761     4029.669
-78.627     4023.837
-77.045     4023.27
-76.91     4023.27
-76.899     4027.968
-78.1     4030.965
-78.946     4031.694
-79.188     4030.479
-78.885     4029.183
-78.539     4029.588
-78.684     4031.694
-79.262     4033.071
-79.645     4034.367
-79.99     4035.501
-80.298     4036.311
-80.461     4033.557
-79.685     4026.996
-77.925     4026.348
-77.705     4025.862
-77.601     4024.323
-77.18     4025.538
-77.52     4027.239
-77.932     4022.865
-76.839     4023.351
-76.932     4027.887
-78.125     4026.753
-77.855     4028.697
-78.389     4030.803
-78.961     4034.205
-79.91     4034.691
-80.071     4034.043
-79.925     4035.825
-80.432     4038.741
-81.183     4038.822
-81.205     4041.09
-81.857     4041.171
-81.857     4035.177
-80.201     4037.607
-80.802     4037.85
-80.845     4035.258
-80.159     4032.747
-79.427     4029.993
-78.603     4032.342
-79.25     4030.965
-78.915     4028.778
-78.421     4027.725
-78.267     4031.532
-79.298     4036.959
-80.692     4035.744
-80.342     4031.694
-79.288     4032.99
-79.544     4035.744
-80.189     4038.903
-81.058     4040.604
-81.559     4039.146
-81.117     4036.311
-80.561     4025.376
-79.362     4021.569
-79.663     4019.625
-79.176     4022.055
-79.924     4014.36
-79.409     4002.696
-77.763     3997.107
-76.351     3996.216
-76.151     3994.029
-76.926     3992.004
-77.981     3992.652
-78.301     3993.138
-78.526     3989.493
-78.796     3988.764
-80.202     3990.303
-80.807     3989.574
-80.713     3981.393
-79.642     3972.078
-78.901     3970.701
-78.802     3969.729
-78.496     3963.411
-77.775     3964.302
-79.834     3961.467
-79.415     3962.358
-79.626     3960.009
-79.8     3957.174
-80.924     3959.037
-81.805     3955.959
-81.721     3949.965
-82.044     3944.052
-81.089     3944.538
-81.208     3944.619
-81.84     3941.46
-82.888     3936.114
-82.036     3939.759
-82.987     3941.784
-84.106     3935.223
-84.284     3921.858
-81.404     3917.808
-80.256     3920.157
-81.288     3916.674
-82.259     3912.219
-81.856     3911.733
-81.716     3907.764
-80.984     3901.77
-81.202     3891.888
-79.446     3896.262
-80.591     3897.153
-81.161     3894.075
-82.172     3884.76
-80.746     3885.57
-80.994     3891.483
-82.792     3888.729
-83.737     3882.411
-83.242     3875.85
-81.534     3873.825
-81.116     3873.987
-82.712     3867.588
-82.348     3863.133
-81.297     3866.049
-82.19     3855.438
-80.767     3847.257
-79.996     3841.425
-78.541     3841.749
-78.69     3833.406
-77.819     3833.73
-79.4     3838.104
-80.683     3838.104
-80.709     3830.814
-80.044     3824.901
-80.105     3824.577
-80.224     3823.767
-80.045     3819.069
-79.934     3814.128
-80.412     3814.695
-80.832     3812.832
-80.304     3810.24
-80.597     3804.732
-80.934     3802.059
-80.495     3796.632
-78.99     3784.887
-76.748     3779.703
-77.24     3780.027
-77.705     3780.999
-77.922     3774.438
-76.957     3770.145
-77.729     3774.438
-79.332     3779.946
-80.711     3772.251
-79.338     3766.095
-79.618     3768.687
-80.878     3764.07
-79.673     3759.129
-78.908     3760.83
-81.331     3761.154
-82.165     3756.942
-81.031     3754.998
-80.924     3745.926
-80.331     3739.851
-79.506     3738.069
-79.021     3733.695
-78.223     3725.271
-77.861     3728.592
-79.652     3732.561
-80.721     3729.078
-80.124     3720.168
-79.523     3721.464
-80.895     3722.193
-81.047     3721.059
-80.961     3715.146
-81.09     3712.392
-81.64     3714.66
-82.26     3714.336
-82.269     3708.99
-82.465     3704.859
-82.69     3701.295
-81.829     3696.192
-80.595     3685.581
-79.192     3685.986
-80.695     3688.254
-81.442     3686.229
-80.976     3675.78
-79.579     3668.004
-79.101     3668.571
-79.394     3666.465
-78.801     3656.826
-77.468     3653.586
-78.247     3653.991
-78.523     3660.876
-80.401     3659.094
-81.127     3656.178
-82.081     3655.692
-82.183     3657.231
-82.562     3653.019
-82.397     3648.645
-83.089     3647.754
-83.204     3644.028
-82.184     3635.28
-80.705     3629.691
-81.11     3626.451
-80.677     3621.186
-79.263     3616.083
-78.655     3608.226
-78.466     3606.363
-78.416     3610.737
-80.278     3607.821
-81.38     3600.936
-80.191     3601.26
-80.373     3604.905
-81.845     3600.531
-82.579     3594.132
-81.61     3593.16
-81.319     3594.78
-82.188     3590.406
-82.943     3584.736
-82.205     3587.004
-82.736     3587.976
-83.306     3583.197
-83.917     3573.477
-82.225     3571.128
-81.562     3573.153
-82.423     3572.748
-84.168     3567.321
-83.826     3567.807
-83.94     3567.969
-84.22     3561.165
-84.201     3556.386
-84.027     3556.467
-84.044     3555.09
-83.919     3553.308
-85.091     3546.828
-84.732     3546.909
-84.801     3547.314
-85.02     3545.532
-86.014     3534.597
-84.524     3529.089
-83.203     3527.388
-82.807     3526.821
-84.104     3519.288
-83.633     3514.509
-82.464     3512.16
-81.853     3510.621
-82.743     3503.574
-82.549     3501.144
-82.074     3501.063
-82.116     3502.44
-83.657     3499.443
-84.569     3498.228
-84.498     3498.714
-84.659     3496.608
-85.119     3488.751
-84.814     3481.137
-83.115     3481.947
-83.368     3486.402
-85.44     3479.679
-85.459     3472.875
-83.992     3469.959
-83.241     3467.286
-83.37     3462.507
-83.96     3449.709
-81.026     3452.463
-81.739     3447.765
-81.208     3439.017
-80.834     3441.447
-82.066     3444.201
-82.8     3439.179
-82.046     3435.048
-82.86     3435.453
-83.648     3435.858
-83.698     3434.238
-83.745     3433.59
-85.567     3432.537
-86.103     3427.272
-84.672     3417.795
-82.414     3409.209
-81.872     3405.807
-82.123     3404.835
-81.922     3404.268
-82.023     3400.218
-82.591     3400.38
-83.824     3399.165
-83.595     3393.495
-82.246     3385.962
-81.912     3387.42
-83.612     3391.794
-84.847     3391.389
-84.854     3385.314
-84.682     3389.607
-87.254     3389.283
-87.331     3380.94
-85.174     3373.002
-84.442     3371.787
-85.671     3374.055
-86.46     3371.301
-85.726     3363.201
-84.83     3357.45
-85.023     3355.992
-84.861     3353.562
-84.218     3346.191
-83.405     3340.116
-83.591     3335.175
-82.553     3334.689
-82.423     3334.932
-83.483     3338.334
-86.28     3336.876
-86.234     3338.415
-86.618     3330.315
-85.342     3322.701
-85.202     3323.916
-85.884     3326.913
-86.599     3319.542
-85.434     3314.52
-86.043     3312.252
-85.975     3311.685
-85.845     3305.529
-84.851     3298.563
-84.925     3295.161
-84.666     3292.812
-84.034     3284.064
-82.217     3276.045
-82.043     3273.939
-82.271     3272.562
-81.914     3268.998
-83.28     3267.216
-83.632     3265.596
-83.152     3266.406
-83.758     3264.948
-85.275     3261.141
-85.25     3257.253
-84.266     3257.334
-84.571     3256.443
-86.119     3254.58
-86.754     3253.932
-86.618     3247.128
-85.019     3242.43
-85.462     3237.57
-85.372     3235.869
-84.902     3231.414
