Distance_nm     Force_uN
0     0.0314
-0.21     1.0973
-0.519     1.4108
1.082     0.6897
3.723     1.0346
6.117     1.4108
8.433     0.627
11.242     -0.8465
14.201     -0.8151
16.513     1.2854
18.229     3.0725
20.083     2.7276
22.612     0.5957
25.809     -1.2227
28.744     -0.7524
30.934     0.9719
32.892     2.2573
34.832     2.2887
37.182     1.8184
39.769     1.066
42.379     0.3449
44.821     0.4076
46.674     1.787
47.961     2.5708
47.826     1.6616
48.04     -0.1881
48.578     -0.9092
48.734     0
48.348     0.9405
47.919     0.7838
47.951     0.0314
48.139     0.2822
47.97     1.16
47.61     1.4108
47.525     1.0033
47.616     0.5957
47.624     1.0973
47.38     2.1633
47.009     2.5395
46.855     2.0379
46.983     0.9719
47.386     -0.4076
47.791     -0.7211
47.804     -0.5957
47.672     -0.1254
47.445     0.8778
47.11     0.9092
47.053     0.5957
47.107     -0.1568
47.357     -0.0314
47.356     1.3168
46.8     2.0065
46.503     1.6616
46.62     0.8778
46.896     0.4076
46.998     -0.0314
47.126     0.2508
47.03     1.0346
46.749     1.3168
46.612     1.9752
46.352     1.693
46.39     0.0941
46.875     -0.2822
47.013     1.3481
46.434     0.4389
46.737     -0.4389
47.081     -0.2195
46.991     0.3135
46.759     0.6584
46.558     0.7524
46.474     -0.2195
46.819     -0.1881
47.665     1.3795
49.608     1.693
51.987     1.0346
54.534     0.9405
57.072     1.8184
59.181     2.6022
61.391     1.693
64.142     0.6897
66.816     0.3762
69.408     0.4389
71.778     0.5016
74.059     0.533
76.487     -0.3762
79.192     -0.533
81.668     0.4076
83.808     0.627
86.02     0.4389
88.418     1.2541
90.591     1.7243
92.796     1.5989
95.262     1.0033
97.87     0.3762
100.422     0.9092
102.669     1.16
104.939     1.2541
107.257     1.0973
109.79     0.8465
112.172     0.8465
114.538     0.5643
119.432     0
121.967     0.4703
124.23     1.693
126.197     2.4454
128.27     1.0973
130.978     -1.1287
134.056     -1.8811
136.723     -0.6584
138.747     0.9092
140.575     1.6303
142.722     1.3795
145.141     0.6584
147.803     0.4703
150.342     -0.2195
152.826     -0.3762
155.244     1.3481
157.109     2.8844
158.896     3.2606
161.259     2.2573
164.032     -0.3762
167.196     -1.9125
170.155     -0.9719
172.212     0.627
174.03     1.2541
176.297     0.6897
178.838     0.3762
181.341     0.2822
183.748     0.1254
186.104     0.2822
188.474     1.066
190.61     1.8184
192.673     2.3827
194.946     1.2854
197.73     0.1254
200.41     0.2508
202.832     0.9719
205.021     1.2854
207.295     1.1287
209.745     0.9405
212.127     0.7838
214.613     0.9719
217.03     0.627
219.423     -0.3449
222.128     -0.1881
224.472     1.0973
226.365     2.1006
228.489     1.5049
231.04     0.8778
233.623     0.3762
236.331     -0.3762
238.857     -0.1881
241.148     0.5957
243.352     1.8811
245.209     2.7276
247.37     2.0379
250.074     0.4389
252.939     -0.1881
255.533     0.7211
257.579     2.0065
259.572     2.1633
261.868     1.0973
262.71     0.1881
262.887     -1.0346
263.197     -1.4735
263.299     -1.0346
263.041     0.0627
262.617     1.787
261.928     2.6335
261.526     1.5676
261.861     0.0627
262.319     1.4108
261.794     2.2887
261.486     1.8497
261.557     0.6897
261.866     0.1254
262     0.2822
261.863     0.3135
261.832     -0.0627
261.918     0.0314
261.828     1.066
261.415     1.3795
261.272     0.8465
261.463     0.9405
261.39     0.8151
261.453     0.533
261.533     0.3135
261.539     -0.1254
261.631     0.4703
261.439     1.6616
261.056     1.7243
260.967     0.9405
261.181     -0.0941
261.521     -0.3135
261.569     0.5643
261.22     1.2854
260.991     1.5049
260.885     1.9125
260.684     1.5676
260.738     1.0973
260.919     0.3135
261.19     -0.3135
261.376     0.4389
261.09     0.9092
260.92     0.5016
261.063     -0.0941
261.276     -0.4703
261.372     -0.4076
261.272     0.6584
260.947     1.16
260.804     1.693
260.545     1.9438
260.381     1.8811
260.455     1.6303
260.581     0.533
260.959     -0.2822
261.167     0.4076
260.918     0.9092
260.742     1.2227
260.652     0.9405
260.8     0.0314
261.092     0.0627
261.066     0.4703
260.99     0.1881
261.076     0.4389
261.022     1.2227
260.751     1.9125
260.501     2.0065
260.443     1.0033
260.794     -0.2195
261.208     0.1568
261.112     0.8465
260.894     1.4422
260.692     1.3481
260.755     0.627
260.958     0.4389
261.011     0.5016
261.042     0.5643
261.068     1.4735
260.765     1.9125
260.569     1.6616
260.633     0.8465
260.999     -0.4076
261.465     -0.8151
261.598     -0.3449
261.408     0.0627
261.259     0.7524
261.036     0.8465
261.019     0.9719
261.003     1.2227
260.96     0.8151
261.108     0.3449
261.252     0.7838
261.088     1.3481
260.902     1.8497
260.747     1.2541
260.949     0.1568
261.29     -0.1568
261.443     -0.1254
261.427     -0.1254
261.422     0.1881
261.357     0.4703
261.236     0.7211
261.177     0.7838
261.182     0.3135
261.294     0.3762
261.242     0.7211
261.093     1.693
260.79     2.1633
260.646     1.3481
260.943     0.627
261.151     0.6584
261.172     0.5643
261.23     0.0627
261.4     0.0627
261.369     0.7211
261.156     1.6616
260.905     1.2854
261.038     0.5643
261.235     0.4076
261.262     1.3481
260.943     1.5989
260.884     0.9719
261.149     0.4389
261.325     0.4076
261.341     0.533
261.324     0.4389
261.351     0.5957
261.642     0.5957
263.809     0.7838
266.22     0.533
268.843     0.6584
271.322     1.0973
273.585     1.4422
276.032     1.5362
278.449     0.6584
281.195     -0.0627
284.05     0
286.436     0.3135
288.779     0.8465
291.151     0.7838
293.543     0.533
296.077     0.9405
298.429     0.627
300.895     0.3449
303.544     0.8778
305.786     1.3168
308.008     2.0065
310.338     2.0379
312.781     0.9405
315.628     0.1881
318.347     0.2195
320.712     0.4389
323.102     0.627
325.529     0.3449
327.922     0.0627
330.608     0.8778
332.843     1.3795
335.001     1.5989
337.444     1.5049
339.914     1.16
342.443     1.4422
344.9     1.7243
347.165     0.8151
349.937     0.4076
352.603     0.627
354.857     0.7211
357.347     1.1287
359.637     0.8465
362.113     0.3449
364.8     0.4389
367.264     0.4389
369.681     0.5643
372.113     1.0973
374.345     1.8497
376.507     2.5081
378.754     1.8184
379.896     0.5016
380.348     -0.0941
380.518     0
380.424     0.533
380.186     0.6584
380.091     0.627
380.055     1.2541
379.758     1.7557
379.536     1.0973
379.728     0.9092
379.771     0.7524
379.793     1.4735
379.543     2.3827
379.209     1.1287
379.665     -0.4389
380.191     -0.6897
380.245     0.2822
379.874     1.2854
379.549     1.1914
379.529     0.5643
379.731     0.9092
379.593     0.533
379.71     0.0627
379.797     0.1568
379.76     0.7211
379.521     1.7243
379.176     2.1946
379.027     1.5676
379.25     0.9405
379.431     0.5957
379.533     0.4389
379.607     -0.0314
379.824     -0.6897
380.052     0.3449
379.712     1.5362
379.313     1.2541
379.33     0.6584
379.506     0.4389
379.596     0.7211
