Distance_nm     Force_uN
0     2.349
0.415     0.891
1.598     0.081
6.572     -0.243
14.197     -0.486
22.046     0.891
28.884     2.916
35.727     3.726
43.013     1.458
50.668     -2.106
59.166     -0.972
66.266     1.62
72.381     3.321
79.361     3.321
86.454     2.349
93.792     3.969
100.794     3.564
107.881     1.458
115.855     1.134
123.397     1.134
130.309     3.807
136.978     5.427
143.601     3.24
151.152     0.486
159.415     -0.324
166.677     -0.567
173.721     -1.134
181.263     -0.324
188.104     1.458
202.123     2.025
208.981     1.62
216.413     2.511
223.431     2.997
230.179     3.159
237.541     3.969
244.58     2.673
251.973     0.81
259.749     2.592
266.181     4.374
272.777     3.402
280.527     2.106
288.019     1.458
295.237     2.511
302.194     3.726
308.664     1.215
316.73     -1.944
324.938     -2.025
331.69     -1.701
338.828     2.592
344.714     6.48
350.759     6.318
358.176     4.374
365.793     2.268
373.503     0.972
381.34     -0.324
388.717     0.567
395.8     3.645
402.211     5.427
408.38     5.508
415.632     4.536
423.086     0.891
431.112     -1.458
439.249     -0.243
445.982     2.754
452.185     3.726
459.345     2.835
466.662     1.377
474.246     0.648
481.898     0.162
488.842     0.405
496.051     0.324
503.297     0.648
510.122     2.592
517.004     5.103
523.568     5.832
530.3     5.346
537.985     3.24
545.547     -0.162
553.54     -0.486
561.099     1.377
567.46     3.159
574.253     4.941
581.113     3.564
588.429     1.62
596.391     1.134
603.731     1.134
610.56     1.863
617.951     0.729
625.58     -0.648
632.912     0.081
640.22     -0.405
647.395     0.324
654.456     3.24
661.109     6.723
667.049     3.483
675.147     -0.405
683.831     -0.648
690.94     1.539
697.74     5.184
703.982     7.209
710.397     4.293
718.721     -0.891
727.293     -3.564
735.14     -1.539
742.115     1.62
748.422     1.863
755.73     1.296
763.156     2.268
769.987     1.458
777.776     0.891
785.269     3.321
791.46     4.536
798.653     2.43
806.462     1.458
813.455     2.025
820.988     5.427
827.246     7.452
833.76     5.913
841.663     1.62
849.93     -2.43
858.312     -2.754
865.969     0
872.189     0.162
879.732     0.81
887.144     2.106
893.838     2.106
901.03     1.296
907.732     0.567
915.17     2.916
922.025     5.67
928.326     4.941
935.846     2.268
944.087     -0.648
952.114     0.081
959.505     3.888
965.72     5.994
972.08     4.212
980.378     2.025
988.291     0
995.979     -2.268
1004.21     -2.106
1011.49     -0.972
1018.59     1.62
1025.346     2.673
1032.238     1.296
1040.097     -0.567
1048.235     -1.053
1055.508     0.891
1062.489     4.779
1068.945     5.589
1076.05     3.483
1084.369     2.106
1091.932     2.025
1099.146     2.592
1106.662     2.754
1114.024     4.293
1121.015     4.941
1128.262     1.215
1136.475     -1.296
1144.854     -0.243
1152.091     -0.648
1159.49     -0.324
1167.138     -0.729
1174.735     -1.458
1182.337     0.729
1189.483     2.106
1196.369     1.701
1203.769     2.592
1211.247     3.969
1218.314     5.346
1225.662     4.617
1233.511     1.782
1241.45     1.944
1249.043     4.05
1255.946     5.67
1262.767     5.589
1270.54     2.754
1278.694     -0.972
1294.756     -1.62
1302.287     0
1309.421     1.296
1316.807     1.053
1324.064     -0.972
1332.344     -2.511
1340.494     -1.296
1347.26     2.268
1354.1     5.265
1360.73     3.888
1368.293     2.916
1376.323     2.673
1383.761     2.025
1391.457     3.807
1398.711     5.913
1405.385     5.265
1413.113     3.645
1421.384     0.972
1429.51     -0.648
1437.484     0.162
1444.984     -1.134
1452.64     -0.81
1460.255     -0.405
1467.535     -0.729
1475.127     1.539
1482.415     2.754
1489.526     -0.162
1497.783     2.025
1504.962     4.941
1511.499     4.698
1519.151     1.863
1527.601     2.835
1534.498     5.184
1541.534     5.022
1549.23     2.835
1557.324     0.81
1565.687     0.567
1573.24     1.62
1580.428     1.215
1588.206     -0.648
1595.818     -0.567
1603.366     -0.162
1611.206     -0.405
1618.743     -0.324
1626.291     0.648
1633.534     3.159
1640.18     3.807
1647.987     0.972
1656.355     -0.081
1664.11     1.863
1671.239     6.399
1677.274     8.019
1684.308     3.888
1693.469     0.891
1701.634     1.134
1709.105     2.673
1716.541     5.103
1723.258     3.24
1731.43     -0.243
1740.153     -1.782
1747.809     -3.078
1755.959     -1.053
1763.131     0.405
1770.111     -0.81
1778.338     -0.729
1785.837     -0.729
1793.522     0.081
1801.138     3.078
1807.686     5.103
1814.941     4.212
1822.784     3.321
1830.315     3.645
1838.226     4.779
1845.622     5.994
1852.766     3.402
1861.315     0.324
1869.698     0.891
1877.297     2.106
1884.819     3.159
1891.859     2.43
1899.708     -0.729
1908.525     -2.754
1916.427     -2.673
1924.255     -0.486
1931.581     3.078
1937.977     3.807
1945.581     3.321
1953.365     1.701
1961.273     1.377
1969.49     3.726
1976.46     6.075
1983.545     7.371
1991.128     7.938
1998.513     5.184
2007.023     2.187
2015.747     1.944
2023.218     2.025
2031.128     2.673
2038.738     2.43
2046.291     1.053
2054.578     0.081
2062.559     0.162
2070.206     1.134
2078.057     1.782
2085.486     2.43
2092.947     3.24
2100.645     2.916
2108.154     2.43
2116.07     4.374
2123.527     7.128
2130.388     7.776
2138.031     7.209
2145.885     6.642
2153.526     6.075
2161.825     4.86
2170.102     3.321
2177.988     2.592
2185.985     1.701
2194.009     2.268
2201.888     4.455
2209.049     4.212
2216.652     4.293
2224.596     4.617
2232.457     3.564
2240.262     4.05
2248.113     4.536
2255.782     5.508
2263.058     6.318
2270.953     6.966
2278.513     7.209
2286.182     7.371
2294.186     6.966
2301.783     6.642
2309.655     5.508
2317.876     4.212
2325.845     4.05
2334.085     6.804
2341.159     23.085
2344.308     31.914
2349.812     38.232
2355.745     50.22
2360.396     58.968
2366.283     65.448
2372.255     76.626
2376.911     90.72
2381.078     107.892
2383.871     119.88
2388.803     132.192
2393.449     148.959
2404.4     162.243
2408.751     169.29
2414.406     179.01
2419.932     194.157
2423.617     206.955
2427.902     217.971
2432.997     230.931
2437.238     245.349
2441.268     256.527
2446.204     264.546
2451.53     279.855
2455.517     296.217
2459.056     304.074
2464.311     311.85
2470.361     320.436
2476.029     335.907
2479.676     352.35
2483.275     365.958
2487.259     378.027
2491.873     390.258
2496.936     400.221
2502.018     410.184
2507.117     422.172
2511.934     435.942
2516.006     449.469
2520.292     461.052
2524.987     471.663
2529.698     486.648
2534.002     496.773
2539.14     506.574
2544.331     525.204
2547.703     539.136
2551.732     543.186
2555.232     534.114
2550.831     525.771
2545.378     517.995
2539.393     511.353
2533.202     497.907
2529.289     482.112
2525.482     467.37
2521.556     457.812
2516.546     446.148
2511.494     433.755
2507.133     425.736
2501.625     415.611
2496.323     404.028
2491.776     389.286
2487.982     375.84
2483.839     361.422
2480.253     348.786
2475.727     339.471
2470.355     325.296
2466.721     315.171
2461.682     307.071
2456.13     297.594
