Distance_nm     Force_uN
0     -4.374
0     -3.159
-0.01     -4.941
-0.01     -6.075
0.011     -6.399
0.074     -5.832
0.064     -0.81
0.053     1.782
0.127     3.645
0.158     1.539
0.143     -1.701
0.148     -4.698
0.185     -4.212
0.227     -0.081
0.258     1.296
0.274     -1.215
0.337     -1.863
0.343     1.458
0.285     0.243
0.29     -1.863
0.369     -2.835
0.453     -0.972
0.448     5.508
0.437     1.782
0.48     -2.754
0.501     -1.053
0.464     1.62
0.485     -2.511
0.516     -4.536
0.559     -2.916
0.58     -0.081
0.611     -1.539
0.648     -4.374
0.711     -4.293
0.753     -0.648
0.706     3.402
0.706     1.863
0.759     -2.916
0.806     -1.701
0.827     1.134
0.848     -1.458
0.89     -5.994
0.927     -3.645
0.917     0.648
0.906     4.374
0.938     3.564
0.948     2.43
0.975     1.134
0.996     2.187
1.127     2.592
1.069     -1.782
1.09     -1.458
1.18     -0.081
1.227     -0.81
1.185     -2.106
1.222     -4.455
1.275     -2.997
1.275     -4.212
1.29     -5.832
1.259     -4.86
1.285     -4.941
1.364     -5.508
1.401     -3.402
1.417     -3.078
1.459     -0.891
1.485     0.648
1.454     -1.701
1.422     -2.025
1.522     0.081
1.601     0.324
1.596     0.162
1.591     2.43
1.675     3.888
1.748     5.427
1.733     2.997
1.68     2.835
1.738     3.807
1.806     0.648
1.817     0.081
1.822     2.673
1.827     2.916
1.875     0.972
1.906     0.324
1.896     2.673
1.954     2.916
2.006     2.835
2.012     1.377
2.038     -1.134
2.07     1.701
2.117     4.212
2.138     3.321
2.185     2.835
2.217     -1.053
2.27     -2.997
2.264     -2.997
2.259     -2.43
2.28     -2.187
2.349     2.997
2.391     6.156
2.375     7.29
2.417     6.075
2.486     5.427
2.543     3.645
2.543     5.67
2.528     6.399
2.575     4.05
2.601     1.782
2.622     1.863
2.591     2.835
2.686     1.458
2.78     2.187
2.744     -0.81
2.749     -0.405
2.786     2.268
2.807     3.159
2.875     3.969
2.928     5.508
2.98     4.455
2.986     4.698
3.033     3.645
2.996     2.916
3.044     7.452
3.107     11.016
3.144     9.882
3.17     10.044
3.202     11.502
3.228     9.639
3.265     7.695
3.317     6.318
3.333     3.564
3.386     2.592
3.439     1.782
3.454     7.209
3.491     9.72
3.544     9.072
3.644     7.533
3.67     8.1
3.66     4.293
3.691     1.944
3.702     3.24
3.76     3.807
3.802     2.835
3.854     3.321
3.876     8.262
3.849     5.589
3.881     3.564
3.997     3.483
4.044     3.483
4.102     4.455
4.076     7.29
4.128     7.047
4.191     6.561
4.181     3.402
4.186     1.782
4.228     0.891
4.307     4.374
4.386     2.673
4.407     -0.405
4.476     1.539
4.544     6.723
4.555     6.237
4.581     4.779
4.676     5.103
4.713     6.48
4.702     5.67
4.739     5.994
4.807     4.212
4.823     1.62
4.855     4.131
4.955     5.265
4.992     3.969
4.96     6.318
5.029     6.723
5.134     6.237
5.197     4.455
5.187     3.24
5.192     3.969
5.281     2.592
5.371     4.86
5.355     6.885
5.413     7.776
5.481     9.882
5.55     9.234
5.545     5.67
5.555     5.67
5.634     8.343
5.739     8.262
5.818     6.642
5.797     3.564
5.813     3.645
5.913     6.642
5.966     3.969
5.992     2.025
6.013     2.835
6.113     2.916
6.182     3.321
6.192     3.24
6.245     2.754
6.366     3.564
6.408     2.43
6.397     5.832
6.471     7.938
6.545     6.48
6.571     4.698
6.576     5.103
6.634     6.561
6.698     8.667
6.761     6.723
6.803     6.237
6.829     9.153
6.913     10.449
6.961     12.231
7.008     10.692
7.056     9.315
7.166     10.449
7.24     13.122
7.24     11.745
7.298     10.854
7.393     8.586
7.44     10.935
7.419     13.284
7.466     15.39
7.629     10.854
7.719     12.393
7.666     14.904
7.672     13.284
7.803     10.449
7.887     9.639
7.956     10.368
7.993     10.287
8.066     7.776
8.156     10.935
8.156     11.421
8.193     10.206
8.277     15.795
8.377     18.306
8.43     14.904
8.467     13.608
8.53     11.583
8.625     11.583
8.714     11.907
8.719     14.58
8.84     15.228
8.93     14.418
8.972     13.365
8.977     17.172
9.046     19.521
9.193     14.742
9.214     12.069
9.235     12.069
9.325     11.097
9.441     11.34
9.467     15.228
9.509     18.306
9.609     19.845
9.767     21.222
9.809     19.197
9.809     16.929
9.914     17.01
10.046     17.577
10.083     18.306
10.072     20.574
10.146     20.007
10.294     17.253
10.383     19.764
10.404     22.68
10.499     20.736
10.625     16.848
10.71     17.739
10.725     19.359
10.752     24.705
10.92     31.104
11.041     26.649
11.073     24.057
11.094     25.272
11.257     25.92
11.373     24.462
11.373     22.518
11.436     21.465
11.562     20.493
11.689     20.088
11.741     21.141
11.778     20.493
11.942     18.063
12.057     19.683
12.094     23.085
12.226     23.895
12.421     23.652
12.447     24.219
12.479     25.596
12.6     25.272
12.752     25.596
12.784     22.437
12.831     22.437
12.942     23.409
13.1     25.272
13.179     27.621
13.184     30.78
13.321     28.107
13.563     23.004
13.584     24.057
13.637     28.35
13.742     28.836
13.921     25.92
14.016     25.92
13.995     25.839
14.121     27.378
14.321     28.107
14.416     28.998
14.427     28.917
14.521     26.325
14.816     30.456
14.911     30.294
14.911     24.543
15.064     25.515
15.29     26.811
15.411     26.082
15.406     27.459
15.464     28.026
15.674     26.649
15.774     26.325
15.822     26.73
15.964     30.456
16.18     29.403
16.306     28.593
16.385     29.97
16.469     31.509
16.68     31.914
16.812     31.59
16.827     30.294
16.922     27.945
17.217     30.942
17.386     35.883
17.438     35.478
17.48     33.939
17.728     29.727
17.912     28.917
17.928     32.805
18.017     33.615
18.286     35.802
18.496     37.26
18.512     34.911
18.57     34.911
18.849     36.207
19.076     37.665
19.155     35.073
19.176     36.612
19.428     34.992
19.671     37.179
19.739     40.662
19.792     42.768
20.092     41.067
20.35     43.092
20.36     42.93
20.381     44.712
20.618     46.818
20.908     50.463
21.055     47.385
21.092     47.709
21.34     50.301
21.692     52.083
21.766     50.787
21.792     48.924
22.045     47.709
22.44     48.195
22.514     46.818
22.519     49.896
22.772     51.03
23.14     48.6
23.219     52.326
23.235     51.921
23.467     46.899
23.867     44.712
24.014     49.086
24.051     55.08
24.241     56.943
24.678     55.809
24.872     55.485
24.888     58.887
25.041     60.669
25.488     58.968
25.678     58.644
25.783     60.507
25.983     63.504
26.457     65.286
26.684     65.124
26.662     62.37
26.836     60.426
27.315     60.345
27.547     64.881
27.615     68.283
27.752     64.719
28.279     60.426
28.553     62.046
28.558     66.501
28.689     69.255
29.248     69.741
29.579     70.551
29.616     71.847
29.737     75.897
30.274     76.545
30.701     72.576
30.717     71.766
31.348     75.654
31.796     79.866
31.843     77.679
31.938     76.221
32.48     75.087
32.959     81.81
33.023     83.268
33.054     81.081
33.591     80.514
34.228     81.81
34.307     87.48
34.318     92.097
34.844     90.558
35.46     89.1
35.555     88.614
35.55     90.477
36.018     91.206
36.708     93.474
36.903     95.175
36.908     92.907
37.366     90.396
38.135     94.932
38.303     98.01
38.34     97.362
38.809     98.253
39.541     95.904
39.741     99.468
39.783     104.247
40.12     106.839
40.983     103.194
41.283     100.035
41.347     97.767
41.71     102.627
42.526     107.325
42.784     106.515
42.815     106.434
43.11     111.861
44.011     115.344
44.4     114.048
44.453     112.185
44.753     111.942
45.685     115.83
46.122     117.693
46.164     112.509
46.39     115.182
47.328     120.447
47.833     122.391
47.849     124.578
48.128     124.902
49.139     123.444
49.66     121.176
49.697     127.575
49.876     132.84
50.834     129.195
51.482     127.251
51.497     129.438
51.634     132.84
52.65     133.407
53.319     134.865
53.414     135.837
53.54     134.541
54.514     138.348
55.32     140.373
55.378     144.909
55.467     152.361
56.42     156.978
57.268     156.33
57.389     151.47
57.463     151.065
58.342     153.333
59.295     157.788
59.421     157.059
59.437     157.221
60.316     161.595
61.327     162.162
61.49     162.162
61.575     165.888
62.338     170.91
63.381     170.019
63.57     170.991
63.633     175.608
64.402     179.091
65.55     179.01
65.792     175.527
65.813     176.904
66.503     184.68
67.708     189.459
67.93     187.191
67.966     186.3
68.656     187.434
69.951     190.512
70.315     187.191
70.325     187.272
70.873     192.294
72.173     194.4
72.552     192.942
72.547     196.263
73.068     203.796
74.39     203.472
74.832     198.936
74.89     200.961
75.301     206.388
76.643     209.871
77.191     208.575
77.238     207.522
77.643     215.055
79.039     215.217
79.66     213.84
79.676     216.027
79.981     216.513
81.324     217.971
82.029     221.778
82.082     221.697
82.292     220.806
83.619     226.152
84.488     230.121
84.53     233.037
84.73     235.143
86.057     235.143
86.999     241.704
87.157     246.402
88.368     247.698
89.405     242.109
89.49     239.679
89.579     247.86
90.753     254.178
91.917     252.396
92.043     242.838
92.127     242.919
93.254     251.019
94.449     252.639
94.628     252.801
94.713     252.72
95.745     257.904
97.029     265.437
97.198     266.895
97.192     265.437
98.161     270.054
99.53     273.537
99.725     275.643
99.751     276.534
100.62     282.285
102.131     286.011
102.389     286.497
102.336     287.145
103.137     291.357
104.663     290.952
105.016     288.036
105.032     290.466
105.716     293.949
107.27     294.84
107.643     295.812
107.617     295.326
108.27     302.616
109.807     307.962
110.255     308.124
110.234     310.068
110.823     309.177
112.44     308.043
113.003     306.828
113.072     309.663
113.556     320.031
115.109     322.785
115.725     321.246
115.757     321.327
116.136     330.642
117.705     331.047
118.463     328.536
118.495     332.748
118.826     339.228
120.416     339.39
121.253     338.175
121.211     336.474
121.438     344.007
122.938     352.917
123.87     353.808
123.896     352.674
124.097     353.079
125.539     356.4
126.545     359.559
126.618     364.014
126.787     365.148
128.209     362.637
129.372     364.5
129.419     369.441
129.556     374.463
130.846     380.295
132.057     376.893
132.157     375.597
132.294     388.233
133.468     396.495
134.779     393.012
134.964     392.445
135     397.953
136.074     408.078
137.522     408.807
137.749     402.246
137.786     403.461
138.828     408.483
140.329     412.371
140.565     414.639
140.587     413.343
141.529     410.913
143.098     410.103
143.398     412.614
143.435     418.122
144.246     419.661
145.836     416.421
146.194     419.58
146.204     425.493
146.783     428.976
148.473     428.409
149.053     429.219
149.063     432.216
149.537     441.936
151.211     446.715
151.869     443.718
151.854     442.017
152.264     450.765
153.939     452.466
154.665     452.223
154.66     452.385
155.055     455.544
156.718     454.572
157.55     455.22
157.519     458.784
157.84     468.18
159.456     468.18
160.399     463.968
160.467     465.993
160.673     472.878
162.257     473.445
163.331     470.61
163.368     473.85
163.531     487.539
165.011     494.424
166.185     490.698
166.411     489.159
167.796     493.938
169.065     497.583
169.17     496.611
169.228     494.262
170.539     503.577
171.961     508.923
172.061     509.166
172.076     509.409
173.261     513.621
174.788     515.16
174.93     515.241
174.93     521.154
176.036     526.338
177.599     523.422
177.815     523.503
177.831     525.204
178.831     534.519
180.479     538.65
180.753     535.329
180.785     537.111
181.659     539.46
183.354     540.675
183.76     541.566
183.775     542.781
184.512     546.264
186.239     549.504
186.65     551.934
186.618     551.934
187.25     555.336
189.019     558.171
189.54     563.841
189.498     567.972
190.072     576.882
191.857     579.717
192.494     581.175
192.399     582.228
192.863     581.499
194.684     582.147
195.437     581.175
195.464     580.851
195.906     586.764
197.649     587.655
198.433     590.328
198.433     591.867
198.744     594.702
200.46     593.892
201.313     593.325
201.303     595.107
201.576     603.045
203.203     611.226
204.219     613.413
204.251     613.413
204.419     614.547
206.015     619.893
207.173     623.376
207.205     627.426
207.363     627.912
208.895     633.906
210.211     635.04
210.274     633.825
210.364     635.607
211.738     638.847
213.112     639.252
213.27     639.657
213.291     648.405
214.565     650.997
216.097     647.676
216.276     645.813
216.281     650.025
217.413     654.723
218.93     657.477
219.135     660.636
219.193     663.876
220.278     668.088
221.936     669.789
222.173     671.733
222.194     676.026
223.163     680.319
224.816     679.185
225.185     682.587
225.242     687.528
226.064     686.961
227.78     686.232
228.143     688.014
228.165     695.871
228.954     701.946
230.755     700.164
231.187     695.142
231.129     700.569
231.766     711.666
233.587     711.18
234.188     708.183
234.177     713.853
234.677     725.274
236.473     729.243
237.12     728.595
237.152     728.514
237.599     732.483
239.379     735.48
240.142     734.508
240.09     735.399
240.479     739.53
242.201     738.801
243.075     743.256
243.101     748.116
243.417     749.574
245.144     751.356
246.192     753.381
246.218     751.194
246.402     753.705
248.114     756.378
249.198     758.241
249.23     767.475
249.414     774.765
250.994     776.628
252.183     775.494
252.236     778.653
253.858     785.7
255.174     788.373
255.279     783.918
255.374     784.647
256.806     792.747
258.196     800.766
258.243     799.227
258.307     792.99
259.66     796.149
261.213     801.414
261.371     798.66
261.402     797.931
262.545     804.087
264.156     811.539
264.303     812.997
264.325     814.698
265.435     816.48
267.131     819.963
267.394     819.801
267.373     823.041
268.358     829.44
270.127     832.68
270.358     833.328
270.364     833.085
271.206     838.836
272.991     847.989
273.459     846.855
273.422     841.023
274.128     842.076
275.987     849.366
276.466     852.849
276.376     854.064
276.955     856.413
278.845     861.759
279.44     866.538
279.398     869.616
279.909     871.56
281.794     878.121
282.563     879.66
282.557     884.115
282.973     889.704
284.816     886.707
285.658     887.355
285.627     892.053
285.922     892.62
287.691     893.349
288.591     895.698
288.596     898.209
288.865     907.443
290.592     907.686
291.681     901.854
291.697     905.337
291.918     912.87
293.508     913.761
294.667     911.331
294.704     912.708
294.914     919.269
296.457     923.481
297.705     923.724
297.757     921.294
297.857     924.453
299.284     930.528
300.653     935.469
300.748     935.955
300.79     937.413
302.096     938.952
303.659     946.08
303.807     950.616
303.823     953.613
305.07     952.398
306.66     950.454
306.866     953.046
306.955     964.143
308.066     971.676
309.73     967.383
309.962     964.953
310.004     975.078
310.936     979.128
312.663     975.726
312.984     977.994
313.021     985.122
313.937     991.764
315.716     992.574
316.101     990.711
316.085     994.032
316.769     999.378
318.533     1001.079
319.002     1000.755
319.038     1003.347
319.723     1007.073
321.634     1008.045
322.208     1011.609
322.187     1019.628
322.734     1022.868
324.598     1020.6
325.214     1021.572
325.156     1027.404
325.657     1033.236
327.526     1033.479
328.305     1032.588
328.279     1034.208
328.637     1041.741
330.411     1043.928
331.332     1039.068
331.301     1039.878
331.617     1045.953
333.375     1048.869
334.47     1052.19
334.481     1056.726
334.591     1061.748
336.187     1066.041
337.34     1069.2
337.387     1070.415
337.545     1070.82
339.109     1068.471
340.309     1073.736
340.341     1082.484
340.483     1086.858
341.952     1086.534
343.326     1088.964
343.41     1095.606
344.826     1099.008
346.306     1101.114
346.38     1099.656
346.385     1097.145
347.67     1103.706
349.249     1108.485
349.444     1112.13
349.486     1117.071
350.639     1119.096
352.192     1122.336
352.355     1121.688
352.361     1125.009
353.435     1133.352
355.177     1138.374
355.483     1136.754
355.435     1135.215
356.32     1139.508
358.078     1145.907
358.415     1149.39
358.294     1148.175
359.073     1149.228
360.885     1150.443
361.306     1156.194
361.285     1159.596
361.906     1161.621
363.759     1160.892
364.344     1161.054
364.265     1165.752
364.833     1172.07
366.75     1174.014
367.371     1169.235
367.34     1167.534
367.761     1177.173
369.603     1183.653
370.267     1188.27
370.225     1182.195
370.678     1187.703
372.526     1200.744
373.289     1199.934
373.231     1194.426
373.573     1192.644
375.327     1195.722
376.227     1203.012
376.179     1206.819
376.369     1208.601
378.022     1210.383
379.149     1214.028
379.186     1218.078
379.344     1218.726
380.955     1221.237
382.097     1223.1
382.05     1219.617
382.129     1222.371
383.651     1233.63
384.935     1235.817
384.925     1235.088
384.988     1240.596
386.394     1251.855
387.805     1248.939
387.857     1241.811
387.899     1239.786
389.205     1250.559
390.711     1253.475
390.795     1254.852
390.742     1261.089
391.927     1269.189
393.57     1269.513
393.712     1269.027
393.665     1274.373
394.765     1280.529
396.418     1283.121
396.623     1281.339
396.618     1286.28
397.561     1288.548
399.319     1291.302
399.524     1296.648
399.382     1303.371
400.135     1305.072
401.946     1304.829
402.347     1305.639
402.241     1313.577
402.931     1315.521
404.832     1309.527
405.321     1310.094
405.169     1316.493
405.706     1322.973
407.527     1321.272
408.128     1318.032
408.096     1323.783
408.528     1335.528
410.381     1336.014
411.023     1337.391
410.934     1342.089
411.297     1345.977
413.166     1346.706
413.993     1343.304
413.914     1347.597
414.119     1356.264
415.788     1358.532
416.831     1360.962
416.788     1364.526
416.946     1365.903
418.6     1368.819
419.768     1370.115
419.689     1370.925
419.768     1374.975
421.306     1375.218
422.606     1375.137
422.627     1377.405
422.685     1381.536
424.086     1377.486
425.523     1378.377
425.57     1388.826
425.602     1399.761
426.892     1401.3
428.429     1397.979
428.529     1399.761
429.646     1410.534
431.283     1413.207
431.441     1408.185
431.42     1407.294
432.489     1415.475
434.173     1418.472
434.437     1419.363
434.395     1417.338
435.237     1420.092
437.053     1425.114
437.385     1432.728
437.306     1435.968
438.054     1436.697
439.86     1438.155
440.228     1441.719
440.139     1446.093
440.797     1452.087
442.703     1454.112
443.134     1451.115
443.066     1451.925
443.666     1458.567
445.514     1464.237
446.078     1460.916
446.099     1460.916
446.604     1468.935
448.41     1475.577
449.068     1476.225
448.979     1478.25
449.379     1481.004
451.216     1487.079
451.974     1491.534
451.864     1493.802
452.138     1498.743
453.901     1500.12
454.839     1504.17
454.865     1506.195
455.097     1506.924
456.76     1510.812
457.787     1509.354
457.824     1507.005
457.697     1508.463
457.982     1512.351
459.803     1516.887
460.746     1515.996
460.699     1517.373
460.925     1523.691
462.657     1529.118
463.752     1526.85
463.747     1526.526
463.91     1532.925
465.532     1539.81
466.706     1536.894
466.727     1535.031
466.848     1542.969
468.364     1549.854
469.712     1545.642
469.828     1543.86
469.912     1547.343
471.318     1562.652
472.661     1570.914
472.724     1565.811
472.734     1562.895
474.003     1573.749
475.504     1582.74
475.588     1584.441
475.598     1579.176
476.82     1584.198
478.452     1584.927
478.584     1584.927
478.573     1589.463
479.642     1599.426
481.374     1597.158
481.595     1593.999
481.553     1604.934
482.475     1611.9
484.291     1605.987
484.549     1606.311
484.412     1611.333
485.233     1613.601
487.071     1612.224
487.397     1611.171
487.25     1615.383
487.913     1621.701
489.809     1617.327
490.346     1617.003
490.304     1618.623
490.92     1626.399
492.783     1631.34
493.342     1634.175
493.278     1634.013
493.705     1640.331
495.479     1647.783
496.19     1644.3
496.19     1651.185
496.595     1658.88
498.401     1656.612
499.138     1653.129
499.101     1656.936
499.407     1664.388
501.123     1663.254
502.002     1660.5
501.971     1665.684
502.245     1674.351
503.919     1680.831
504.998     1682.937
504.967     1691.766
505.088     1693.71
506.699     1689.984
507.905     1691.28
507.978     1696.059
508.089     1700.919
509.71     1706.103
510.974     1707.48
510.927     1709.019
510.942     1717.686
512.369     1720.683
513.759     1718.172
513.801     1718.496
515.091     1722.222
516.681     1725.219
516.787     1733.967
516.829     1738.26
518.013     1741.743
519.503     1741.257
519.667     1742.715
519.619     1745.145
520.709     1750.977
522.415     1749.681
522.615     1748.304
522.604     1755.513
523.505     1768.554
525.29     1767.501
525.574     1759.158
525.542     1761.102
526.332     1774.305
528.101     1778.841
528.517     1776.249
528.48     1776.735
529.217     1783.134
531.113     1791.477
531.513     1789.533
531.397     1787.346
532.029     1796.175
533.877     1797.876
534.43     1794.069
534.382     1791.234
534.851     1796.013
536.683     1801.359
537.383     1806.543
537.32     1810.512
537.731     1814.481
539.621     1815.534
540.416     1810.269
540.379     1812.78
540.653     1819.098
542.417     1821.69
543.37     1823.31
543.343     1829.628
543.538     1837.323
545.318     1838.295
546.376     1838.052
546.297     1842.831
546.423     1854.495
548.066     1862.028
549.261     1857.978
549.256     1849.716
549.419     1854.657
551.009     1869.642
552.22     1873.125
552.204     1871.991
552.262     1874.664
553.705     1877.904
555.163     1876.041
555.221     1877.985
555.168     1879.524
556.495     1882.035
558.017     1882.278
558.117     1885.194
558.064     1891.107
559.296     1892.646
560.923     1889.649
561.092     1891.35
561.055     1899.288
562.097     1908.036
563.787     1906.821
563.993     1910.223
564.014     1914.678
564.946     1923.75
566.709     1926.909
567.073     1922.94
566.978     1923.75
567.81     1925.532
569.679     1927.8
570.053     1929.906
569.979     1932.012
570.732     1939.869
572.575     1941.57
572.975     1937.844
572.933     1938.492
573.58     1949.346
575.423     1954.935
575.949     1955.178
575.96     1957.446
576.55     1961.496
578.413     1961.82
578.95     1966.599
578.871     1974.375
579.34     1977.939
581.151     1975.347
581.851     1980.207
581.799     1992.924
582.188     2000.862
584.021     1998.999
584.858     1996.083
584.8     1997.136
585.116     2003.697
586.88     2007.504
587.88     2001.348
587.933     1996.245
588.159     2005.479
589.802     2016.009
590.907     2023.866
590.923     2018.196
591.128     2017.305
592.729     2023.542
593.887     2026.782
593.861     2032.371
593.908     2036.988
595.404     2039.58
596.699     2037.15
596.783     2036.907
596.857     2044.359
598.247     2050.434
599.663     2053.512
599.768     2058.615
601.069     2065.338
602.617     2065.095
602.717     2064.123
602.696     2064.69
603.907     2071.737
605.581     2073.762
605.712     2074.491
605.681     2077.974
606.718     2087.613
608.424     2090.043
608.64     2090.367
608.65     2086.803
609.572     2091.177
611.357     2097.414
611.63     2097.9
611.567     2104.056
612.41     2109.321
614.305     2105.595
614.695     2110.941
614.542     2115.396
615.168     2118.231
617.127     2116.449
617.601     2117.502
617.559     2126.655
618.164     2133.297
620.086     2134.917
620.639     2132.082
620.597     2138.319
621.091     2151.846
622.971     2154.681
623.624     2148.768
623.571     2146.905
623.971     2158.812
625.835     2166.831
626.646     2167.722
626.609     2165.697
626.909     2166.183
628.726     2164.482
629.689     2166.993
629.605     2171.691
629.747     2172.825
631.495     2174.526
632.638     2175.903
632.648     2179.629
632.822     2187.81
634.512     2187
635.649     2187.648
635.644     2194.695
635.733     2204.577
637.292     2205.873
638.592     2204.415
638.629     2206.035
638.692     2214.054
640.209     2221.02
641.641     2217.861
641.704     2217.699
641.709     2226.447
643.057     2235.519
644.547     2230.74
644.616     2225.718
644.673     2231.307
645.884     2240.946
647.543     2243.538
647.69     2241.189
647.696     2245.644
648.759     2252.448
650.465     2255.364
650.728     2259.981
650.723     2260.953
651.686     2265.246
653.413     2268.081
653.656     2270.592
653.555     2272.698
654.408     2275.29
656.309     2275.695
656.693     2277.963
656.651     2282.337
657.388     2290.194
659.242     2290.842
659.684     2290.113
659.679     2295.945
660.3     2305.179
662.174     2308.419
662.696     2306.637
662.632     2308.095
663.159     2321.784
665.086     2323.89
665.77     2320.812
665.639     2319.273
666.028     2330.856
667.982     2335.635
668.771     2333.043
668.677     2330.532
669.003     2335.392
670.877     2338.875
671.788     2340.657
671.751     2336.85
671.972     2336.283
673.752     2340.9
674.758     2343.33
674.747     2351.187
674.952     2360.826
676.606     2360.34
677.753     2362.122
677.69     2366.01
677.796     2373.705
679.412     2370.87
680.791     2367.468
680.849     2367.225
680.939     2375.811
682.371     2383.101
683.777     2385.531
683.845     2386.989
683.913     2396.061
685.34     2401.083
686.872     2394.198
686.988     2386.179
688.168     2391.93
689.758     2404.404
689.905     2409.426
689.973     2408.13
691.132     2406.996
692.764     2413.557
692.959     2417.283
692.932     2420.118
693.87     2423.925
695.649     2429.757
695.997     2433.159
696.049     2435.751
696.886     2437.938
698.645     2440.287
699.019     2439.882
699.003     2441.826
699.782     2447.091
701.678     2454.543
702.146     2449.764
702.109     2449.683
702.731     2459.079
704.589     2465.721
705.147     2464.83
705.11     2469.528
705.579     2479.41
707.432     2478.114
708.117     2473.173
708.096     2477.628
708.548     2488.563
710.449     2492.046
711.228     2490.912
711.212     2490.345
711.571     2496.987
713.387     2499.822
714.256     2502.9
714.224     2503.467
714.503     2505.492
716.33     2506.788
717.33     2505.006
717.373     2506.14
717.631     2515.293
719.342     2518.047
720.395     2513.592
720.41     2521.206
720.584     2533.761
722.269     2533.275
723.506     2536.677
723.512     2539.674
723.654     2541.132
725.181     2545.182
726.486     2545.182
726.56     2544.129
726.702     2552.229
728.171     2552.634
729.635     2548.584
729.693     2554.011
729.687     2564.946
731.046     2568.024
732.641     2567.862
732.767     2572.641
732.767     2582.766
733.915     2586.492
735.579     2587.707
735.826     2583.009
735.816     2579.769
736.89     2591.514
738.717     2597.346
738.991     2597.427
738.933     2601.396
739.849     2609.982
741.671     2606.985
741.965     2610.549
741.886     2616.867
742.676     2613.546
744.556     2613.465
744.977     2617.353
744.935     2628.288
745.609     2634.282
747.578     2628.126
748.067     2627.964
747.989     2635.092
748.573     2645.298
750.442     2650.887
751.069     2648.376
751.037     2645.136
751.495     2652.021
753.359     2659.473
754.122     2662.956
754.112     2661.741
754.538     2666.601
756.386     2668.707
757.192     2671.866
757.123     2673.081
757.45     2672.514
759.266     2672.19
760.266     2669.436
760.23     2673.729
760.43     2682.072
762.246     2687.418
763.373     2691.63
763.315     2693.655
763.499     2705.886
765.126     2705.724
766.348     2703.942
766.437     2712.852
766.6     2721.924
768.159     2725.407
769.501     2725.893
769.538     2725.569
769.643     2736.261
771.107     2742.741
772.55     2737.8
772.634     2734.317
772.718     2740.878
774.05     2746.467
775.651     2746.224
775.809     2746.143
775.84     2754.486
778.71     2758.617
778.941     2760.237
778.826     2758.05
779.873     2762.424
781.711     2770.362
781.969     2772.954
782     2772.306
782.98     2774.007
784.807     2776.761
785.096     2782.512
785.038     2788.344
785.933     2795.31
787.85     2797.902
788.245     2795.31
788.203     2800.899
789.013     2806.974
790.961     2807.46
791.425     2802.843
791.362     2798.55
792.025     2804.625
793.947     2813.859
794.547     2819.367
794.463     2819.529
794.963     2823.498
796.921     2825.604
797.564     2825.361
797.527     2830.221
798.027     2837.511
799.922     2842.695
800.681     2841.156
800.639     2837.592
801.023     2840.589
802.871     2846.178
803.798     2849.58
803.808     2851.119
804.108     2859.219
805.904     2872.827
806.978     2870.721
806.972     2866.671
807.13     2869.506
808.826     2883.033
810.037     2889.432
810     2886.192
810.158     2883.6
811.806     2889.108
813.117     2892.834
813.174     2892.024
813.259     2890.647
814.749     2900.124
816.17     2914.218
816.223     2914.38
816.291     2918.187
817.76     2917.377
819.292     2919.402
819.429     2918.997
819.514     2919.24
820.719     2919.888
822.425     2926.53
822.641     2932.119
822.63     2937.141
823.762     2935.521
825.51     2933.415
825.774     2934.954
825.737     2943.054
826.69     2948.643
828.501     2947.752
828.827     2946.051
828.838     2956.986
829.733     2964.438
831.586     2960.307
832.018     2962.332
832.028     2979.504
832.76     2986.632
834.645     2982.582
835.177     2978.127
835.135     2983.149
835.756     2992.788
837.651     2992.869
838.173     2991.411
838.178     2996.514
838.747     3008.826
840.695     3011.418
841.4     3010.122
841.395     3016.359
841.9     3021.057
843.785     3022.353
844.601     3022.596
844.585     3020.328
844.943     3026.646
846.781     3035.718
847.729     3037.338
847.697     3038.391
847.96     3043.737
849.84     3044.79
850.872     3049.812
850.824     3057.426
851.051     3062.853
852.773     3060.099
853.989     3057.993
854.005     3065.931
854.147     3071.277
855.8     3073.14
857.116     3075.732
857.142     3077.433
857.295     3086.262
858.817     3090.879
860.144     3091.041
860.259     3095.01
860.428     3104.568
861.918     3107.646
863.45     3106.836
863.576     3107.079
863.618     3114.531
864.919     3115.989
866.551     3118.419
866.751     3127.572
866.767     3131.055
867.92     3127.41
869.9     3130.812
869.9     3135.51
870.989     3141.585
872.758     3139.56
873.022     3134.376
873.011     3140.289
873.969     3150.657
875.775     3151.386
876.118     3147.417
876.096     3151.386
876.923     3163.212
878.85     3168.882
879.34     3166.614
879.287     3165.804
879.987     3176.658
881.893     3178.44
882.515     3175.605
882.525     3171.636
883.073     3177.468
885     3187.35
885.621     3190.428
885.626     3186.621
886.084     3185.406
888.011     3193.506
888.833     3198.69
888.833     3201.12
889.212     3204.279
891.118     3205.251
892.034     3205.17
892.028     3204.846
892.35     3206.952
894.182     3209.949
895.214     3215.295
895.214     3224.529
895.445     3229.551
897.257     3230.847
898.452     3228.093
898.452     3232.062
898.604     3242.592
900.279     3249.072
901.611     3251.016
901.695     3250.53
901.848     3250.692
903.417     3260.007
904.833     3262.761
904.891     3259.44
905.022     3262.356
906.428     3273.453
907.913     3277.827
908.071     3279.366
908.155     3276.612
909.466     3279.204
911.103     3284.874
911.325     3288.195
911.346     3290.22
912.546     3297.105
914.352     3302.532
914.605     3303.909
914.51     3306.744
915.552     3312.171
917.353     3313.305
917.632     3315.168
917.669     3320.109
918.632     3326.67
920.512     3322.782
920.875     3322.377
920.796     3325.212
921.639     3331.692
923.566     3337.281
924.066     3335.904
924.076     3335.418
924.692     3340.845
926.683     3347.325
927.293     3344.976
927.267     3338.091
927.862     3359.556
929.773     3362.634
930.421     3361.095
930.41     3366.846
930.916     3374.136
932.801     3379.968
933.617     3383.127
933.648     3380.859
934.059     3390.336
936.007     3397.464
936.981     3397.869
936.96     3399.489
937.271     3397.221
939.087     3399.246
940.193     3406.455
940.214     3410.667
940.377     3409.857
942.093     3407.994
943.215     3412.854
943.278     3418.362
943.467     3425.895
945.084     3426.786
946.411     3424.275
946.453     3430.269
946.616     3442.581
948.132     3444.687
949.58     3441.123
949.738     3449.223
949.843     3457.971
951.27     3455.136
952.755     3455.622
952.839     3461.211
952.902     3471.498
954.219     3477.816
955.888     3477.492
956.14     3473.604
956.146     3477.087
957.314     3477.492
959.104     3477.087
959.384     3481.704
959.357     3490.371
960.389     3493.692
962.316     3496.365
962.653     3500.739
963.58     3510.621
965.48     3512.889
965.875     3516.858
965.844     3514.104
966.633     3516.453
968.571     3520.098
969.071     3522.69
969.05     3529.17
969.756     3532.167
971.762     3531.438
972.399     3534.354
972.351     3537.27
972.925     3546.261
974.873     3551.121
975.515     3545.127
975.51     3543.345
976.079     3554.847
978.058     3560.76
978.854     3560.922
978.785     3555.9
979.201     3557.763
981.181     3565.053
982.139     3569.184
982.097     3566.349
982.402     3572.343
984.266     3578.904
985.335     3580.119
985.351     3583.683
985.608     3589.353
987.404     3596.157
988.583     3598.992
988.562     3599.397
988.767     3602.718
990.484     3610.899
991.779     3615.03
991.853     3616.569
992     3621.591
993.569     3624.912
994.991     3622.887
995.038     3627.99
995.164     3638.763
996.633     3646.458
998.187     3646.863
998.366     3643.299
998.455     3641.517
999.734     3649.131
1001.377     3650.508
1001.614     3647.592
1001.614     3654.234
1002.783     3667.923
1004.499     3667.761
1004.752     3663.549
1004.884     3662.334
1005.974     3670.677
1007.827     3680.964
1008.185     3683.88
1008.211     3681.774
1009.127     3685.824
1010.97     3692.142
1011.36     3691.818
1011.354     3691.575
1012.197     3692.709
1014.197     3687.282
1014.756     3692.79
1014.734     3699.027
1015.393     3704.049
1017.362     3707.37
1017.983     3710.772
1017.957     3717.657
1018.583     3725.757
1020.563     3724.785
1021.268     3726
1021.295     3730.293
1021.784     3739.122
1023.722     3741.147
1024.522     3736.125
1024.543     3736.206
1024.933     3748.599
1026.812     3754.512
1027.723     3748.68
1027.813     3748.113
1028.176     3751.191
1030.003     3757.995
1031.067     3761.883
1031.156     3762.126
1031.398     3761.883
1033.178     3767.391
1034.362     3778.164
1034.352     3780.918
1034.568     3781.971
1036.342     3785.697
1037.658     3784.239
1037.732     3784.563
1037.879     3790.071
1039.538     3792.987
1040.996     3800.115
1041.096     3809.349
1041.16     3816.639
1042.628     3818.907
1044.145     3815.505
1044.282     3825.549
1044.345     3833.973
1045.687     3831.381
1047.356     3827.898
1047.52     3831.381
1047.556     3841.749
1048.794     3842.316
1050.521     3844.584
1050.779     3849.687
1050.826     3858.111
1051.969     3859.974
1053.838     3859.569
1054.111     3860.541
1054.09     3875.607
1055.075     3877.308
1057.018     3874.878
1057.423     3873.582
1058.229     3876.741
1060.266     3881.277
1060.782     3884.679
1060.724     3885.57
1061.461     3889.944
1063.467     3889.62
1064.078     3893.346
1064.083     3897.72
1064.694     3900.96
1066.637     3899.502
1067.316     3904.605
1067.337     3910.68
1067.916     3920.724
1069.896     3920.643
1070.686     3915.621
1070.691     3917.322
1071.123     3924.369
1073.029     3933.846
1073.939     3931.659
1073.976     3930.849
1074.297     3942.756
1076.156     3946.806
1077.188     3943.08
1077.204     3940.812
1077.525     3951.99
1079.389     3961.791
1080.542     3965.679
1080.568     3967.218
1080.873     3974.832
1082.669     3983.742
1083.953     3988.197
1084.027     3980.826
1084.132     3979.287
1085.728     3986.901
1087.16     3993.057
1087.291     3994.515
1087.423     3996.945
1088.897     3999.618
1090.366     4004.964
1090.556     4008.609
1090.682     4010.958
1092.004     4013.55
1093.657     4014.279
1093.899     4019.625
1094.052     4030.074
1095.315     4040.685
1097.09     4033.638
1097.379     4033.476
1097.316     4045.95
1098.411     4052.673
1100.249     4045.302
1100.57     4042.953
1100.622     4047.813
1101.586     4056.48
1103.518     4061.421
1103.913     4065.633
1103.939     4067.577
1104.85     4071.546
1106.814     4076.163
1107.241     4073.733
1107.235     4074.219
1107.972     4083.696
1109.952     4088.637
1110.557     4088.394
1110.6     4090.014
1111.195     4097.709
1113.153     4101.354
1113.827     4105.728
1113.827     4103.298
1114.433     4106.7
1116.402     4107.753
1117.218     4116.744
1117.202     4123.629
1117.576     4121.199
1119.534     4122.333
1120.561     4124.925
1120.577     4129.299
1120.908     4136.913
1122.751     4142.745
1123.931     4141.287
1123.962     4145.904
1124.21     4158.297
1125.952     4164.534
1127.242     4159.755
1127.337     4155.948
1127.537     4164.858
1129.164     4170.042
1130.538     4165.425
1130.67     4166.154
1130.822     4171.581
1132.328     4180.086
1133.892     4182.354
1134.055     4177.656
1134.139     4179.843
1135.571     4185.594
1137.24     4191.345
1137.441     4192.317
1137.483     4192.803
1138.82     4195.638
1140.536     4201.713
1140.747     4202.604
1140.758     4205.439
1141.942     4214.997
1143.78     4219.29
1144.096     4219.047
1144.159     4223.664
1145.233     4224.717
1147.139     4224.474
1147.46     4225.77
1147.449     4232.007
1148.123     4241.241
1150.156     4238.649
1150.861     4239.54
1150.919     4247.883
1151.509     4256.145
1153.436     4255.659
1154.194     4254.282
1154.246     4253.634
1156.637     4264.326
1157.579     4268.619
1157.611     4271.373
1157.932     4270.968
1159.801     4279.392
1160.959     4286.52
1160.965     4284.819
1161.191     4289.598
1162.949     4297.131
1164.197     4302.558
1164.329     4299.642
1164.529     4303.368
1166.161     4306.203
1167.53     4312.44
1167.646     4311.549
1167.856     4312.602
1169.368     4315.437
1170.863     4319.487
1171.031     4324.833
1171.137     4330.017
1172.595     4331.394
1174.185     4336.092
1174.396     4340.871
1174.511     4350.024
1175.833     4352.94
1177.534     4355.208
1177.813     4355.856
1177.881     4357.395
1179.045     4364.199
1180.85     4366.71
1181.203     4366.629
1181.335     4372.866
1182.398     4380.075
1184.236     4382.424
1184.631     4376.835
1184.662     4374.972
1185.605     4378.212
1187.563     4382.991
1188.016     4388.661
1187.985     4394.412
1188.68     4402.188
1190.712     4407.21
1191.312     4413.852
1191.307     4414.176
1192.018     4419.603
1194.066     4426.407
1194.787     4428.513
1194.776     4427.541
1195.266     4432.482
1197.256     4437.747
1198.099     4441.716
1198.141     4445.037
1198.551     4448.52
1200.463     4446.252
1201.437     4444.956
1201.495     4447.224
1201.8     4451.598
1203.585     4451.679
1204.785     4451.517
1204.906     4454.514
1205.122     4466.583
1206.886     4469.418
1208.192     4469.58
1208.234     4475.412
1208.429     4481.163
1210.066     4483.593
1211.519     4484.079
1211.651     4488.696
1211.819     4497.363
1213.341     4500.684
1214.873     4495.581
1215.073     4493.637
1215.136     4501.413
1216.521     4515.183
1218.221     4519.071
1218.432     4514.13
1218.564     4517.208
1219.848     4524.093
1221.628     4529.358
1221.902     4533.975
1221.954     4539.159
1223.171     4538.43
1225.019     4540.212
1225.292     4546.368
1225.371     4554.711
1226.477     4557.222
1228.404     4556.898
1228.809     4560.624
1228.773     4562.487
1229.499     4567.104
1231.521     4569.21
1232.158     4566.861
1232.211     4573.503
1232.811     4582.737
1234.796     4582.656
1235.564     4574.799
1235.612     4574.151
1236.059     4585.734
1238.034     4591.566
1238.987     4594.077
1239.034     4600.314
1239.387     4610.763
1241.282     4618.296
1242.383     4618.296
1242.462     4613.517
1242.688     4616.676
1244.483     4621.131
1245.768     4623.561
1245.9     4621.455
1246.158     4626.72
1247.832     4632.876
1249.222     4633.929
1249.343     4633.929
1249.453     4640.085
1250.975     4644.135
1252.539     4645.269
1252.739     4650.048
1252.913     4656.771
1256.108     4657.662
1256.293     4660.416
1256.319     4666.167
1257.688     4674.834
1259.415     4678.074
1259.652     4675.968
1259.694     4674.105
1260.889     4687.713
1262.721     4698.972
1263.042     4695.732
1263.111     4695.408
1264.174     4699.215
1266.08     4702.536
1266.491     4701.564
1266.586     4707.72
1267.507     4714.524
1269.408     4721.976
1269.882     4725.702
1269.897     4721.166
1270.545     4722.543
1272.546     4734.126
1273.262     4740.12
1273.225     4739.067
1273.841     4739.067
1275.852     4743.927
1276.647     4747.572
1276.726     4753.485
1277.247     4755.996
1279.211     4756.239
1280.143     4761.828
1280.164     4769.523
1280.554     4773.735
1282.486     4773.168
1283.592     4774.869
1283.729     4779.162
1284.102     4790.664
1285.887     4794.147
1287.035     4792.527
1287.135     4791.231
1287.414     4796.334
1289.215     4795.767
1290.489     4797.792
1290.563     4802.733
1290.678     4810.509
1292.074     4815.288
1293.764     4815.126
1294.001     4814.802
1294.106     4822.902
1295.406     4829.949
1297.196     4830.759
1297.507     4830.273
1297.576     4834.485
1298.708     4839.183
1300.566     4838.13
1300.924     4839.75
1300.956     4846.797
1301.824     4856.193
1303.799     4857.489
1304.325     4856.922
1304.373     4858.38
1305.168     4866.237
1307.168     4867.533
1307.79     4870.449
1307.858     4874.985
1308.479     4882.032
1310.438     4882.356
1311.201     4882.68
1311.27     4885.029
1311.796     4893.129
1313.792     4897.017
1314.687     4896.855
1314.766     4894.749
1315.013     4901.715
1316.766     4908.357
1318.03     4915.08
1318.172     4918.644
1318.425     4922.046
1320.157     4921.155
1321.563     4920.588
1321.621     4926.339
1321.763     4936.302
1323.258     4940.676
1324.859     4941
1325.111     4937.922
1325.238     4944.402
1326.58     4948.614
1328.313     4942.782
1328.592     4943.025
1328.718     4947.561
1329.903     4959.792
1331.735     4967.811
1332.024     4966.434
1332.067     4967.892
1333.046     4973.481
1335.025     4976.397
1335.531     4974.453
1335.573     4976.964
1336.326     4982.715
1338.316     4985.064
1338.922     4985.793
1338.974     4998.915
1339.664     5009.607
1341.628     5004.099
1342.344     5004.504
1342.386     5005.557
1342.433     5007.663
1342.486     5008.959
1342.223     5008.068
1341.991     5006.448
1341.775     5010.174
1341.401     5011.227
1341.328     5009.607
1341.222     5006.853
1341.143     5006.853
1341.217     5010.255
1341.27     5012.604
1341.322     5011.794
1341.422     5010.174
1341.77     5014.548
1341.859     5018.193
1341.944     5019.408
1341.991     5017.788
1341.886     5017.788
1341.807     5020.704
1341.802     5015.439
1341.691     5010.741
1341.696     5012.523
1341.707     5013.981
1341.686     5011.632
1341.728     5009.283
1341.765     5009.688
1341.786     5008.716
1341.738     5011.551
1341.696     5013.738
1341.702     5014.71
1341.628     5017.788
1341.58     5019.327
1341.707     5019.975
1341.738     5015.277
1341.775     5012.28
1341.77     5015.763
1341.765     5021.433
1341.823     5021.757
1341.802     5022.81
1341.759     5024.025
1341.78     5023.782
1341.791     5024.997
1341.775     5025.078
1341.875     5023.053
1341.807     5021.109
1341.765     5020.866
1341.728     5017.545
1341.691     5013.819
1341.717     5013.171
1341.717     5010.66
1341.675     5010.903
1341.733     5012.199
1341.723     5015.844
1341.691     5022.081
1341.686     5022.162
1341.644     5020.623
1341.686     5019.003
1341.68     5014.71
1341.649     5013.576
1341.702     5017.869
1341.733     5019.246
1341.696     5015.034
1341.675     5014.305
1341.623     5009.445
1341.649     5007.339
1341.744     5009.283
1341.749     5008.554
1341.744     5013.981
1341.686     5021.271
1341.644     5022.81
1341.649     5021.595
1341.612     5021.109
1341.586     5023.62
1341.612     5019.732
1341.686     5021.676
1341.754     5025.483
1341.786     5021.514
1341.823     5020.785
1341.802     5017.707
1341.707     5014.953
1341.738     5017.707
1341.791     5020.056
1341.78     5022.162
1341.849     5028.318
1341.765     5022.81
1341.707     5020.38
1341.775     5019.408
1341.654     5013.981
1341.633     5011.956
1341.601     5010.903
1341.601     5013.819
1341.649     5019.084
1341.717     5019.408
1341.712     5017.383
1341.717     5012.685
1341.754     5013.009
1341.838     5011.794
1341.796     5015.844
1341.665     5018.274
1341.702     5017.626
1341.686     5014.062
1341.628     5013.981
1341.707     5013.819
1341.733     5009.526
1341.702     5009.121
1341.707     5011.551
1341.68     5016.33
1341.744     5014.791
1341.786     5016.978
1341.796     5019.408
1341.823     5020.542
1341.802     5023.458
1341.78     5019.732
1341.759     5014.305
1341.665     5013.171
1341.623     5019.246
1341.628     5020.704
1341.612     5021.919
1341.654     5022.81
1341.654     5023.458
1341.665     5019.894
1341.754     5016.492
1341.733     5017.221
1341.675     5018.517
1341.712     5021.676
1341.702     5022.405
1341.702     5020.866
1341.67     5021.109
1341.696     5019.489
1341.723     5019.327
1341.728     5020.056
1341.796     5022.243
1341.733     5022.567
1341.733     5021.028
1341.712     5021.19
1341.649     5015.925
1341.67     5015.601
1341.633     5018.517
1341.654     5018.355
1341.659     5019.408
1341.67     5018.679
1341.659     5016.897
1341.659     5022.162
1341.665     5029.857
1341.675     5031.072
1341.696     5026.86
1341.712     5026.617
1341.702     5026.131
1341.675     5026.05
1341.707     5026.293
1341.644     5021.433
1341.638     5016.573
1341.633     5020.623
1341.623     5022.729
1341.649     5021.352
1341.686     5024.754
1341.744     5026.698
1341.817     5024.835
1341.786     5021.433
1341.728     5021.757
1341.738     5025.645
1341.728     5024.187
1341.691     5024.106
1341.644     5023.134
1341.638     5024.106
1341.654     5025.159
1341.638     5024.106
1341.638     5022.324
1341.723     5025.888
1341.691     5033.097
1341.67     5030.991
1341.649     5025.402
1341.628     5024.916
1341.68     5025.402
1341.707     5024.268
1341.733     5023.377
1341.733     5024.673
1341.77     5025.321
1341.665     5025.321
1341.665     5022.324
1341.644     5018.517
1341.665     5018.922
1341.68     5022.972
1341.649     5021.919
1341.665     5021.433
1341.738     5018.922
1341.717     5019.813
1341.733     5022.243
1341.791     5019.894
1341.759     5020.38
1341.702     5020.866
1341.696     5020.137
1341.601     5017.302
1341.565     5018.436
1341.512     5023.053
1341.517     5022.81
1341.601     5021.19
1341.617     5020.299
1341.686     5018.922
1341.723     5019.651
1341.77     5023.62
1341.828     5024.511
1341.833     5025.402
1341.823     5021.676
1341.78     5020.137
1341.775     5019.651
1341.638     5021.514
1341.522     5023.62
1341.512     5024.997
1341.507     5023.944
1341.522     5020.137
1341.586     5024.349
1341.644     5025.24
1341.707     5023.782
1341.707     5019.165
1341.759     5019.813
1341.754     5022.81
1341.728     5020.299
1341.733     5022.486
1341.68     5027.994
1341.675     5027.022
1341.712     5021.757
1341.691     5024.511
1341.612     5027.508
1341.644     5027.751
1341.702     5025.321
1341.644     5023.458
1341.696     5021.352
1341.738     5022.729
1341.749     5018.841
1341.712     5016.654
1341.649     5018.355
1341.586     5019.651
1341.565     5017.788
1341.522     5018.679
1341.522     5021.838
1341.617     5022.243
1341.67     5025.159
1341.686     5021.19
1341.702     5017.707
1341.712     5019.246
1341.759     5021.19
1341.728     5019.975
1341.738     5020.947
1341.707     5021.028
1341.628     5020.704
1341.596     5020.866
1341.649     5021.919
1341.586     5021.352
1341.27     5013.576
1339.395     5005.233
1338.285     5003.451
1338.279     5006.772
1338.027     4999.968
1336.205     4993.245
1335.047     4996.971
1334.994     5000.616
1334.794     4999.077
1333.199     4988.061
1331.951     4983.525
1331.882     4982.715
1331.751     4982.148
1330.187     4978.989
1328.844     4976.802
1328.786     4975.587
1328.655     4969.674
1327.223     4966.596
1325.791     4966.92
1325.691     4962.627
1325.617     4956.471
1324.295     4950.801
1322.763     4951.692
1322.663     4952.664
1322.59     4952.745
1321.41     4950.639
1319.678     4945.86
1319.415     4945.941
1319.42     4945.05
1318.293     4937.76
1316.472     4933.467
1316.24     4932.738
1316.272     4931.928
1315.303     4920.912
1313.439     4913.136
1313.113     4913.298
1313.17     4916.295
1312.37     4911.597
1310.438     4906.98
1309.948     4907.547
1309.996     4908.924
1309.338     4902.039
1307.442     4895.964
1306.968     4893.048
1307.021     4889.808
1306.421     4887.054
1304.457     4885.353
1303.788     4888.917
1303.83     4889.565
1303.32     4873.689
1301.387     4868.019
1300.624     4873.365
1300.682     4875.147
1300.313     4867.533
1298.444     4862.673
1297.57     4856.031
1297.644     4859.271
1297.312     4860.972
1295.412     4855.14
1294.448     4851.252
1294.432     4851.009
1294.164     4846.23
1292.447     4842.828
1291.331     4843.476
1291.368     4840.317
1291.205     4835.376
1289.541     4828.653
1288.246     4827.195
1288.13     4829.058
1287.956     4829.868
1286.43     4823.874
1285.076     4822.011
1284.997     4821.282
1284.845     4816.584
1283.36     4811.886
1281.891     4807.836
1281.812     4811.076
1281.749     4810.833
1280.433     4801.356
1278.853     4797.225
1278.701     4796.901
1278.748     4794.552
1277.532     4787.505
1275.784     4787.829
1275.626     4792.932
1275.642     4791.879
1274.462     4779.243
1272.651     4775.031
1272.383     4774.95
1272.383     4771.467
1271.43     4756.32
1269.566     4755.348
1269.266     4757.454
1269.297     4757.535
1268.507     4750.569
1266.623     4744.656
1266.165     4739.391
1266.159     4739.796
1265.422     4733.316
1263.543     4731.21
1263.042     4729.509
1262.995     4729.023
1262.384     4722.462
1260.489     4723.029
1259.878     4723.191
1259.941     4720.68
1259.473     4712.661
1257.53     4710.069
1256.761     4709.907
1256.761     4705.209
1256.351     4704.075
1254.445     4705.209
1253.56     4701.807
1253.581     4692.573
1253.297     4692.654
1251.502     4693.221
1250.517     4689.414
1250.212     4688.928
1248.416     4684.797
1247.247     4680.666
1247.205     4681.962
1247.021     4672.485
1245.299     4661.307
1244.062     4659.849
1244.052     4662.684
1243.867     4658.31
1242.272     4654.665
1240.929     4654.746
1240.908     4658.31
1240.793     4656.852
1239.287     4649.805
1237.749     4646.727
1237.623     4646.646
1237.581     4642.353
1236.249     4636.197
1234.601     4636.926
1234.475     4637.493
1234.448     4632.471
1233.248     4626.963
1231.542     4623.966
1231.279     4618.458
1231.231     4613.355
1230.22     4613.274
1228.42     4615.947
1228.141     4618.62
1228.157     4616.271
1227.219     4612.059
1225.329     4609.224
1225.003     4609.872
1225.029     4611.816
1224.145     4603.149
1222.239     4597.641
1221.733     4599.261
1221.765     4596.912
1221.054     4589.784
1219.169     4585.167
1218.585     4590.513
1218.585     4590.999
1217.969     4579.497
1216.031     4576.662
1215.394     4572.612
1215.41     4570.02
1214.862     4561.596
1212.893     4559.976
1212.082     4559.409
1212.114     4559.085
1211.735     4552.524
1209.908     4545.801
1209.081     4546.611
1209.055     4544.586
1208.734     4536.243
1206.918     4536.891
1205.922     4537.296
1205.833     4535.514
1205.538     4533.975
1203.774     4530.087
1202.611     4527.414
1202.605     4521.42
1202.426     4514.211
1200.673     4510.971
1199.42     4515.588
1199.336     4513.158
1199.183     4502.061
1197.577     4495.014
1196.287     4495.905
1196.198     4494.447
1196.145     4488.048
1194.655     4478.571
1193.123     4479.948
1193.028     4483.35
1192.87     4477.032
1191.507     4473.549
1189.964     4477.518
1189.822     4477.275
1189.754     4473.549
1188.548     4465.368
1186.805     4465.449
1186.558     4469.985
1186.595     4465.854
1185.484     4454.514
1183.651     4452.813
1183.288     4450.221
1183.304     4447.629
1182.451     4441.554
1180.514     4439.934
1180.103     4443.093
1180.171     4443.66
1179.35     4435.641
1177.397     4432.158
1176.875     4435.56
1176.923     4437.585
1176.244     4427.622
1174.311     4425.597
1173.674     4420.575
1173.674     4418.955
1173.085     4417.335
1171.11     4416.849
1170.378     4417.173
1170.478     4414.743
1170.105     4403.646
1168.157     4398.381
1167.314     4397.49
1167.314     4394.979
1166.893     4388.661
1165.003     4388.175
1164.066     4387.446
1164.045     4384.611
1163.75     4376.754
1161.886     4375.296
1160.812     4373.352
1160.859     4372.866
1160.58     4364.118
1158.801     4359.825
1157.627     4358.934
1157.563     4359.744
1155.763     4355.613
1154.399     4350.834
1154.331     4348.971
1154.199     4347.918
1152.662     4340.304
1151.23     4329.693
1151.151     4329.936
1151.051     4332.609
1149.645     4328.64
1148.092     4327.02
1147.892     4325.724
1147.823     4324.833
1146.57     4317.462
1144.896     4319.973
1144.622     4318.677
1144.58     4311.873
1143.406     4299.723
1141.61     4301.991
1141.379     4304.421
1141.31     4302.72
1140.294     4292.676
1138.462     4283.361
1138.141     4282.713
1138.125     4282.875
1137.198     4277.691
1135.25     4276.476
1134.782     4274.451
1134.808     4271.292
1134.081     4266.189
1132.139     4262.382
1131.617     4262.301
1131.665     4262.544
1131.065     4258.089
1129.159     4255.173
1128.564     4252.986
1128.527     4256.874
1127.89     4253.715
1125.905     4248.936
1125.184     4245.291
1125.163     4237.677
1124.741     4236.219
1122.799     4239.864
1121.909     4243.428
1121.935     4235.895
1121.556     4223.34
1119.645     4222.935
1118.697     4223.907
1118.681     4222.449
1118.308     4221.639
1116.454     4221.072
1115.364     4220.343
1115.296     4215.564
1115.091     4205.034
1113.422     4200.741
1112.226     4200.417
1112.226     4201.956
1112.032     4196.367
1110.394     4190.454
1109.041     4187.619
1108.952     4184.865
1108.873     4180.086
1107.293     4178.547
1105.793     4183.488
1105.656     4183.002
1105.582     4177.17
1104.166     4172.148
1102.592     4172.715
1102.402     4170.285
1102.307     4162.266
1101.038     4151.412
1099.354     4154.652
1099.175     4156.596
1099.101     4150.44
1097.879     4143.96
1096.084     4146.633
1095.858     4149.549
1095.873     4146.633
1094.815     4140.477
1093.03     4135.617
1092.672     4137.885
1092.599     4137.237
1091.619     4132.215
1089.75     4127.517
1089.313     4125.006
1089.329     4118.769
1088.56     4115.691
1086.628     4118.202
1086.07     4115.448
1086.023     4108.644
1085.301     4098.276
1083.364     4094.712
1082.758     4097.304
1082.811     4099.329
1082.248     4094.388
1080.289     4094.145
1079.547     4096.17
1079.568     4089.528
1079.031     4078.35
1077.109     4073.247
1076.298     4073.49
1076.219     4063.851
1075.798     4055.265
1073.866     4056.399
1072.95     4064.742
1072.907     4065.795
1072.613     4056.966
1070.759     4053.645
1069.669     4054.536
1069.643     4048.542
1069.417     4046.193
1067.542     4045.464
1066.326     4044.006
1066.305     4039.794
1066.105     4032.342
1064.41     4027.968
1063.067     4026.51
1062.983     4026.996
1062.862     4024.809
1059.871     4019.868
1059.777     4014.684
1059.619     4011.849
1058.113     4008.933
1056.544     4008.366
1056.407     4004.235
1056.307     4001.805
1054.964     4000.752
1053.295     3999.294
1053.053     3995.811
1053.043     3995.001
1051.842     3991.275
1050.047     3989.331
1049.71     3988.116
1049.678     3985.038
1048.641     3978.558
1046.819     3971.349
1046.546     3969.729
1046.572     3968.028
1045.572     3961.872
1043.608     3947.778
1043.187     3944.781
1043.213     3952.071
1042.376     3948.264
1040.443     3941.379
1039.959     3939.354
1039.928     3938.139
1039.18     3937.815
1037.237     3934.575
1036.726     3930.849
1036.705     3928.986
1036.016     3929.148
1033.983     3926.07
1033.273     3923.478
1033.309     3923.316
1032.772     3914.163
1030.84     3907.926
1029.987     3911.571
1029.998     3913.353
1029.582     3904.524
1027.623     3896.1
1026.718     3891.969
1026.702     3899.664
1026.37     3893.103
1024.475     3885.813
1023.427     3887.433
1023.401     3885.165
1023.101     3875.931
1021.358     3868.56
1020.073     3863.457
1019.989     3861.999
1019.82     3861.675
1018.178     3861.999
1016.783     3857.139
1016.693     3854.223
1016.619     3847.581
1015.082     3845.961
1013.55     3846.69
1013.46     3843.126
1013.345     3834.297
