Distance_nm     Force_uN
0     0.567
0     3.402
0.412     5.994
5.201     6.966
12.837     8.262
20.753     6.723
27.994     4.374
35.548     3.645
43.118     3.402
50.293     4.05
58.028     3.888
65.516     3.645
72.609     4.86
80.229     4.455
87.634     3.888
94.859     3.726
102.495     3.969
109.539     4.86
116.928     5.913
124.449     3.807
131.361     3.564
138.816     3.483
146.106     2.268
153.183     1.539
160.622     1.944
167.78     3.483
174.972     4.617
182.559     3.645
189.668     3.888
196.86     5.346
204.398     6.966
211.458     7.857
218.863     6.48
226.269     3.888
233.411     3.888
240.817     2.592
248.141     0
255.201     1.944
262.903     4.941
269.88     5.589
276.99     4.698
284.461     2.025
291.505     1.377
298.779     2.268
306.251     2.43
313.13     5.103
320.535     5.913
327.958     5.184
335.051     5.022
342.769     2.349
349.911     0.567
356.84     2.43
364.229     4.941
371.174     5.832
378.3     5.508
386.199     4.779
393.407     4.779
400.451     5.184
407.923     5.994
414.95     6.318
422.553     3.564
429.794     1.62
436.854     0.081
444.474     0.324
451.699     3.078
458.792     6.075
466.362     5.994
473.521     3.402
480.663     1.134
488.019     2.025
495.145     5.022
502.502     7.857
509.825     8.667
516.869     7.857
524.406     5.265
531.762     2.835
538.839     0.81
546.278     1.539
553.585     4.05
560.793     4.617
568.396     5.346
575.423     5.913
582.714     4.86
590.35     4.941
597.443     6.966
604.75     7.128
612.205     5.67
619.364     4.293
626.852     2.835
634.323     2.106
641.465     3.078
649.085     4.941
656.359     5.103
663.732     4.212
671.253     3.807
678.264     3.807
685.867     5.508
693.404     6.48
700.431     6.399
707.903     4.779
715.391     2.835
722.5     1.539
729.857     1.944
737.213     3.402
744.553     5.427
752.189     4.86
759.447     2.43
766.753     2.025
774.422     3.24
781.384     4.86
788.773     7.29
796.393     7.533
803.7     4.374
818.758     2.754
825.736     3.645
833.355     4.941
840.728     4.212
847.92     2.106
855.556     2.187
862.731     2.187
870.088     2.835
877.806     6.075
884.916     8.343
892.173     8.343
899.678     7.857
906.836     6.561
914.621     3.807
922.043     1.863
929.218     2.187
936.854     3.888
944.095     3.807
951.238     3.807
958.94     5.346
966.279     5.67
973.702     3.726
981.206     3.888
988.332     5.022
995.771     5.346
1003.045     4.698
1010.187     3.078
1017.873     2.754
1025.344     4.212
1032.569     4.131
1040.304     4.131
1047.627     4.374
1054.868     6.237
1062.356     7.371
1069.449     5.508
1077.069     3.807
1084.639     4.212
1091.847     6.075
1099.335     6.156
1106.724     6.237
1114.064     5.508
1121.684     3.645
1128.958     2.106
1135.705     1.782
1143.226     2.673
1150.517     4.536
1158.087     5.508
1165.657     4.86
1172.816     2.268
1180.485     2.349
1187.94     5.022
1195.214     6.966
1202.916     6.966
1210.338     5.427
1217.563     3.402
1225.298     2.592
1232.588     2.997
1239.912     4.293
1247.4     7.047
1254.46     6.723
1262.343     4.617
1270.078     4.131
1277.088     3.888
1284.774     5.589
1292.278     7.29
1299.75     6.399
1307.682     4.617
1314.94     1.377
1322.362     -0.162
1330.327     1.701
1337.503     4.131
1344.941     6.318
1352.676     6.723
1359.983     3.807
1367.849     4.617
1375.387     5.508
1382.546     6.399
1390.313     6.966
1397.686     4.941
1405.026     4.05
1412.827     2.835
1420.397     1.458
1427.934     2.025
1435.686     3.564
1442.993     5.022
1450.859     5.022
1458.462     3.564
1465.736     3.645
1473.603     5.184
1481.321     6.48
1488.76     8.424
1496.676     8.1
1504.147     5.832
1511.635     4.05
1519.6     1.458
1527.039     1.458
1534.79     5.103
1542.476     6.966
1549.898     6.723
1557.88     5.427
1565.532     2.916
1573.004     3.159
1581.018     5.427
1588.506     7.128
1596.044     7.047
1604.042     4.374
1611.365     1.863
1618.919     0.972
1626.934     1.701
1634.488     4.455
1642.354     6.399
1650.171     6.237
1657.708     6.156
1665.46     4.212
1673.145     2.187
1680.584     2.997
1688.648     4.86
1696.465     6.885
1703.986     8.667
1712.05     5.832
1719.702     2.349
1727.388     0.972
1735.403     0.162
1742.677     0.891
1750.494     2.997
1758.492     4.212
1765.98     5.994
1773.978     5.265
1781.68     4.455
1789.168     5.346
1797.232     6.561
1804.835     9.072
1812.389     9.315
1820.436     6.237
1828.352     3.483
1836.153     1.377
1844.168     0.243
1851.112     1.782
1858.749     4.617
1866.385     5.832
1873.922     5.184
1882.134     1.701
1890.001     -0.567
1897.554     0.81
1905.701     4.617
1913.304     7.29
1921.055     6.561
1929.004     5.265
1944.688     4.536
1952.686     2.997
1960.437     4.05
1968.353     5.832
1976.104     6.399
1983.642     5.265
1991.656     4.86
1999.424     3.645
2007.109     4.05
2015.305     5.103
2023.023     4.779
2030.906     5.184
2038.97     4.617
2046.442     3.483
2054.325     2.106
2062.307     1.296
2069.959     2.187
2078.122     3.807
2085.972     4.536
2093.592     5.265
2101.573     7.371
2109.39     7.857
2117.01     8.343
2124.975     7.209
2132.677     4.536
2140.955     4.212
2149.036     3.483
2156.688     2.511
2164.62     3.159
2172.454     3.24
2180.189     3.078
2188.171     2.43
2196.053     1.458
2203.821     3.321
2211.935     6.237
2219.637     6.885
2227.684     7.29
2235.764     7.533
2243.302     7.29
2251.432     5.508
2259.479     4.212
2267.165     3.645
2275.327     3.564
2283.227     4.698
2290.995     4.374
2299.174     3.402
2307.04     2.754
2314.89     3.24
2323.053     4.86
2330.788     7.371
2338.753     7.047
2346.62     4.455
2354.305     1.134
2362.567     -1.377
2370.663     0
2378.365     3.402
2386.627     6.237
2394.345     7.695
2402.179     7.29
2410.539     6.237
2418.323     5.751
2426.223     6.237
2434.451     6.318
2442.268     5.103
2450.431     3.969
2458.38     3.645
2466.18     3.078
2474.425     1.863
2482.259     1.863
2490.093     3.159
2498.453     5.022
2506.286     5.589
2513.906     3.402
2522.151     3.645
2530.166     6.318
2538.378     8.343
2546.557     9.801
2554.391     7.209
2562.487     3.888
2570.749     2.997
2578.747     2.43
2587.025     1.863
2595.023     2.268
2602.972     2.349
2611.283     3.24
2619.116     4.779
2627.147     5.589
2635.376     6.156
2643.16     5.832
2651.224     4.455
2659.634     4.293
2667.451     3.726
2675.63     4.779
2683.743     5.994
2691.775     5.265
2700.25     4.941
2708.248     4.779
2716.23     4.455
2724.508     4.374
2732.572     3.564
2740.718     3.726
2748.914     5.184
2756.714     6.318
2764.877     6.642
2772.892     6.642
2780.89     4.455
2789.349     1.863
2797.363     1.539
2805.526     2.187
2813.936     3.645
2821.917     4.779
2830.031     5.832
2838.473     7.128
2846.471     6.399
2854.651     7.047
2862.961     7.857
2871.108     6.48
2879.616     4.779
2887.631     3.321
2895.695     0.972
2904.186     0.891
2912.316     1.863
2920.463     2.754
2928.74     4.374
2936.656     4.374
2945     4.617
2953.393     4.455
2960.98     3.969
2969.686     6.723
2978.03     8.991
2986.011     8.829
2994.569     8.262
3002.896     5.832
3011.026     4.212
3019.666     5.751
3027.812     5.508
3035.975     4.212
3044.615     4.212
3052.613     3.159
3060.875     3.564
3069.284     4.374
3077.48     3.645
3086.07     3.726
3094.365     3.564
3102.478     0.324
3110.954     -2.025
3119.166     1.215
3136.084     6.156
3144.197     11.664
3152.212     21.87
3160.308     28.269
3168.389     39.366
3176.914     50.058
3185.274     59.535
3193.42     71.766
3202.192     80.838
3210.338     87.237
3218.468     97.2
3227.289     108.135
3235.517     121.905
3243.812     135.351
3252.386     148.716
3260.516     156.411
3269.008     167.346
3277.483     181.359
3285.465     196.02
3294.072     213.516
3302.416     228.015
3310.694     244.215
3319.366     257.337
3327.546     269.001
3335.988     283.986
3344.562     295.164
3352.709     309.663
3361.497     319.707
3370.252     332.91
3378.283     348.624
3386.742     363.852
3395.119     379.485
3403.232     392.04
3412.135     406.782
3420.545     424.683
3428.773     439.587
3437.561     454.329
3445.872     468.099
3454.463     479.115
3463.185     491.022
3471.249     509.571
3480.037     526.662
3488.792     541.728
3496.807     553.149
3503.966     544.482
3499.769     532.17
3492.479     519.372
3484.859     502.848
3477.305     488.187
3469.817     476.928
3462.033     468.828
3454.595     455.139
3446.794     441.612
3438.894     431.892
3431.39     422.01
3423.688     411.642
3415.822     402.084
3408.465     393.741
3400.599     379.404
3392.847     366.444
3385.211     358.83
3377.493     349.11
3369.989     333.882
3362.435     320.031
3354.65     306.018
3346.965     293.301
3339.378     282.933
3331.759     275.967
3324.501     262.845
3316.552     251.505
3308.916     238.626
3301.51     228.42
3293.529     219.996
3286.156     208.98
3278.734     196.911
3270.917     189.135
3263.643     177.39
3256.105     159.57
3248.305     142.803
3241.096     132.03
3233.329     123.768
3225.758     111.294
3218.32     101.493
3210.42     89.424
3202.998     74.115
3195.708     63.099
3187.742     54.675
3180.419     45.198
3173.063     34.587
3165.097     24.543
3157.725     16.2
3150.22     7.776
3142.452     1.701
3135.129     0.243
3127.477     0.486
3119.923     1.134
3112.369     2.187
3104.667     3.24
3097.36     4.05
3089.987     4.617
3082.022     5.184
3074.699     4.86
3067.145     4.131
3059.278     2.835
3052.037     1.539
3044.483     0.405
3036.88     1.215
3029.573     1.134
3021.937     1.944
3014.515     3.645
3006.978     3.969
2999.226     3.645
2991.672     1.782
2984.184     0.972
2976.565     2.187
2969.34     3.726
2961.688     3.24
2953.903     2.997
2946.629     3.321
2938.944     4.05
2931.242     6.48
2924.1     6.885
2916.2     6.885
2908.745     6.804
2901.389     6.885
2893.44     7.209
2885.787     4.698
2878.283     1.62
2870.482     0.648
2863.258     0.81
2855.671     1.215
2847.821     2.592
2840.448     1.701
2832.483     1.296
2824.913     3.159
2817.721     4.698
2809.92     7.614
2802.58     9.477
2795.257     8.667
2787.374     6.966
2780.166     5.346
2772.349     5.67
2764.301     4.455
2756.945     3.564
2749.391     3.078
2741.705     4.86
2734.349     5.184
2726.499     4.212
2711.54     3.807
2703.558     2.754
2696.02     4.536
2688.467     6.318
2680.469     5.265
2673.063     2.997
2665.542     1.539
2657.758     1.458
2650.418     3.807
2642.436     6.48
2634.8     7.614
2627.542     7.29
2619.791     5.184
2612.155     5.832
2604.684     7.614
2596.784     7.614
2589.444     7.695
2581.808     6.318
2573.761     4.779
2566.207     3.888
2558.439     2.43
2550.622     0.486
2543.282     -1.458
2535.498     -1.701
2527.796     1.053
2520.308     4.293
2512.211     4.779
2504.674     5.832
2497.268     6.237
2489.352     6.966
2481.716     8.586
2474.031     8.343
2466.296     7.29
2459.038     6.237
2451.237     3.888
2443.124     3.078
2435.85     3.483
2428.082     2.916
2420.232     3.24
2412.662     4.779
2404.713     5.265
2397.159     5.184
2389.54     4.536
2381.574     5.67
2374.169     5.913
2366.5     4.86
2358.683     3.402
2351.277     0.891
2343.361     1.782
2335.412     4.617
2327.727     7.533
2319.663     7.371
2312.175     5.184
2304.802     3.645
2296.705     4.293
2289.201     6.642
2281.499     7.857
2273.55     7.209
2266.144     4.941
2258.36     1.863
2250.543     0.972
2243.285     2.106
2235.254     3.321
2227.487     3.483
2220.064     2.268
2212.017     1.539
2204.381     2.43
2196.81     8.748
2188.779     9.882
2181.143     8.586
2173.244     6.075
2165.328     3.645
2158.054     2.754
2150.369     3.969
2142.667     5.184
2135.146     5.508
2127.18     5.346
2119.462     3.24
2111.941     3.402
2103.877     5.103
2096.323     6.804
2088.687     7.209
2080.92     5.67
2073.251     2.673
2065.4     1.296
2057.633     0.243
2050.128     0.972
2042.064     2.106
2034.428     2.106
2026.825     3.321
2018.745     4.617
2011.174     6.399
2003.456     8.505
1995.425     8.991
1987.953     8.424
1980.037     7.209
1971.941     4.617
1964.634     3.078
1956.619     3.564
1948.687     3.402
1941.133     3.402
1933.069     4.374
1925.334     3.888
1917.895     3.24
1909.881     2.349
1902.195     2.754
1894.493     4.131
1886.429     5.022
1878.81     6.318
1870.927     6.642
1862.846     5.103
1855.342     5.103
1847.508     5.346
1839.527     4.212
1831.94     3.402
1823.991     3.807
1816.371     3.888
1808.752     5.427
1800.688     6.075
1793.101     5.913
1785.366     7.209
1777.236     5.508
1769.617     4.374
1761.717     2.835
1753.834     0.486
1746.346     1.053
1738.233     0.891
1730.367     1.377
1722.533     4.617
1714.518     5.184
1706.899     4.86
1699.213     6.318
1690.837     8.181
1683.217     9.315
1675.416     9.315
1667.237     5.994
1659.7     3.564
1651.767     2.835
1643.917     1.458
1636.232     2.187
1628.168     3.159
1620.384     3.078
1612.715     4.212
1604.568     3.645
1596.916     2.997
1589.247     4.131
1581.134     3.969
1573.465     4.374
1557.732     5.832
1550.161     4.617
1542.18     5.103
1534.297     4.941
1526.661     2.754
1518.564     2.43
1510.714     2.835
1502.847     3.483
1494.783     5.022
1487.048     4.617
1479.182     4.212
1471.118     5.427
1463.564     5.265
1455.516     5.913
1447.436     5.913
1439.915     4.05
1431.884     2.592
1424.034     1.053
1416.349     0
1408.104     1.863
1400.5     3.807
1392.667     5.427
1384.372     5.913
1376.687     4.374
1368.804     4.941
1360.74     5.589
1353.301     5.508
1345.435     5.994
1337.47     3.24
1329.652     1.296
1321.424     0.81
1313.557     1.701
1306.053     2.997
1297.973     3.402
1290.205     3.807
1282.355     3.969
1274.241     5.346
1266.572     7.128
1258.656     6.561
1250.658     5.346
1242.956     4.455
1234.827     3.24
1227.009     2.187
1219.439     2.997
1211.227     3.564
1203.607     4.941
1195.856     4.374
1187.644     1.296
1179.876     1.215
1171.911     2.916
1163.781     5.346
1156.211     7.452
1148.18     6.075
1140.099     5.022
1132.43     4.455
1124.432     4.293
1116.796     3.645
1109.127     3.402
1100.866     3.321
1092.966     5.346
1085.067     5.751
1076.986     5.265
1069.498     6.075
1061.879     5.67
1054.226     6.48
1046.59     5.67
1038.543     3.159
1030.709     1.863
1023.106     1.134
1015.009     1.134
1007.159     2.511
999.144     2.511
990.982     4.374
983.477     4.779
975.644     4.212
967.662     4.779
960.009     5.589
952.061     7.452
944.079     9.315
936.229     8.343
928.132     5.265
