Distance_nm     Force_uN
0     3.24
-0.148     5.022
0.28     3.321
5.662     4.212
13.248     2.916
21.065     -1.863
28.619     -3.321
36.305     0.162
44.073     3.321
51.264     6.48
58.719     6.966
66.388     2.997
73.448     -1.62
81.167     0.324
88.573     2.187
95.764     1.458
103.367     3.645
110.625     4.779
117.817     2.916
125.338     4.212
132.381     5.994
139.606     2.754
147.259     0.162
154.335     2.106
161.691     4.941
169.147     3.483
176.075     0.81
183.579     0.405
190.952     2.106
198.193     3.078
205.566     4.131
212.412     2.511
219.538     1.053
226.927     4.455
233.905     4.05
241.097     0.486
248.569     1.944
255.612     4.212
263.166     5.427
270.407     4.698
277.401     1.296
284.988     -1.701
291.982     -0.486
299.059     3.159
306.794     3.969
313.969     2.916
321.293     3.969
328.632     4.212
335.66     1.296
343.032     -1.62
350.372     -0.972
357.432     2.673
364.937     4.86
372.129     5.751
379.106     6.075
386.298     7.128
392.799     7.695
400.073     4.05
407.61     0.648
414.588     -0.891
421.862     -0.081
429.202     3.807
436.278     2.997
443.783     -0.567
450.942     -0.972
457.837     0.486
465.49     2.43
472.714     2.997
479.923     1.377
487.394     1.944
494.372     2.754
501.728     3.807
508.772     4.293
515.964     3.645
523.435     4.86
530.775     6.561
537.671     5.346
545.076     2.106
552.219     0.243
559.707     2.268
567.244     5.913
574.172     4.86
581.331     0.243
588.819     -0.972
595.978     0.729
603.351     0.648
610.691     -2.43
617.652     -3.402
625.239     0.567
632.398     3.321
639.622     2.187
647.16     4.455
661.477     8.262
668.998     9.558
676.256     7.29
683.579     2.835
691.183     0.648
698.407     3.402
705.747     5.751
713.021     6.237
720.196     3.564
727.882     1.296
735.123     0.648
742.397     -0.243
750.05     2.916
757.192     7.533
764.45     4.536
772.152     -3.483
779.409     -7.047
786.733     0.324
794.253     9.72
801.297     10.854
808.62     4.293
815.878     -1.458
823.119     -0.243
830.821     5.994
837.996     10.611
845.122     9.801
852.791     2.43
859.934     -2.511
867.586     2.106
875.14     5.67
882.003     3.726
889.557     1.458
897.127     -2.511
904.253     -3.483
911.856     1.134
919.229     6.723
926.388     5.184
933.908     -0.81
941.232     -3.24
948.72     -0.486
956.504     2.43
963.515     3.645
971.069     5.751
978.721     5.751
985.831     6.318
993.384     6.723
1000.757     4.293
1008.048     0.891
1015.651     -1.458
1022.958     -0.081
1030.281     2.673
1038.082     4.131
1045.471     2.673
1052.893     0
1060.447     -0.891
1067.803     1.701
1075.44     6.156
1083.043     5.832
1090.317     -0.324
1097.904     -4.131
1105.523     -3.564
1112.666     1.782
1120.335     6.318
1127.987     5.751
1135.409     4.05
1143.539     3.645
1150.895     6.804
1158.169     8.181
1165.987     2.349
1173.672     -2.835
1181.522     -1.944
1189.323     1.944
1196.679     5.022
1204.76     3.483
1212.494     2.673
1219.982     3.807
1227.964     2.673
1235.534     1.539
1243.269     1.377
1251.432     2.673
1259.035     3.483
1266.721     0.729
1274.735     -0.243
1282.404     2.511
1290.468     3.888
1298.088     3.969
1305.675     3.402
1313.804     4.374
1321.49     7.047
1329.307     6.075
1337.568     0.162
1345.188     -0.972
1353.005     3.159
1360.954     3.726
1368.524     1.296
1376.522     2.754
1384.471     3.159
1392.074     1.62
1400.073     1.458
1407.89     2.187
1415.443     3.402
1423.491     2.268
1431.176     2.187
1438.928     1.296
1446.926     2.268
1454.513     4.779
1462.363     3.483
1470.443     3.159
1477.948     6.966
1486.11     7.29
1494.076     1.539
1501.629     -3.807
1509.71     -5.265
1517.56     -2.673
1524.883     2.43
1532.849     6.48
1540.6     6.48
1548.384     1.62
1556.432     1.296
1563.788     4.131
1571.868     2.106
1579.899     -0.324
1587.272     1.134
1595.254     4.374
1603.038     5.994
1610.608     1.539
1618.623     1.458
1626.144     4.05
1633.78     5.832
1641.827     2.268
1649.2     -2.268
1656.886     -1.458
1664.983     1.134
1672.619     1.539
1680.354     2.511
1688.352     4.374
1695.412     4.536
1703.229     3.159
1710.914     3.078
1718.863     3.321
1727.191     3.159
1734.975     1.215
1742.924     1.863
1750.922     5.346
1758.739     5.751
1766.836     4.131
1774.85     1.782
1782.453     1.539
1790.666     4.293
1806.497     4.455
1814.66     2.43
1822.609     0.324
1830.574     -0.891
1838.687     -2.268
1846.439     -1.944
1854.585     1.134
1862.731     2.835
1870.565     3.159
1878.645     5.103
1886.446     6.642
1894.214     5.832
1902.492     3.159
1910.375     0.729
1918.34     0.729
1926.766     3.726
1934.567     6.885
1942.663     5.589
1950.826     2.511
1958.66     2.106
1966.872     3.321
1975.002     3.888
1982.852     0.486
1991.327     -2.916
1999.408     -2.916
2007.422     -2.511
2015.832     -0.324
2023.632     2.592
2027.78     3.564
2021.065     5.67
2013.281     7.128
2005.382     5.589
1997.433     3.564
1990.027     2.673
1981.881     2.592
1974.064     2.754
1966.576     2.916
1958.577     4.86
1951.007     6.885
1943.19     5.103
1935.439     2.511
1927.803     1.053
1920.101     -2.106
1912.382     -4.293
1905.075     -1.782
1897.324     2.43
1889.342     4.131
1882.068     3.078
1874.383     2.349
1866.878     5.427
1859.456     7.857
1851.639     4.698
1844.349     2.511
1836.959     2.187
1829.159     2.673
1821.77     4.374
1814.216     2.592
1806.613     1.944
1799.47     2.592
1791.883     1.458
1784.313     0.81
1777.22     2.268
1769.403     2.754
1761.948     -0.405
1754.756     -2.43
1746.939     -0.162
1739.632     2.43
1732.144     3.807
1724.442     3.483
1717.349     3.645
1709.828     9.153
1702.225     12.474
1694.885     8.586
1687.068     1.458
1679.597     0.324
1672.076     4.293
1664.193     5.589
1656.738     1.944
1649.513     -2.673
1641.63     -2.835
1634.109     -0.891
1626.654     2.025
1619.018     4.212
1611.579     4.05
1603.696     1.782
1595.945     -2.997
1588.638     2.592
1580.805     8.019
1573.201     7.533
1565.829     3.969
1558.094     3.24
1550.803     9.396
1543.282     11.421
1535.284     4.779
1527.911     -1.134
1520.572     -2.835
1512.902     -0.648
1505.579     2.592
1497.927     3.24
1490.307     3.24
1483.049     0.729
1475.314     -2.673
1468.304     -1.701
1460.832     2.43
1453.048     5.508
1445.79     4.86
1438.204     2.916
1430.37     3.159
1423.047     6.075
1415.164     6.723
1407.561     5.103
1400.451     3.159
1392.601     3.159
1385.014     5.427
1377.674     4.455
1369.874     1.296
1362.501     1.134
1354.832     1.539
1346.982     1.134
1339.593     2.754
1332.022     2.187
1324.271     -0.567
1316.931     -0.891
1309.081     2.835
1301.593     4.374
1294.434     0.729
1286.65     -0.405
1279.212     4.131
1271.641     5.994
1263.824     5.427
1256.682     4.941
1249.358     3.321
1241.837     2.754
1234.777     4.374
1226.96     7.533
1219.308     8.667
1211.968     5.589
1204.266     0
1197.123     -3.078
1189.8     -0.891
1181.901     4.131
1174.561     4.536
1167.023     1.053
1159.338     -1.215
1152.212     1.458
1144.658     3.321
1137.121     1.053
1129.896     -0.81
1122.03     1.701
1107.07     5.265
1099.434     3.969
1092.028     2.43
1084.54     5.184
1076.954     6.237
1069.713     2.592
1062.076     2.025
1054.226     3.402
1047.068     2.268
1039.431     2.916
1031.828     3.564
1024.538     0.729
1016.852     -1.134
1009.397     2.268
1001.975     6.156
994.141     7.371
986.933     6.804
979.61     2.673
971.859     -3.24
964.568     -3.726
956.883     1.053
949.23     3.807
941.923     3.969
934.353     3.726
926.98     1.377
919.591     -1.215
911.724     2.511
904.384     8.505
896.929     7.938
889.145     2.43
881.805     0.648
874.284     1.215
866.566     2.268
859.325     3.321
851.606     2.025
843.888     1.134
836.515     3.726
828.748     5.022
821.194     2.673
813.887     0.729
806.103     -0.162
798.894     -1.215
791.406     -2.106
783.606     0.243
776.233     6.561
768.482     5.265
760.813     4.698
753.522     4.536
745.952     6.237
738.365     6.723
731.091     3.483
723.406     0.324
715.868     -2.349
708.512     -1.539
700.859     1.782
693.552     4.86
686.13     7.452
678.33     5.67
670.874     2.592
663.222     0.405
655.75     -2.754
648.476     -2.187
640.774     2.43
633.435     6.156
626.21     5.913
618.212     1.377
610.641     0.081
603.236     5.346
595.583     9.315
588.424     6.885
580.706     1.863
573.086     1.62
566.536     2.835
558.884     2.268
551.363     1.458
544.155     0.729
536.453     1.377
528.866     1.782
521.576     2.916
