Distance_nm     Force_uN
0     2.511
-0.016     2.835
0.049     1.782
0.922     1.215
7.208     -1.944
14.976     -4.212
23.007     -4.779
30.577     -4.05
38.246     0
46.31     1.134
53.815     -0.972
61.369     -3.402
69.219     -5.913
84.474     -4.617
92.324     -1.053
99.582     0.81
107.498     2.754
115.2     3.078
122.424     1.701
130.307     -0.567
137.697     -3.969
145.283     -7.371
153.216     -7.209
160.605     -4.293
168.34     1.782
176.091     6.48
183.316     4.293
191.051     -1.215
198.72     -5.184
205.944     -5.913
213.696     -4.617
221.085     -3.564
228.063     -0.81
235.847     -0.405
243.236     -0.729
250.757     0.972
258.41     1.701
265.552     -0.486
272.974     -1.782
280.725     -2.187
287.818     -1.053
295.455     0.324
303.058     -0.81
310.315     -0.972
318.067     -1.701
325.291     -3.321
332.664     -4.212
340.596     -4.05
347.969     -1.701
355.457     0.972
362.978     1.134
370.203     1.377
377.921     0.648
385.607     -2.511
392.716     -6.075
400.5     -5.994
407.955     -3.159
415.246     1.62
422.948     3.078
430.304     2.997
437.693     3.483
445.626     1.215
452.9     -1.863
460.19     -4.212
468.09     -5.832
475.281     -3.078
482.852     -1.215
490.438     -0.972
497.795     -1.053
505.612     -3.969
513.231     -5.913
520.703     -3.807
528.388     0.162
535.745     3.888
543.348     3.564
551.099     -0.567
558.505     -1.863
566.24     -2.268
573.876     -2.754
581.183     -1.458
589.033     -1.62
596.801     -2.349
604.503     -2.025
612.6     -0.729
620.005     0.729
627.674     -0.567
635.919     -2.349
643.457     -2.592
651.307     -2.754
659.288     -3.402
666.71     -4.05
674.511     -4.536
682.46     -2.43
690.162     -0.324
698.193     -0.405
705.944     0.486
713.465     0.324
721.546     0.81
729.264     1.377
736.637     -0.324
744.586     -0.972
752.156     -2.268
759.924     -3.24
767.807     -2.268
775.229     -1.863
783.145     -2.511
790.846     -4.131
798.45     -4.698
806.366     -2.025
813.903     2.673
821.374     3.159
829.373     -0.567
837.14     -4.374
844.76     -5.184
852.643     -2.349
859.933     0.81
867.718     2.106
875.601     0.486
883.121     -2.592
890.906     -2.592
898.657     -0.324
906.096     1.701
914.258     2.025
921.927     -0.324
929.563     -2.673
937.562     -3.726
945.05     -5.103
952.768     -6.48
960.766     -4.698
968.32     -3.078
976.318     -2.187
984.086     -1.701
991.689     -0.81
999.588     1.134
1007.356     1.62
1014.992     1.215
1023.139     -0.081
1030.791     -3.159
1038.378     -3.24
1046.475     -2.916
1054.341     -3.483
1062.224     -3.078
1070.14     -2.673
1077.464     -0.567
1085.412     0.81
1093.131     -0.243
1100.635     -2.754
1108.946     -4.293
1116.714     -4.374
1124.333     -3.321
1132.48     -2.43
1140.099     -1.296
1148.032     -1.296
1155.98     -2.916
1163.287     -2.997
1171.154     0.81
1179.152     2.592
1186.805     1.782
1202.669     -0.567
1210.371     -3.321
1218.534     -2.916
1226.532     -2.187
1234.431     -2.511
1242.446     -2.592
1250.099     -3.807
1258.327     -4.05
1266.391     -3.159
1273.813     -2.187
1281.877     -0.162
1289.859     0.81
1297.495     -1.377
1305.625     -1.539
1313.393     -1.458
1321.292     -2.592
1329.389     -2.43
1337.074     -2.592
1344.892     -2.025
1352.774     -1.782
1360.23     -2.511
1368.359     -0.891
1376.473     1.215
1384.01     1.458
1392.058     0.891
1399.809     -2.43
1407.182     -4.86
1415.279     -4.455
1423.194     -3.726
1431.094     -2.673
1439.405     -2.025
1447.024     -3.969
1454.891     -4.05
1463.087     -2.673
1470.031     0
1478.079     2.349
1486.126     0.972
1493.944     -1.053
1502.172     -2.835
1509.907     -4.293
1517.922     -4.131
1526.331     -2.997
1533.885     -2.025
1541.933     -1.62
1550.21     -2.187
1557.945     -2.592
1566.19     -0.567
1574.337     0.567
1582.055     -0.081
1590.349     -3.402
1598.512     -6.075
1606.411     -5.103
1614.788     -4.212
1622.622     -3.969
1630.505     -2.511
1638.602     -0.972
1646.336     -1.377
1654.581     -2.349
1662.794     -1.296
1670.578     0.405
1679.004     0.243
1687.265     -1.053
1695.198     -2.268
1703.591     -2.673
1711.655     -2.106
1719.669     -1.944
1727.865     -3.645
1735.814     -5.346
1744.19     -5.265
1752.534     -3.726
1760.302     -0.405
1768.563     1.863
1776.594     0.567
1784.412     -1.701
1793.052     -2.754
1801.247     -2.673
1809.13     -2.754
1817.523     -3.483
1825.521     -3.645
1833.569     -2.349
1842.044     -1.539
1849.944     -2.916
1858.238     -1.782
1866.631     0.567
1874.35     1.539
1882.759     -0.486
1890.988     -4.86
1899.035     -4.455
1907.675     -4.698
1915.739     -2.916
1923.853     -2.511
1932.591     -2.997
1940.622     -3.564
1948.851     -2.511
1957.392     0.324
1965.325     2.025
1973.849     0.081
1982.374     -1.863
1990.636     -2.268
1999.16     -3.321
2007.373     -2.916
2015.585     -1.863
2024.208     -2.592
2032.321     -4.374
2040.764     -5.184
2049.503     -3.321
2057.451     0.972
2065.943     1.296
2074.534     -1.296
2082.516     -4.131
2090.991     -5.589
2099.253     -4.212
2107.333     -3.726
2116.022     -2.511
2124.152     -0.81
2132.364     -0.729
2140.988     -0.648
2149.068     -1.053
2157.379     -0.567
2166.167     1.539
2174.346     1.296
2182.756     -1.215
2191.33     -3.969
2199.476     -6.318
2208.051     -5.67
2216.542     -2.43
2224.804     -0.81
2233.592     -1.458
2241.936     -3.483
2250.345     -3.483
2259.15     -1.053
2267.428     0.081
2275.92     -0.405
2284.609     -1.134
2292.838     -2.106
2301.296     -0.891
2309.607     -1.782
2317.951     -2.511
2326.624     -0.891
2334.885     -1.053
2343.13     -2.835
2351.803     -3.726
2359.999     -1.782
2368.277     0.81
2376.868     0.891
2393.687     -0.972
2402.195     -4.374
2410.341     -6.48
2419.064     -5.751
2427.621     -3.807
2435.883     -2.592
2444.572     -2.754
2453.113     -3.159
2461.556     -3.321
2470.196     -0.81
2478.556     0.891
2487.13     2.187
2495.968     0.486
2504.213     -1.458
2512.968     -3.24
2521.822     -4.455
2529.984     -3.483
2538.592     -2.592
2547.1     -2.997
2555.526     -4.05
2564.347     -4.536
2572.74     -3.159
2580.936     -0.324
2589.559     0.081
2597.804     -1.215
2606.214     -2.754
2614.739     -3.078
2622.967     -1.782
2631.574     -2.025
2639.869     -2.997
2648.064     -3.726
2656.704     -3.159
2665.081     -0.891
2673.359     1.053
2681.999     1.053
2690.26     1.215
2698.555     5.751
2707.162     16.524
2715.324     30.132
2723.997     35.559
2732.604     38.88
2740.701     52.731
2749.44     69.336
2757.8     81.81
2766.095     95.175
2775.08     110.727
2783.358     124.902
2791.735     142.479
2800.572     154.386
2808.801     173.988
2817.457     187.029
2826.163     200.07
2834.507     216.27
2843.065     231.174
2851.589     240.084
2859.95     247.131
2868.524     256.122
2876.917     271.512
2885.573     283.905
2894.674     296.541
2902.968     307.962
2911.444     321.327
2920.248     334.53
2928.526     353.808
2937.183     368.712
2945.889     378.594
2954.199     387.747
2963.07     401.679
2971.71     418.77
2979.873     435.456
2988.842     452.385
2997.531     465.75
3006.056     480.492
3014.811     494.586
3023.171     509.895
3031.762     522.531
3040.747     531.198
3048.861     541.809
3057.517     552.825
3066.256     566.19
3074.912     586.683
3083.947     601.992
3092.489     616.41
3100.931     628.803
3109.818     645.246
3118.343     657.72
3126.983     671.166
3135.968     687.123
3144.345     701.217
3153.001     715.392
3161.938     729.324
3170.314     738.234
3179.135     748.278
3187.857     760.671
3196.284     776.223
3205.17     797.364
3213.712     808.461
3222.417     817.533
3231.502     832.113
3239.977     844.182
3248.765     861.84
3257.767     880.794
3266.193     896.589
3275.08     911.088
3284.033     925.02
3292.673     935.955
3301.774     953.127
3310.545     971.676
3318.971     987.633
3328.039     999.945
3336.712     1013.796
3345.187     1030.401
3354.239     1040.121
3362.747     1049.679
3371.338     1066.689
3380.159     1087.344
3388.42     1102.815
3397.175     1116.909
3406.194     1128.411
3414.817     1143.963
3423.852     1160.082
3432.591     1170.693
3441.182     1183.653
3450.217     1196.208
3458.906     1211.922
3467.612     1224.72
3476.581     1236.303
3485.172     1250.559
3494.174     1265.868
3503.06     1281.42
3511.602     1299.645
3520.521     1315.602
3529.194     1327.914
3537.801     1338.687
3546.787     1351.809
3555.509     1364.931
3564.166     1380.807
3573.135     1394.577
3581.725     1404.621
3590.316     1416.852
3599.269     1437.669
3607.909     1454.841
3616.828     1464.966
3625.896     1479.708
3634.438     1497.366
3652.376     1511.784
3661.065     1518.264
3670.166     1533.168
3678.839     1549.692
3687.528     1561.275
3696.514     1572.939
3705.17     1590.192
3714.09     1604.934
3723.191     1619.919
3731.535     1634.823
3740.652     1646.973
3749.785     1668.519
3758.458     1683.018
3767.493     1697.031
3776.051     1710.72
3784.559     1726.11
3793.594     1747.251
3802.399     1767.096
3811.088     1783.863
3819.959     1797.957
3828.434     1807.677
3837.337     1822.824
3846.323     1840.077
3854.815     1853.523
3863.751     1865.673
3872.556     1884.222
3881.212     1902.933
3890.329     1910.142
3898.986     1920.915
3907.724     1935.414
3916.809     1948.779
3925.465     1965.951
3934.319     1980.369
3943.37     1991.385
3951.928     2010.339
3961.012     2023.623
3969.85     2035.611
3978.227     2049.786
3987.459     2065.905
3996.28     2084.697
4005.035     2095.956
4014.235     2109.159
4022.842     2128.275
4031.613     2143.179
4040.599     2157.759
4049.091     2172.987
4058.06     2190.159
4067.144     2202.309
4075.719     2214.783
4084.688     2227.338
4093.393     2240.379
4101.935     2253.177
4110.92     2264.436
4119.741     2276.586
4128.661     2291.166
4137.861     2308.176
4146.517     2328.75
4155.536     2346.732
4164.686     2360.259
4173.359     2376.783
4182.377     2390.796
4191.33     2405.295
4199.838     2419.713
4208.939     2437.614
4217.908     2451.87
4226.778     2466.126
4236.077     2473.092
4244.881     2485.566
4253.784     2498.526
4263.149     2515.374
4271.871     2533.356
4280.873     2545.425
4290.122     2557.413
4298.893     2575.314
4308.192     2594.349
4317.26     2606.499
4325.965     2621.241
4335.264     2635.335
4344.299     2650.32
4353.284     2665.062
4362.55     2680.209
4371.469     2697.057
4380.554     2713.581
4390.033     2726.946
4399.035     2738.124
4408.119     2756.997
4417.269     2776.113
4426.156     2790.693
4435.603     2802.276
4444.687     2813.292
4453.607     2829.897
4462.889     2848.365
4471.775     2862.783
4480.777     2878.011
4490.125     2896.722
4499.061     2910.33
4508.162     2926.206
4517.378     2941.029
4526.183     2953.422
4535.481     2968.812
4544.73     2983.716
4553.534     2998.053
4563.03     3009.555
4571.983     3020.166
4580.853     3035.718
4590.151     3050.865
4599.038     3067.227
4608.254     3084.318
4617.47     3100.194
4626.291     3118.014
4635.639     3134.376
4644.921     3153.168
4653.725     3169.044
4662.727     3183.867
4671.663     3197.07
4680.468     3214.566
4689.931     3229.713
4698.9     3248.019
4707.82     3262.113
4717.332     3281.634
4726.252     3302.046
4735.451     3323.916
4744.832     3340.359
4753.817     3353.886
4763.099     3365.874
4772.397     3377.7
4781.317     3392.685
4790.731     3413.583
4799.766     3429.702
4808.504     3443.067
4818     3458.133
4827.134     3475.305
4836.185     3486.078
4845.813     3503.898
4854.93     3525.687
4864.31     3539.862
4873.79     3556.953
4882.644     3572.748
4891.827     3586.113
4901.158     3599.883
4910.242     3617.703
4919.689     3634.713
4928.756     3645.405
4937.824     3655.935
4947.32     3668.004
4956.371     3679.425
4974.935     3697.488
4983.805     3712.311
4992.923     3726.324
5002.221     3743.901
5011.272     3759.534
5019.024     3757.104
5015.041     3745.845
5007.964     3734.343
5000.493     3724.38
4993.367     3713.526
4986.06     3703.158
4978.44     3687.363
4971.002     3678.21
4963.481     3668.895
4955.779     3658.77
4948.406     3644.919
4940.787     3633.822
4932.904     3625.074
4925.432     3614.463
4917.714     3602.556
4909.979     3590.73
4902.705     3576.474
4894.904     3564.324
4887.252     3551.364
4879.879     3536.298
4872.012     3524.553
4864.541     3510.864
4856.757     3493.368
4849.022     3482.109
4841.715     3468.987
4833.667     3455.784
4825.965     3441.771
4818.675     3434.805
4810.874     3430.188
4803.238     3413.664
4795.832     3395.52
4788.13     3385.8
4780.692     3379.887
4773.072     3373.488
4765.173     3360.204
4757.701     3345.705
4750.016     3334.608
4742.413     3322.944
4735.254     3314.439
4727.486     3303.099
4720.047     3288.6
4712.938     3271.914
4705.154     3260.007
4697.682     3242.835
4690.211     3229.389
4682.163     3216.753
4674.938     3205.17
4667.45     3197.313
4659.814     3184.92
4652.474     3168.72
4644.772     3156.003
4637.038     3141.99
4629.648     3132.999
4621.733     3123.684
4613.965     3112.02
4606.444     3100.032
4598.775     3090.15
4591.353     3076.947
4583.75     3059.856
4575.85     3045.114
4568.56     3033.288
4560.726     3021.867
4552.744     3006.882
4545.289     2995.218
4537.489     2985.012
4529.918     2970.27
4522.546     2962.413
4514.514     2952.045
4506.845     2933.739
4499.144     2918.187
4491.261     2904.498
4484.003     2890.971
4476.449     2881.98
4468.5     2872.179
4461.095     2863.107
4453.228     2837.673
4445.493     2826.009
4438.302     2811.105
4430.419     2797.659
4422.634     2788.182
4415.344     2772.549
4407.346     2760.642
4399.759     2751.894
4392.139     2735.046
4384.273     2724.435
4376.933     2718.036
4369.396     2703.78
4361.661     2687.499
4354.288     2677.86
4346.454     2668.545
4338.687     2656.719
4331.396     2642.301
4323.382     2632.338
4315.581     2624.724
4308.159     2611.764
4300.062     2595.402
4292.426     2580.579
4284.674     2570.13
4276.709     2556.279
4269.32     2541.294
4261.371     2528.091
4253.455     2516.508
4246.132     2505.735
4238.265     2495.61
4230.382     2481.111
4222.845     2464.02
4214.732     2448.306
4206.997     2431.701
4199.443     2423.52
4191.379     2413.719
4183.941     2410.722
4176.074     2400.354
4168.109     2381.805
4160.752     2369.979
4152.985     2355.966
4145.102     2339.604
4137.581     2321.136
4129.451     2309.634
4121.749     2299.995
4114.179     2284.605
4106.23     2275.047
4098.709     2262.735
4091.057     2249.37
4083.009     2235.438
4075.422     2224.503
4067.572     2218.59
4059.525     2207.25
4052.02     2192.103
4044.17     2176.146
4036.353     2163.024
4028.849     2152.17
4020.785     2136.537
4013.05     2122.524
4005.315     2107.944
3997.202     2096.766
3989.566     2085.831
3981.979     2069.631
3973.8     2052.54
3966.361     2043.954
3958.445     2036.178
3950.414     2027.268
3934.912     2018.844
3926.946     2004.183
3919.146     1989.765
3910.966     1976.886
3903.528     1959.795
3895.941     1949.184
3887.696     1939.383
3880.044     1927.071
3872.144     1911.438
3864.245     1898.964
3856.642     1885.599
3848.446     1874.178
3840.365     1860.732
3832.812     1849.878
3824.616     1837.404
3816.782     1822.905
3809.146     1810.269
3800.901     1800.792
3793.117     1790.181
3785.07     1776.654
3776.792     1764.423
3769.188     1750.005
3761.388     1734.453
3753.439     1719.549
3745.605     1706.751
3737.245     1695.816
3729.296     1684.395
3721.644     1671.84
3713.432     1660.095
3705.532     1651.428
3697.534     1639.926
3689.289     1631.583
3681.604     1621.863
3673.622     1606.473
3665.443     1592.622
3657.955     1575.693
3649.825     1562.085
3641.695     1546.533
3633.911     1533.492
3625.633     1515.267
3617.454     1502.145
3609.966     1495.098
3601.721     1462.86
3593.673     1452.816
3585.725     1436.535
3577.545     1420.416
3569.712     1404.459
3561.697     1395.225
