Distance_nm     Force_uN
0     4.536
0.012     2.592
0.572     0.891
1.052     -0.081
1.243     -0.81
1.442     0.162
1.188     0.81
0.958     2.754
0.45     2.511
0.541     3.645
0.244     5.103
-0.187     6.156
-0.468     5.832
-0.387     3.159
0.316     4.941
-0.133     6.156
-0.468     3.321
0.246     1.944
0.64     1.296
0.823     0.567
0.991     -0.486
1.309     -1.62
1.59     -1.62
1.6     -2.43
1.827     -2.997
2.01     -4.941
2.47     -3.24
1.98     -1.377
1.494     -1.782
1.607     -0.324
1.171     -0.081
1.127     -2.187
1.71     -5.67
2.628     -7.047
2.979     -5.994
2.656     -2.673
1.781     -1.458
1.484     -0.081
1.101     -0.729
1.263     -2.673
1.75     -0.324
1.118     1.053
0.782     -0.243
1.123     -3.483
1.992     -3.402
1.976     -1.62
1.474     -0.243
1.123     -0.972
1.286     -1.377
1.372     -1.701
1.438     -2.106
1.556     -2.025
1.572     -3.159
1.858     -2.673
1.681     -4.617
2.2     -1.539
1.395     0.729
0.79     1.134
0.682     -1.053
1.218     -1.944
1.418     -0.729
1.089     -2.268
1.494     -1.863
1.413     -0.486
1.098     0.405
0.834     2.754
0.208     2.754
0.16     3.726
-0.078     3.564
-0.035     2.754
0.192     2.916
0.112     2.187
0.243     2.511
0.178     2.349
0.242     2.268
0.269     4.05
-0.191     4.131
-0.217     2.835
0.197     0.729
0.695     2.268
0.248     6.156
-0.81     3.969
-0.211     1.053
0.588     -2.106
1.414     -1.377
1.199     0.324
0.745     1.377
0.47     1.458
0.448     1.053
0.551     2.592
0.103     2.43
0.131     -0.729
0.947     -3.807
1.747     -3.078
1.573     -2.592
1.507     0.162
0.751     0.567
0.649     -0.081
0.864     1.782
0.341     2.106
0.223     -0.081
0.795     -1.296
1.103     -2.106
1.298     -0.729
0.91     0.729
0.505     1.701
0.252     4.293
-0.419     2.511
0.062     0.081
0.736     -1.62
1.137     -0.972
0.943     0.081
0.694     -2.511
1.375     -3.159
1.574     -2.754
1.487     -3.402
1.649     -2.025
1.271     -3.645
1.646     -4.86
1.948     -2.43
1.374     -0.324
0.802     -0.729
0.884     -0.972
0.949     -1.782
1.159     2.835
-0.061     3.078
-0.168     3.321
-0.275     1.134
0.355     -1.539
1.089     -0.729
0.821     -0.567
0.767     1.863
0.119     1.944
0.124     0.081
0.626     0.243
0.577     2.106
0.038     2.916
-0.215     2.592
-0.112     4.05
-0.438     1.62
0.199     -0.405
0.703     -2.754
1.34     -4.455
1.777     -0.648
0.752     2.835
-0.172     1.863
0.061     2.43
-0.059     4.212
-0.502     2.511
-0.038     0.405
0.418     -2.997
1.325     -4.05
1.638     -2.673
1.26     -1.944
1.113     -1.215
0.871     3.969
-0.522     4.86
-0.791     3.078
-0.347     2.511
-0.212     -0.081
0.506     0.567
0.343     -1.782
0.986     -0.081
0.585     4.941
-0.77     5.265
-0.894     3.888
-0.548     1.296
0.181     2.43
-0.122     4.212
-0.608     2.43
-0.127     1.053
0.23     2.673
-0.192     4.617
-0.705     3.807
-0.51     2.673
-0.224     1.701
0.025     3.483
-0.434     3.078
-0.353     -0.324
0.518     -0.405
0.518     0.243
0.356     3.564
-0.556     7.533
-1.609     6.885
-1.415     -0.162
0.485     -3.321
1.338     -3.321
1.338     -1.215
0.755     0.81
0.194     0
0.41     -1.62
0.879     -1.944
0.918     -0.405
0.492     -2.916
1.198     -3.402
1.323     -1.215
0.719     0.567
0.212     -0.405
0.46     -1.296
0.751     -1.701
0.848     -4.131
1.475     -5.265
1.783     -2.268
0.978     -1.377
0.72     -0.486
0.477     -1.134
0.65     -1.701
0.827     -4.293
1.524     -6.237
2.026     -4.536
1.536     -2.268
0.952     -3.564
1.313     -3.321
1.249     -1.539
0.789     -0.243
0.401     1.944
-0.245     2.43
-0.39     -0.324
0.386     -0.081
0.284     3.888
-0.821     2.349
-0.332     -2.268
0.947     -3.483
1.202     -2.511
0.917     -3.564
1.203     -4.293
1.392     -2.754
0.997     -4.05
1.327     -5.346
1.688     -2.754
1.008     -5.994
1.877     -7.128
2.179     -4.131
1.417     -1.863
0.749     -1.863
0.76     0.81
0.031     2.43
-0.443     2.511
-0.433     2.349
-0.379     1.863
-0.234     0.405
0.15     -0.081
0.3     -1.701
0.669     0.405
0.092     2.511
-0.48     2.835
-0.53     3.159
-0.611     -3.807
1.199     -6.156
1.826     -3.402
1.096     -2.025
0.761     -2.43
0.869     -0.891
0.4     -0.081
0.179     0.81
-0.037     0.081
0.199     1.458
-0.226     3.726
-0.815     2.349
-0.442     -2.187
0.757     -4.455
1.356     -7.614
2.167     -5.994
1.745     -3.159
1.032     -0.567
0.293     4.698
-1.132     0.486
-0.014     0
0.142     3.24
-0.722     1.539
-0.279     -0.243
0.17     -0.81
0.295     -0.567
0.261     -0.648
0.257     -0.81
0.3     -0.648
0.23     -1.053
0.349     -2.916
0.851     -4.05
1.164     -3.24
0.958     0.567
-0.057     0.243
0.024     1.701
-0.359     -0.729
0.241     -1.701
0.501     -2.754
0.802     -1.458
0.441     -0.405
0.123     -4.131
1.164     -4.86
1.38     -2.916
0.84     -2.268
0.668     -3.726
0.993     -3.402
0.933     -1.215
0.371     0.486
-0.109     -1.296
0.314     -1.944
0.529     -1.377
0.425     0.81
-0.164     0.729
-0.153     -1.053
0.323     -2.835
0.829     0
0.047     2.997
-0.789     2.916
-0.752     0.567
-0.109     -1.296
0.356     -2.997
0.82     -4.212
1.144     -2.349
0.642     -1.458
0.362     0.162
-0.065     1.944
-0.508     -0.405
0.129     -1.377
0.393     -1.377
0.409     -2.592
0.717     -3.645
1.014     -2.835
0.771     -0.243
0.049     2.106
-0.578     2.997
-0.831     5.184
-1.414     6.804
-1.862     3.24
-0.928     1.782
-0.518     2.592
-0.713     -1.539
0.357     -4.131
1.028     -2.106
0.482     -2.592
0.665     -2.592
0.643     -1.62
0.374     0.486
-0.177     1.053
-0.344     0.486
-0.225     2.592
-0.786     3.969
-1.175     2.835
-0.872     -0.324
-0.003     -1.539
0.342     -1.458
0.299     0.081
-0.138     0.648
-0.3     -1.701
0.343     -3.321
0.833     -2.268
0.547     -0.972
0.154     -3.564
0.839     -1.62
0.305     1.944
-0.608     0.972
-0.349     1.539
-0.542     1.215
-0.445     1.296
-0.425     0.405
-0.203     1.539
-0.511     -0.648
0.041     1.62
-0.58     6.237
-1.79     8.505
-2.405     8.748
-2.481     8.1
-2.271     3.969
-1.185     0.972
-0.402     0.891
-0.396     2.997
-0.952     2.754
-0.887     -0.81
0.063     -1.377
0.214     1.215
-0.461     0.324
-0.229     0.162
-0.186     3.645
-1.125     3.321
-1.044     -0.729
0.02     -1.701
0.279     0
-0.195     2.106
-0.762     2.592
-0.865     4.536
-1.394     5.427
-1.627     3.24
-1.022     2.673
-0.855     1.458
-0.563     0.243
-0.281     -2.43
0.458     -0.729
0.041     2.268
-0.774     4.779
-1.433     5.913
-1.719     4.293
-1.298     3.726
-1.141     6.399
-1.859     6.237
-1.827     4.698
-1.437     4.05
-1.265     4.536
-1.389     3.159
-1.017     1.782
-0.691     5.022
-1.603     4.617
-1.474     1.377
-0.631     -0.405
-0.166     -0.405
-0.156     0.648
-0.436     5.913
-1.798     7.533
-2.251     5.265
-1.647     5.508
-1.696     8.181
-2.408     7.371
-2.208     6.885
-2.073     7.776
-2.306     4.779
-1.549     2.106
-0.867     2.349
-0.906     2.511
-0.933     1.134
-0.571     0.324
-0.324     1.296
-0.578     3.159
-1.106     2.349
-0.916     3.078
-1.121     4.86
-1.586     2.916
-1.068     -0.243
-0.225     -1.539
0.126     0.648
-0.447     0.891
-0.517     -1.377
0.098     -1.863
0.228     1.539
-0.706     3.888
-1.353     0.81
-0.569     -1.944
0.165     -0.648
-0.154     0.081
-0.343     -1.134
0.028     -0.324
-0.188     -1.053
-0.009     1.296
-0.662     0.162
-0.402     -1.62
0.074     -2.025
0.203     -1.539
0.099     -2.187
0.241     -0.567
-0.16     1.863
-0.781     1.62
-0.685     -0.891
-0.094     -1.377
0.025     1.134
-0.587     5.994
-1.925     6.561
-2.14     3.726
-1.331     2.187
-0.952     2.349
-0.974     -0.162
-0.289     -1.62
0.095     0.891
-0.564     4.131
-1.476     3.24
-1.265     1.863
-0.845     2.997
-1.11     0.81
-0.59     0.486
-0.567     -0.81
-0.19     -1.539
0.031     0.324
-0.455     0.567
-0.557     -1.215
-0.077     -0.405
-0.266     3.321
-1.223     0.729
-0.553     -0.162
-0.357     0.729
-0.553     -2.835
0.403     -4.212
0.796     -6.075
1.309     -4.212
0.765     -3.078
0.441     -4.05
0.748     -5.346
1.115     -4.779
0.911     -2.997
0.383     -2.268
0.246     -0.567
-0.212     -0.567
-0.234     0.162
-0.396     -2.187
0.225     -4.536
0.846     -4.212
0.707     -4.536
0.777     -0.648
-0.207     2.106
-0.952     0.243
-0.476     -0.486
-0.281     -1.863
0.112     -3.969
0.705     -1.863
0.117     1.944
-0.945     1.539
-0.811     -2.592
0.28     -2.268
0.131     -1.62
0.005     -2.349
0.236     -4.212
0.702     -2.349
0.2     0.891
-0.675     0.324
-0.545     -1.62
-0.058     -2.835
0.25     -1.215
-0.119     -1.296
-0.092     -4.212
0.681     -6.399
1.264     -6.156
1.167     -2.997
0.299     -0.648
-0.296     2.349
-1.085     2.997
-1.289     0.567
-0.636     -1.62
-0.053     -1.863
0.075     1.053
-0.666     0.405
-0.535     -1.215
-0.087     -0.81
-0.216     2.268
-1.047     1.215
-0.756     -2.187
0.172     -3.402
0.501     -2.835
0.35     -1.296
-0.087     -1.215
-0.15     -1.296
-0.16     -1.944
0.023     0.567
-0.589     1.134
-0.761     -0.243
-0.404     -0.324
-0.409     -2.754
0.218     -3.726
0.472     -2.268
0.125     -0.729
-0.232     2.106
-0.999     4.05
-1.533     3.321
-1.36     0.324
-0.54     -1.134
-0.156     1.701
-0.923     -0.162
-0.389     -0.243
-0.394     -1.863
0.023     -1.458
-0.064     -2.511
0.201     -4.455
0.724     -3.24
0.421     -2.187
0.151     0.324
-0.519     0.567
-0.604     0.972
-0.739     0
-0.553     0.081
-0.538     0.891
-0.749     0
-0.511     -2.187
0.072     -2.349
0.136     2.106
-1.041     1.053
-0.739     -1.134
-0.224     -1.296
-0.155     -0.162
-0.42     0.648
-0.636     -1.296
-0.134     -3.645
0.466     -0.81
-0.3     2.268
-1.09     -0.162
-0.457     -0.729
-0.29     -0.081
-0.453     -0.405
-0.377     -2.025
0.034     -1.377
-0.144     -1.134
-0.172     -1.134
-0.172     -2.835
0.277     -2.754
0.26     -2.268
0.162     -0.81
-0.221     2.025
-0.993     0.567
-0.631     -1.296
-0.118     -1.944
0.018     -1.053
-0.204     -1.215
-0.134     2.025
-1.03     3.807
-1.521     1.782
-0.986     0.486
-0.635     -1.539
-0.095     -1.863
0.002     -1.215
-0.145     0.486
-0.609     0.486
-0.641     -0.81
-0.316     0.81
-0.748     0.729
-0.721     -1.944
-0.014     1.377
-0.899     3.078
-1.337     0.081
-0.548     -1.701
-0.073     -1.62
-0.1     -0.729
-0.322     -1.134
-0.203     -1.944
0.034     0.162
-0.56     1.053
-0.823     0.162
-0.544     0.324
-0.592     0.081
-0.533     -1.377
-0.133     -4.293
0.602     -3.078
0.262     0
-0.527     1.458
-0.91     3.159
-1.39     1.134
-0.861     2.511
-1.249     1.782
-1.002     -2.106
0.082     -2.997
0.251     -1.701
-0.1     0.405
-0.593     0.972
-0.723     1.215
-0.803     1.377
-0.878     3.24
-1.386     3.402
-1.397     -0.405
-0.398     1.215
-0.851     3.078
-1.358     1.944
-1.061     -1.863
-0.009     -1.134
-0.161     -0.81
-0.311     -1.215
-0.208     0.324
-0.634     1.62
-1.006     1.782
-1.013     -0.243
-0.462     0.81
-0.743     0.081
-0.538     0.729
-0.748     -0.081
-0.526     -2.754
0.165     -1.539
-0.138     0.486
-0.693     5.427
-1.969     5.589
-2.007     3.888
-1.564     3.969
-1.596     4.698
-1.785     2.43
-1.164     -3.483
0.439     -5.751
0.996     -2.025
0.003     5.103
-1.888     6.561
-2.303     4.941
-1.871     2.025
-1.067     1.296
-0.872     0.081
-0.548     -0.243
-0.452     -1.377
-0.181     0.81
-0.748     2.349
-1.148     1.296
-0.862     2.268
-1.132     1.62
-0.975     1.377
-0.889     1.701
-0.996     -1.134
-0.282     0.324
-0.682     1.944
-1.061     0.162
-0.57     1.458
-0.905     5.751
-2.055     2.673
-1.229     2.187
-1.115     2.997
-1.316     0.081
-0.554     -0.972
-0.273     0.162
-0.523     1.782
-0.97     1.62
-0.959     0.324
-0.603     1.377
-0.857     1.782
-0.934     2.025
-1.03     4.86
-1.807     3.078
-1.316     2.592
-1.197     3.159
-1.353     1.134
-0.813     1.782
-0.976     3.402
-1.45     1.215
-0.872     1.782
-1.002     1.458
-0.921     0.729
-0.774     2.025
-1.114     0.81
-0.759     -2.511
0.143     -1.539
-0.111     -1.215
-0.203     -0.729
-0.332     2.592
-1.192     4.536
-1.731     8.019
-2.681     8.91
-2.903     7.938
-2.628     5.751
-2.039     4.941
-1.813     4.374
-1.651     2.106
-1.041     5.022
-1.761     4.05
-1.544     4.536
-1.752     5.589
-2.07     5.346
-1.989     2.268
-1.174     1.782
-0.997     4.374
-1.651     4.617
-1.679     5.265
-1.905     5.994
-2.152     3.483
-1.45     5.67
-1.991     6.318
-2.18     2.754
-1.261     -0.81
-0.306     0.486
-0.625     0.324
-0.561     0.729
-0.637     1.377
-0.815     3.402
-1.345     4.698
-1.722     3.969
-1.506     0.648
-0.663     -1.377
-0.123     -1.944
0.097     -1.539
0.005     2.349
-1.08     2.187
-1.078     -0.081
-0.437     1.701
-0.917     2.106
-1.036     1.377
-0.789     2.349
-1.037     4.212
-1.566     4.698
-1.759     4.374
-1.667     4.536
-1.673     0.729
-0.616     0.891
-0.664     1.134
-0.766     3.888
-1.495     5.832
-2.008     4.536
-1.642     4.941
-1.755     5.751
-2.034     2.916
-1.252     2.349
-1.006     0.567
-0.568     2.997
-1.268     2.187
-1.042     3.24
-1.301     4.617
-1.684     5.103
-1.793     4.779
-1.707     2.268
-1.037     1.863
-0.939     5.103
-1.798     4.617
-1.663     3.564
-1.377     0.081
-0.438     -1.296
-0.071     -2.754
0.287     0.081
-0.475     2.511
-1.117     2.025
-0.972     0
-0.406     -1.377
-0.06     -2.025
0.108     -1.701
0.043     -0.405
-0.261     2.997
-1.173     3.078
-1.216     4.617
-1.6     1.944
-0.887     1.134
-0.671     2.349
-1.043     3.24
-1.249     2.916
-1.162     1.377
-0.768     5.022
-1.729     5.913
-1.951     3.321
-1.281     4.536
-1.626     5.994
-1.967     5.427
-1.827     4.455
-1.599     5.427
-1.858     3.078
-1.221     1.62
-0.817     1.296
-0.688     2.754
-1.098     5.427
-1.816     4.617
-1.563     4.941
-1.681     6.399
-2.065     5.508
-1.869     3.807
-1.41     2.349
-0.995     2.268
-0.974     1.62
-0.801     2.997
-1.168     7.695
-2.405     8.424
-2.621     8.424
-2.636     10.53
-3.14     9.558
-2.912     7.209
-2.312     6.804
-2.194     5.832
-1.914     2.592
-1.013     4.536
-1.563     4.941
-1.681     3.726
-1.363     2.025
-0.883     2.511
-1.023     2.835
-1.072     2.106
-0.883     1.053
-0.602     5.994
-1.925     6.561
-2.082     5.184
-1.688     9.477
-2.854     9.72
-2.908     4.779
-1.585     4.779
-1.575     4.212
-1.445     3.078
-1.163     2.673
-1.071     2.592
-1.002     -0.243
-0.225     -3.402
0.58     -3.483
0.613     -1.296
0.056     0.81
-0.511     1.539
-0.685     4.374
-1.472     2.835
-1.009     0.972
-0.486     3.807
-1.289     3.888
-1.353     5.67
-1.77     2.835
-1.004     1.458
-0.637     0.162
-0.328     3.483
-1.219     5.427
-1.742     5.103
-1.64     3.645
-1.241     3.402
-1.134     4.131
-1.355     3.159
-1.138     2.187
-0.847     -0.243
-0.151     -2.673
0.486     -2.592
0.47     0.243
-0.271     2.997
-1.063     3.969
-1.311     1.701
-0.701     3.159
-1.117     4.131
-1.313     1.863
-0.703     -0.81
0.016     -0.891
0.1     1.62
-0.58     3.564
-1.14     3.402
-1.139     3.969
-1.327     5.265
-1.636     8.586
-2.464     6.156
-1.821     1.296
-0.536     4.617
-1.442     6.075
-1.794     5.589
-1.665     4.617
-1.395     4.779
-1.485     4.536
-1.378     7.695
-2.168     6.399
-1.849     5.265
-1.604     4.05
-1.291     1.782
-0.665     2.673
-0.882     7.533
-2.183     8.586
-2.501     6.966
-2.037     5.994
-1.757     3.726
-1.168     2.673
-0.834     1.782
-0.644     3.726
-1.147     6.237
-1.79     5.103
-1.503     2.592
-0.807     1.863
-0.608     0.729
-0.353     4.293
-1.287     4.455
-1.325     5.427
-1.595     7.533
-2.157     6.804
-1.931     1.539
-0.542     1.944
-0.64     4.131
-1.213     2.754
-0.84     0.891
-0.349     -1.863
0.391     -1.782
0.364     -1.782
0.37     -0.324
0.007     4.941
-1.455     8.667
-2.433     12.555
-3.417     11.421
-3.12     5.103
-1.503     1.782
-0.576     2.43
-0.685     1.701
-0.475     1.701
-0.496     2.106
-0.604     4.293
-1.161     6.804
-1.841     3.726
-1.078     2.187
-0.668     1.296
-0.346     1.377
-0.362     3.483
-0.924     2.511
-0.649     1.134
-0.255     1.215
-0.314     2.916
-0.82     4.455
-1.167     2.268
-0.621     -2.025
0.519     -3.159
0.795     -1.539
0.357     -0.405
0.123     0.243
-0.034     0.324
-0.05     1.134
-0.234     3.483
-0.892     5.751
-1.497     5.751
-1.518     4.131
-1.034     6.723
-1.719     5.022
-1.255     2.025
-0.498     0.648
-0.136     1.053
-0.255     1.539
-0.358     0.567
-0.088     -1.215
0.35     -2.754
0.766     -4.536
1.267     -4.05
1.148     0.729
-0.126     -0.486
0.213     0.405
-0.029     0.567
-0.041     -2.592
0.844     -3.402
1.096     -2.754
0.908     -1.134
0.465     -3.402
1.044     -4.941
1.412     -5.508
1.563     -5.589
1.606     -5.508
1.59     -5.427
1.6     -4.698
1.389     -1.62
0.542     -1.944
0.629     -4.698
1.395     -6.156
1.831     -3.807
1.157     -2.754
0.866     -3.483
1.086     -3.726
1.204     -4.05
1.306     -5.751
1.702     -2.997
0.973     0.081
0.178     -0.729
0.405     -2.916
0.962     -3.321
1.106     -1.701
0.69     0.405
0.129     0.729
0.058     1.782
-0.228     3.564
-0.719     3.483
-0.65     1.782
-0.197     -0.567
0.404     -1.134
0.586     -1.62
0.679     -3.24
1.137     -5.346
1.741     -3.321
1.201     0.162
0.299     1.134
-0.003     3.483
-0.666     1.62
-0.09     1.458
-0.105     0.405
0.102     -0.81
0.447     1.458
-0.126     0.729
0.095     -0.729
0.51     -1.62
0.805     0.243
0.272     1.539
-0.084     3.321
-0.56     5.022
-0.939     3.969
-0.638     3.888
-0.653     3.321
-0.496     0.405
0.271     1.782
-0.112     1.863
-0.155     0.648
0.201     -0.648
0.567     0.648
0.237     2.754
-0.335     -0.891
0.627     -1.539
0.8     -2.673
1.139     -3.564
1.424     -2.268
1.089     -3.078
1.273     -3.078
1.289     -0.162
0.554     -1.62
0.937     -4.131
1.538     -5.184
1.84     -4.293
1.592     -3.483
1.344     -3.483
1.365     -2.025
1.024     -1.62
0.969     0.486
0.428     -0.486
0.682     -2.349
1.121     -0.243
0.544     0.405
0.402     -2.43
1.169     -2.187
1.162     -1.539
1.016     -3.402
1.423     -2.43
1.148     0.891
0.325     0.729
0.39     -1.053
0.844     -3.564
1.487     -3.726
1.541     -2.754
1.303     2.43
-0.053     0.567
0.454     -0.405
0.708     -1.539
1.042     -3.078
1.473     0.324
0.566     0.891
0.389     -0.567
0.772     -2.106
1.204     -2.835
1.398     -5.994
2.209     -3.402
1.581     -1.701
1.132     -0.729
0.884     -2.025
1.256     -4.131
1.828     -6.885
2.578     -3.483
1.623     0
0.721     2.43
0.073     1.458
0.364     0.891
0.489     0.324
0.629     1.539
0.342     2.754
0.034     4.941
-0.565     3.807
-0.231     4.131
-0.312     5.508
-0.658     6.075
-0.846     6.399
-0.954     9.153
-1.672     8.667
-1.485     5.265
-0.562     2.997
0.069     2.43
0.189     3.645
-0.183     5.589
-0.664     4.374
-0.324     1.134
0.529     -0.243
0.896     2.511
0.167     4.374
-0.303     4.617
-0.347     3.564
-0.056     1.944
0.35     0.81
0.642     1.944
0.376     2.673
0.182     4.374
-0.256     2.916
0.085     3.807
-0.115     3.483
0.034     3.645
0.012     4.455
-0.188     4.536
-0.204     4.617
-0.231     4.131
-0.086     6.399
-0.706     9.558
-1.57     9.315
-1.479     12.069
-2.213     11.745
-2.106     7.371
-0.939     5.589
-0.443     6.075
-0.557     5.022
-0.276     3.402
0.193     3.078
0.337     3.564
0.16     4.374
-0.077     4.779
-0.164     5.751
-0.428     5.022
-0.244     6.399
-0.575     7.209
-0.791     11.016
-1.832     9.558
-1.422     4.455
-0.02     5.589
-0.311     5.103
-0.161     2.187
0.601     3.564
0.239     9.639
-1.37     8.505
-1.052     3.888
0.174     1.053
0.935     0.486
1.139     2.673
0.566     6.237
-0.4     7.776
-0.837     9.477
-1.259     9.396
-1.169     6.723
-0.498     8.829
-1.075     10.287
-1.406     9.396
-1.137     10.206
-1.343     9.882
-1.288     6.966
-0.51     5.67
-0.17     3.483
0.413     2.754
0.624     2.673
0.614     6.804
-0.456     6.48
-0.37     3.24
0.494     3.888
0.342     5.832
-0.113     2.349
0.811     -1.296
1.788     0.891
1.22     2.916
0.733     0.972
1.278     3.24
0.636     5.103
0.108     3.969
0.442     2.835
0.807     4.131
0.414     3.888
0.463     3.645
0.586     5.751
0.035     7.614
-0.472     6.642
-0.218     5.508
0.137     2.025
1.05     -0.486
1.682     1.62
1.131     4.86
0.304     3.078
0.785     2.916
0.828     0.972
1.33     -0.486
1.74     2.592
0.962     4.05
0.599     1.701
1.247     0.972
1.446     1.782
1.283     3.078
0.869     6.399
-0.08     5.508
0.179     5.994
0.128     3.726
0.733     3.078
0.895     6.075
0.143     3.726
0.786     3.726
0.796     6.723
-0.024     7.047
-0.137     9.558
-0.749     9.396
-0.663     5.427
0.343     5.994
0.165     7.29
-0.16     9.963
-0.851     13.284
-1.716     11.988
-1.344     9.558
-0.701     6.318
0.158     6.075
0.27     6.642
0.161     10.287
-0.801     15.228
-2.134     13.932
-1.825     9.882
-0.698     8.586
-0.3     10.935
-0.958     12.474
-1.395     13.932
-1.746     12.15
-1.245     7.857
-0.121     7.938
-0.122     10.53
-0.797     10.935
-0.837     9.153
-0.346     8.424
-0.125     9.396
-0.379     11.502
-0.935     12.231
-1.145     11.097
-0.838     11.097
-0.796     11.178
-0.828     8.991
-0.229     8.829
-0.112     10.692
-0.63     11.988
-0.975     10.773
-0.693     9.477
-0.306     7.938
0.115     9.963
-0.393     12.555
-1.053     15.39
-1.804     11.583
-0.778     10.368
-0.454     10.692
-0.514     12.636
-1.032     13.203
-1.141     9.963
-0.277     10.692
-0.445     12.474
-0.926     11.097
-0.548     6.642
0.624     6.48
0.662     13.446
-1.217     15.39
-1.735     15.309
-1.619     14.013
-1.284     11.178
-0.543     11.34
-0.566     10.125
-0.194     8.667
0.2     7.938
0.368     9.396
0.026     12.231
-0.672     13.608
-1.018     11.421
-0.456     11.178
-0.386     11.664
-0.489     11.745
-0.5     9.801
0.003     9.153
0.207     7.047
0.827     6.885
0.907     9.477
0.168     11.34
-0.308     13.041
-0.766     13.527
-0.912     10.125
0.032     11.097
-0.169     12.717
-0.601     17.496
-1.897     18.792
-2.221     16.119
-1.471     12.312
-0.451     10.773
-0.009     9.882
0.213     11.097
-0.132     13.365
-0.69     13.77
-0.756     11.016
-0.005     10.773
0.038     12.474
-0.394     17.01
-1.62     20.25
-2.478     15.795
-1.285     13.365
-0.558     13.203
-0.525     11.178
0.041     6.723
1.25     9.234
0.628     12.069
-0.155     13.041
-0.403     12.15
-0.134     13.284
-0.384     13.689
-0.508     13.284
-0.384     12.798
-0.249     10.692
0.323     11.016
0.232     9.882
0.513     8.91
0.772     8.019
1.083     9.558
0.678     10.287
0.484     9.234
0.791     8.991
0.882     11.421
0.26     11.34
0.266     14.337
-0.522     16.848
-1.124     15.309
-0.718     15.147
-0.707     13.77
-0.329     11.097
0.442     11.178
0.462     9.801
0.814     8.667
1.084     9.234
1.002     11.016
0.569     9.963
0.87     7.452
1.545     7.857
1.432     12.636
0.205     13.041
0.113     9.234
1.112     11.907
0.436     9.882
1.024     7.614
1.655     10.044
0.986     9.558
1.142     10.206
0.99     10.854
0.854     11.016
0.848     9.558
1.231     10.368
1.031     11.34
0.756     11.502
0.697     12.312
0.502     13.203
0.296     13.689
0.145     12.636
0.442     12.069
0.677     15.39
-0.156     14.904
-0.047     14.499
0.077     12.312
0.66     10.449
1.209     13.284
0.474     14.823
0.038     14.013
0.243     13.932
0.338     13.122
0.539     13.608
0.441     13.446
0.521     12.15
0.898     11.826
0.958     10.287
1.421     10.125
1.522     7.857
2.174     9.153
1.823     11.664
1.17     10.692
1.408     10.368
1.51     9.639
1.725     5.751
2.783     4.293
3.204     7.047
2.475     9.477
1.842     10.935
1.501     12.636
1.111     12.96
1.035     12.312
1.171     14.175
0.658     15.876
0.21     19.035
-0.591     16.605
0.094     13.284
1.006     12.636
1.258     9.963
1.987     11.664
1.48     12.231
1.319     16.119
0.345     16.929
0.166     13.77
1.003     10.449
1.899     10.125
2.028     12.312
1.497     10.611
1.961     10.206
2.106     10.773
1.986     12.717
1.521     14.013
1.149     14.985
0.9     14.418
1.046     12.231
1.65     11.664
1.828     10.611
2.135     8.667
2.706     7.695
2.97     9.963
2.381     11.907
1.837     11.259
2.067     13.77
1.477     13.284
1.612     13.041
1.65     13.365
1.553     11.502
2.124     12.069
2.009     12.555
1.89     13.77
1.566     12.96
1.824     14.256
1.516     15.066
1.263     14.175
1.511     14.58
1.471     15.714
1.169     11.907
2.195     10.692
2.598     10.287
2.722     11.016
2.543     9.396
2.985     11.178
2.542     12.312
2.276     10.611
2.772     11.907
2.411     14.418
1.773     13.365
2.111     14.904
1.743     16.686
1.273     14.499
1.867     15.39
1.64     17.01
1.297     16.929
1.324     14.823
1.865     14.337
2.021     13.122
2.466     13.932
2.281     12.798
2.494     15.228
1.888     18.468
1.082     19.764
0.752     16.686
1.594     16.524
1.643     16.443
1.696     15.066
2.058     16.2
1.745     16.605
1.705     13.689
2.562     11.988
3.052     12.96
2.772     14.418
2.373     16.443
1.901     20.412
0.88     18.306
1.478     16.605
1.953     17.415
1.768     16.443
2.049     14.742
2.497     14.013
2.723     18.144
1.69     18.792
1.554     18.387
1.657     19.926
1.278     18.549
1.703     21.627
0.882     25.434
-0.112     24.867
0.076     21.384
1.094     20.169
1.413     20.412
1.38     23.733
0.584     23.085
0.793     21.627
1.151     20.493
1.5     19.278
1.903     21.141
1.422     21.627
1.251     21.384
1.337     19.845
1.873     17.577
2.473     17.739
2.409     18.306
2.305     17.982
2.449     19.764
2.016     15.633
3.165     16.281
3.008     17.091
2.829     20.574
1.937     21.708
1.666     20.898
1.893     21.141
1.859     18.387
2.636     17.091
3.05     15.633
3.465     14.013
3.913     17.01
3.119     18.063
2.838     18.549
2.703     18.225
2.863     18.954
2.801     17.658
3.157     19.926
2.526     21.87
2.086     20.979
2.398     20.493
2.564     19.035
2.937     19.521
2.86     23.652
1.806     23.49
1.86     24.462
1.59     24.219
1.718     22.842
2.185     25.11
1.617     26.811
1.137     25.677
1.424     27.135
1.13     26.406
1.419     26.082
1.532     26.244
1.499     23.49
2.275     22.032
2.733     23.166
2.483     23.976
2.241     24.867
2.029     23.652
2.464     24.867
2.193     26.811
1.632     27.216
1.55     26.892
1.689     29.484
1.067     26.649
1.802     24.057
2.551     26.082
2.121     27.621
1.7     27.459
1.723     28.917
1.376     30.051
1.158     27.297
1.934     24.867
2.63     22.599
3.334     24.381
2.917     26.973
2.252     26.082
2.469     25.191
2.749     21.627
3.809     22.923
3.495     29.322
1.81     30.213
1.615     28.026
2.24     27.297
2.461     23.328
3.535     19.764
4.559     24.138
3.472     26.892
2.727     24.867
3.309     24.543
3.506     24.705
3.552     24.543
3.611     23.976
3.704     29.727
2.244     30.132
2.279     30.213
2.236     29.97
2.306     31.428
1.991     32.805
1.692     30.456
2.334     29.808
2.533     28.674
2.873     28.836
2.93     28.107
3.156     28.188
3.144     29.565
2.877     29.727
2.955     32.886
2.081     35.559
1.395     36.693
1.156     35.235
1.629     34.02
2.005     28.998
3.339     30.051
3.085     34.587
2.033     36.693
1.587     36.045
1.744     31.752
2.873     30.132
3.432     29.16
3.759     29.889
3.575     33.615
2.734     35.397
2.322     32.886
2.982     30.78
3.585     30.537
3.755     32.724
3.272     34.344
2.872     36.207
2.375     37.665
2.113     37.422
2.272     34.425
3.071     33.534
3.319     37.098
2.474     36.045
2.829     37.017
2.575     35.154
3.114     35.235
3.192     35.964
3.108     38.151
2.588     38.718
2.458     39.447
2.406     40.581
2.209     41.553
1.944     40.662
2.15     38.637
2.796     39.042
2.809     42.201
1.993     44.469
1.441     43.011
1.908     40.581
2.725     42.363
2.297     42.849
2.131     42.444
2.307     45.522
1.634     46.413
1.449     47.061
1.308     48.843
0.874     48.195
1.195     47.79
1.382     46.98
1.624     47.142
1.66     46.818
1.946     46.332
2.144     47.466
1.794     47.061
1.913     49.491
1.423     50.949
1.092     50.139
1.371     45.927
2.547     45.522
2.797     48.276
2.168     50.382
1.633     51.192
1.491     51.84
1.476     52.407
1.367     53.055
1.21     55.242
0.669     54.351
1.106     53.946
1.383     55.161
1.011     55.323
0.947     58.239
0.375     56.943
0.873     53.46
1.839     53.379
1.881     57.996
0.813     60.426
0.297     61.398
0.064     62.532
-0.175     62.127
0.122     61.317
0.428     61.479
0.416     61.155
0.55     64.233
-0.107     65.448
-0.284     63.504
0.298     61.803
0.772     64.071
0.299     64.233
0.435     60.993
1.325     59.292
1.774     60.021
1.774     62.127
1.407     62.451
1.373     64.719
0.779     67.068
0.274     64.152
1.236     65.124
1.034     62.937
1.654     61.155
2.245     63.747
1.812     63.261
2.005     62.289
2.254     62.127
2.46     60.75
3.085     63.099
2.548     65.934
1.792     67.392
1.477     68.445
1.397     67.068
1.869     63.666
2.782     63.018
3.107     62.937
3.392     63.504
3.335     65.205
2.94     68.04
2.252     65.691
3.152     66.42
3.09     65.286
3.387     64.314
3.73     65.043
3.799     69.093
2.793     71.523
2.192     70.713
2.561     69.741
3.115     71.523
2.771     72.009
2.658     70.47
3.184     70.065
3.755     71.928
3.258     71.685
3.418     71.847
3.685     70.794
4.166     72.657
3.664     74.52
3.209     74.115
3.623     74.277
3.753     73.467
4.011     70.794
4.787     72.09
4.789     76.059
3.989     79.542
3.065     74.439
4.489     67.878
6.502     70.794
6.009     74.844
4.992     78.894
3.933     79.623
4.039     77.922
4.835     76.626
5.264     76.707
5.306     79.056
4.927     83.025
4.132     84.321
3.892     83.268
4.209     86.427
3.625     86.913
3.88     87.48
3.818     88.209
3.66     90.72
3.222     89.1
4.07     86.103
4.98     84.24
5.488     85.941
5.266     89.343
4.795     91.935
4.225     90.963
4.448     91.611
4.543     94.122
4.353     94.041
4.522     92.583
4.863     95.823
4.199     97.524
4.272     97.767
4.392     98.82
4.164     99.144
4.319     100.44
4.474     104.652
3.567     107.163
2.892     105.381
3.572     106.758
3.721     107.892
3.656     107.487
3.816     107.325
3.986     111.537
3.4     115.83
2.497     117.936
1.956     119.475
1.693     117.612
2.743     116.154
3.469     117.126
3.241     116.154
3.669     117.936
3.768     119.07
3.823     118.098
4.103     117.936
4.236     122.553
3.579     124.821
3.437     125.388
3.344     127.413
2.846     131.868
2.237     131.949
2.658     131.706
2.781     131.22
3.031     136.08
2.33     137.295
2.491     137.376
2.527     138.996
2.169     144.018
1.393     142.479
2.393     139.563
3.276     141.831
2.682     144.423
2.533     144.504
3.196     142.884
3.722     145.719
2.993     150.255
2.294     152.847
2.313     153.657
2.282     151.794
2.757     153.333
2.81     152.685
3.789     157.545
2.682     162.486
1.338     165.402
1.013     167.103
1.397     164.511
2.262     165.645
1.981     168.561
1.619     169.776
2.148     167.994
2.881     168.48
2.709     171.639
2.246     171.639
3.157     168.237
4.385     168.48
4.32     171.558
3.821     176.499
3.461     178.038
3.341     178.605
3.21     179.415
3.284     180.387
3.978     181.602
4.017     182.736
3.683     185.733
3.152     189.297
3.223     187.839
4.028     188.649
4.012     193.347
3.791     196.587
3.443     196.992
3.309     193.59
4.4     196.182
4.683     197.721
4.842     195.291
5.432     195.858
5.402     203.553
4.355     207.279
3.983     206.388
4.168     205.092
4.65     206.55
5.209     209.142
5.234     211.167
4.689     214.326
3.888     219.753
3.342     224.694
2.803     221.616
3.635     220.968
3.802     222.669
4.138     228.663
3.435     228.987
3.427     229.23
3.31     230.85
3.599     238.14
2.55     240.246
2.02     238.383
2.454     239.112
2.881     240.975
3.295     242.838
2.888     242.514
2.769     245.025
2.657     251.586
1.829     259.605
-0.415     261.63
-1.213     260.82
-0.602     266.004
-1.195     268.11
-1.883     263.979
-1.155     265.113
-1.252     270.783
-1.964     275.319
-3.315     274.185
-3.36     274.185
-3.081     279.693
-3.545     283.338
-4.353     283.176
-4.573     280.098
-3.463     285.12
-3.654     289.008
-4.481     291.195
-5.295     290.79
-4.977     293.301
-4.451     294.435
-4.39     298.08
-5.552     299.376
-5.698     300.105
-4.681     302.292
-4.869     300.996
-4.74     301.401
-4.705     309.663
-5.824     312.741
-6.224     312.255
-6.247     311.202
-5.95     313.713
-5.514     315.981
-5.471     318.978
-6.471     320.193
-6.889     322.785
-6.533     325.701
-6.657     325.863
-6.885     324.729
-6.693     329.508
-7.004     336.312
-8.018     339.066
-8.863     335.178
-7.911     334.935
-6.914     340.524
-7.557     343.116
-8.411     345.384
-9.211     349.758
-9.487     352.593
-9.343     354.213
-9.885     352.188
-9.509     354.537
-9.372     363.447
-10.737     365.472
-11.382     363.042
-10.924     370.17
-12.14     372.843
-11.71     374.22
-12.13     377.379
-13.199     384.912
-14.613     386.532
-13.881     382.32
-12.774     381.348
-12.741     385.56
-13.311     387.909
-12.695     388.719
-12.906     394.227
-14.57     397.548
-15.013     396.9
-13.577     395.442
-12.977     397.629
-13.787     406.296
-15.787     407.916
-14.982     407.025
-14.513     413.424
-16.467     420.066
-17.975     422.982
-17.457     421.686
-16.79     418.77
-16.271     420.066
-16.406     425.007
-16.391     428.652
-17.016     431.649
-18.078     438.048
-18.395     440.154
-18.493     439.506
-18.557     441.045
-18.862     445.5
-18.771     448.092
-18.898     446.634
-18.715     445.014
-18.315     449.874
-18.41     454.815
-19.049     454.653
-19.248     454.977
-19.387     457.65
-18.957     461.943
-19.286     463.158
-19.799     463.158
-19.894     466.398
-19.7     473.364
-20.668     477.09
-21.835     477.009
-21.934     479.439
-21.593     486.891
-22.627     490.941
-23.854     490.941
-24.06     490.698
-23.068     492.642
-22.523     494.343
-23.061     497.907
-24.159     500.418
-24.049     502.767
-23.564     501.876
-23.411     499.851
-23.045     502.767
-23.075     508.761
-23.462     510.381
-23.894     515.403
-25.455     520.02
-26.091     524.07
-25.86     526.824
-26.557     530.631
-27.82     534.843
-28.417     543.672
-29.423     541.728
-28.768     537.435
-27.834     540.999
-28.316     547.317
-28.668     546.588
-28.311     546.183
-28.466     546.588
-28.206     554.364
-28.915     561.897
-30.666     561.006
-30.724     559.872
-30.174     568.134
-30.918     568.377
-30.625     571.131
-31.649     570.807
-31.389     573.561
-30.749     572.589
-30.032     572.022
-30.16     579.15
-31.924     586.926
-32.618     587.574
-32.206     588.87
-32.831     590.166
-33.108     594.945
-33.029     601.668
-34.164     599.967
-33.942     600.048
-33.969     604.098
-33.838     606.528
-33.696     609.849
-34.777     612.603
-35.559     613.494
-34.564     614.709
-33.983     618.84
-35.284     617.706
-35.145     625.32
-36.075     627.588
-35.653     624.672
-35.097     622.404
-34.645     626.454
-34.677     635.202
-35.893     635.85
-36.198     632.772
-35.53     633.582
-34.872     640.386
-35.507     643.302
-36.353     643.545
-36.591     647.595
-36.85     656.505
-37.941     658.287
-38.485     660.231
-39.277     660.636
-38.68     666.468
-38.877     669.708
-39.751     673.839
-40.995     674.649
-40.574     678.132
-40.223     676.107
-39.625     676.998
-40.089     680.724
-40.504     690.363
-41.6     690.606
-41.428     689.391
-41.404     691.983
-41.737     701.055
-42.629     702.756
-42.767     702.837
-43.026     706.158
-43.595     711.504
-43.584     707.292
-42.097     707.778
-42.422     716.283
-44.484     722.925
-44.797     724.869
-44.831     725.679
-45.284     731.268
-46.68     735.156
-45.689     733.86
-45.686     731.511
-44.996     737.019
-45.059     741.15
-45.529     737.1
-44.707     737.505
-44.768     748.683
-46.406     755.082
-47.344     760.185
-48.92     760.266
-48.947     759.699
-47.517     764.802
-48.009     772.092
-50.137     773.469
-50.589     775.494
-49.965     780.03
-50.116     782.136
-50.883     781.083
-50.702     784.323
-50.424     792.18
-51.398     792.18
-51.545     792.909
-51.961     795.744
-51.769     801.171
-51.931     801.333
-52.112     800.523
-52.059     803.601
-51.974     810.324
-52.498     810
-52.485     812.187
-53.253     817.533
-53.868     827.496
-55.15     829.278
-55.636     826.443
-55.122     829.602
-55.285     833.409
-54.821     833.409
-54.742     832.599
-54.795     833.976
-54.604     841.185
-55.036     842.562
-55.214     841.914
-55.294     848.151
-56.488     856.818
-57.236     858.681
-57.485     858.114
-57.634     853.659
-56.072     858.843
-55.891     862.083
-56.397     862.812
-56.855     866.295
-57.504     877.635
-58.959     882.414
-59.791     883.953
-60.434     887.841
-61.286     890.352
-60.471     891.648
-60.253     892.62
-60.712     894.807
-61.217     901.611
-61.594     903.231
-61.325     904.365
-61.886     907.443
-62.696     913.437
-62.868     913.761
-62.122     914.085
-62.456     915.543
-62.876     920.16
-62.802     924.858
-63.118     923.157
-62.806     924.21
-63.15     929.313
-63.268     932.877
-63.182     931.905
-63.122     933.687
-63.719     940.491
-64.37     945.999
-64.675     947.457
-65.232     947.781
-65.508     953.937
-66.118     959.607
-66.271     960.903
-66.68     962.118
-67.236     964.467
-66.978     967.221
-66.333     970.056
-67.125     970.623
-67.456     975.159
-67.86     980.424
-67.795     980.343
-67.726     983.502
-68.853     989.82
-69.837     991.44
-68.721     988.524
-67.791     984.717
-67.002     988.524
-67.454     1002.132
-69.561     1011.69
-71.941     1007.64
-71.098     1007.316
-70.517     1015.011
-70.942     1018.575
-71.635     1018.899
-71.953     1023.192
-72.734     1026.27
-71.96     1025.136
-71.289     1023.516
-71.088     1027.809
-71.996     1037.286
-72.986     1037.205
-72.475     1037.367
-72.755     1037.934
-72.727     1043.523
-72.612     1046.358
-72.752     1047.897
-73.41     1050.489
-74.048     1053.243
-73.287     1057.374
-73.694     1058.751
-74.187     1056.159
-72.027     1061.343
-72.625     1064.745
-73.727     1065.636
-73.944     1068.228
-73.287     1074.303
-73.954     1081.836
-76.095     1082.322
-76.256     1081.836
-74.826     1088.235
-75.469     1091.394
-76.485     1095.849
-77.815     1104.435
-78.873     1110.105
-79.184     1108.323
-78.819     1109.457
-79.201     1117.638
-80.335     1122.174
-80.254     1121.364
-80.112     1122.498
-80.672     1131.003
-81.998     1133.271
-81.229     1127.763
-79.718     1127.439
-79.768     1134.324
-80.783     1145.988
-82.493     1145.34
-82.246     1141.371
-81.393     1144.692
-81.547     1152.468
-82.057     1159.353
-83.793     1160.325
-84.236     1163.322
-84.393     1168.425
-84.174     1169.64
-84.272     1172.799
-85.33     1175.715
-85.676     1178.307
-84.772     1177.578
-84.293     1177.335
-84.455     1179.522
-84.633     1186.326
-84.868     1190.133
-85.525     1191.672
-86.141     1192.806
-86.085     1200.582
-86.553     1204.956
-87.224     1203.498
-87.057     1204.389
-87.252     1211.679
-87.711     1210.302
-86.597     1209.249
-86.458     1213.785
-87.589     1223.181
-88.646     1229.013
-89.375     1234.683
-91.108     1233.711
-90.796     1237.518
-90.369     1239.138
-89.879     1235.736
-89.156     1237.518
-89.705     1245.375
-90.595     1252.827
-91.497     1253.799
-91.894     1257.525
-92.982     1267.974
-94.557     1272.186
-94.417     1270.728
-94.128     1269.837
-94.033     1273.563
-93.979     1275.669
-93.234     1276.398
-93.492     1278.99
-94.315     1281.582
-94.027     1281.744
-92.733     1278.909
-91.961     1277.937
-91.886     1287.657
-93.651     1296
-94.412     1296.648
-94.506     1298.268
-95.149     1302.804
-95.59     1307.016
-95.197     1305.234
-94.627     1304.343
-94.579     1311.228
-95.783     1319.733
-96.413     1314.63
-94.858     1314.387
-94.967     1322.406
-96.542     1332.45
-97.599     1335.042
-98.011     1336.662
-98.648     1342.575
-99.883     1345.734
-99.051     1342.818
-97.931     1342.089
-97.937     1342.17
-97.6     1350.432
-98.119     1356.669
-99.197     1357.641
-99.662     1359.666
-100.055     1361.853
-99.037     1364.769
-99.183     1366.956
-99.961     1370.763
-100.845     1378.296
-101.279     1380.807
-101.227     1380.969
-101.481     1384.695
-102.354     1388.34
-101.862     1388.502
-101.063     1386.153
-100.637     1388.988
-101.35     1398.546
-102.409     1399.842
-101.765     1396.845
-101.171     1397.007
-99.856     1406.889
-101.417     1415.475
-103.865     1415.718
-104.008     1412.64
-102.008     1419.12
-102.562     1425.924
-104.45     1423.818
-103.968     1422.846
-102.603     1431.108
-103.511     1436.94
-105.161     1440.342
-106.189     1442.61
-105.762     1447.308
-105.614     1452.168
-106.837     1456.623
-108.135     1458.81
-107.813     1464.804
-107.932     1467.396
-108.57     1467.558
-108.813     1467.963
-108.19     1472.094
-107.712     1480.518
-109.821     1482.381
-110.534     1481.004
-109.53     1481.49
-108.085     1484.487
-108.705     1483.596
-108.678     1484.892
-108.518     1492.83
-109.008     1500.282
-110.68     1501.254
-111.144     1497.204
-109.653     1500.768
-108.972     1507.734
-110.455     1503.684
-109.565     1508.544
-110.482     1516.725
-110.989     1520.532
-111.52     1521.828
-112.06     1527.093
-113.196     1536.732
-114.139     1539.324
-114.225     1534.14
-113.001     1537.137
-113.589     1546.128
-114.455     1543.941
-113.198     1543.86
-113.345     1547.343
-114.163     1552.77
-114.052     1555.686
-114.003     1554.066
-113.744     1558.764
-114.966     1569.051
-116.235     1573.263
