Distance_nm     Force_uN
0     -4.941
-0.135     -4.455
-0.918     1.701
0.156     4.05
-0.4     7.614
-0.441     10.692
1.884     10.125
2.327     10.935
3.96     13.122
3.799     13.608
4.195     14.175
7.239     11.664
7.682     9.963
7.622     18.144
7.948     19.926
8.738     18.225
9.358     22.356
10.013     22.842
9.752     24.867
10.764     27.135
10.366     32.238
10.982     30.699
11.952     32.886
12.744     34.101
13.166     33.291
14.966     36.45
14.787     37.26
14.745     37.989
17.057     39.447
16.558     41.634
16.82     45.846
17.641     48.195
17.347     49.653
18.247     50.625
18.651     54.675
19.205     53.703
19.94     54.918
21.875     54.513
22.156     53.298
23.919     56.7
23.841     58.077
23.762     58.077
24.38     65.61
24.329     67.068
24.103     70.956
25.093     73.953
24.725     76.302
25.869     74.52
27.626     77.112
27.736     76.464
28.682     75.087
30.138     78.651
29.944     79.299
31.635     81.486
32.091     82.539
32.045     83.997
32.449     88.857
31.943     93.717
32.671     91.935
33.107     96.795
32.207     103.923
33.767     98.982
34.172     107.649
33.524     110.079
36.444     105.624
37.338     106.677
37.255     107.973
37.677     111.78
39.053     111.618
39.044     112.104
39.117     116.964
39.435     121.419
40.248     118.665
41.272     125.388
40.562     128.466
41.163     130.653
42.693     130.977
43.353     129.195
43.477     132.597
43.628     138.429
45.039     133.731
45.345     135.999
45.775     142.641
45.905     142.074
46.348     149.769
46.574     150.66
46.931     149.283
48.393     153.414
48.806     153.819
47.89     156.978
48.534     166.212
48.724     165.402
51.471     164.025
51.534     166.374
52.098     165.564
53.125     168.561
52.262     174.798
51.588     178.848
51.986     183.951
52.245     186.138
53.349     183.222
53.807     188.001
53.662     192.375
54.142     191.322
55.738     196.02
54.82     199.503
55.03     205.092
55.755     206.874
56.687     204.525
57.331     207.36
57.781     211.005
58.267     209.952
58.843     212.787
59.668     215.46
59.758     215.379
61.736     218.781
62.746     215.784
63.195     218.7
63.228     224.775
63.401     224.856
64.634     223.884
65.113     228.744
64.833     231.255
65.648     231.336
66.489     236.277
66.21     237.168
69.241     235.791
70.735     231.984
70.531     232.632
71.415     239.031
73.241     234.333
72.975     237.168
74.039     240.327
75.301     238.14
75.748     238.221
76.62     244.782
76.291     245.997
76.988     251.262
77.52     252.801
77.505     252.72
77.883     259.2
78.131     262.278
77.724     264.789
78.596     267.543
79.681     268.272
80.315     266.328
81.233     273.942
80.838     275.481
80.189     278.154
82.561     280.098
82.476     280.908
82.024     287.955
83.718     287.388
84.014     287.145
83.599     293.301
84.979     294.921
84.178     298.08
85.797     302.535
86.417     301.077
89.137     295.002
89.469     300.51
89.242     302.292
89.724     304.155
90.498     308.124
90.268     310.149
90.426     312.579
91.64     316.872
91.312     317.925
91.204     327.807
92.226     326.106
92.264     328.293
92.492     334.449
93.521     333.234
95.048     336.393
95.142     338.823
95.87     337.851
96.87     341.01
96.054     347.409
96.683     346.275
97.944     352.188
97.674     353.16
98.048     352.35
99.922     356.319
99.402     358.506
101.841     355.995
101.443     361.908
100.118     368.064
102.271     365.715
102.173     371.628
101.15     375.84
102.335     376.569
102.536     381.996
102.859     380.943
102.243     394.308
102.913     392.526
103.979     392.931
105.275     394.47
105.921     393.093
106.165     396.009
106.789     400.302
108.379     395.604
108.571     398.358
107.684     409.779
108.091     408.726
109.217     414.477
109.552     414.72
111.139     411.237
111.167     420.471
111.118     420.714
112.2     418.77
113.147     425.088
112.992     425.493
114.767     427.68
114.495     431.487
113.79     435.375
114.951     438.129
116.741     434.889
117.358     433.998
118.114     441.369
117.681     443.151
116.274     455.949
118.093     453.276
119.443     448.173
118.114     460.323
119.113     461.376
120.664     456.111
120.064     464.049
120.653     467.289
121.089     465.912
121.873     473.769
122.349     472.635
122.615     477.009
123.573     479.439
122.691     483.732
122.407     489.24
123.035     493.857
123.077     493.776
125.383     495.477
126.266     493.209
125.941     494.586
126.287     503.577
127.179     501.633
125.747     510.3
126.31     515.16
128.13     509.814
127.361     515.403
129.107     517.995
129.733     515.808
129.46     525.933
129.928     526.743
131.138     523.746
131.18     530.874
130.305     536.625
130.175     538.65
134.15     534.033
133.423     538.002
133.441     544.806
133.859     546.831
135.213     542.781
135.718     551.448
135.265     553.149
136.405     555.903
136.445     560.115
136.402     561.006
138.166     560.277
137.33     568.782
138.531     564.651
140.13     569.754
139.291     573.156
140.782     572.994
141.88     574.857
140.677     579.96
141.611     581.256
142.067     586.359
141.484     588.546
141.907     597.699
141.863     598.833
142.778     598.995
143.574     602.802
143.88     602.64
144.802     602.559
144.662     610.092
144.73     610.983
146.488     607.176
146.643     615.438
148.124     612.117
149.943     612.522
148.919     618.435
147.08     627.264
147.957     630.828
148.739     630.423
148.366     633.42
148.891     641.601
149.776     638.28
150.548     643.383
150.864     645.651
150.916     646.542
151.974     649.053
152.898     649.458
152.471     651.807
152.335     658.854
155.158     652.374
155.3     652.374
156.458     658.773
156.808     657.639
154.882     670.923
155.515     673.839
156.763     669.789
156.847     674.568
157.364     678.456
155.899     684.207
157.462     688.986
157.848     687.933
156.293     697.734
158.329     696.357
159.354     693.522
158.151     701.703
159.558     703.971
160.405     700.812
160.647     703.323
161.848     707.049
161.893     706.725
163.505     710.532
163.488     712.314
162.636     717.579
163.879     720.009
163.917     721.386
162.957     727.137
164.467     731.268
164.409     731.268
164.118     740.988
165.201     739.611
164.453     743.58
165.669     746.01
166.965     744.309
167.939     748.278
166.813     756.135
167.081     756.135
167.541     760.59
167.772     763.83
168.53     761.562
169.127     769.905
168.661     771.849
169.606     774.603
169.421     780.273
169.932     778.653
170.052     783.513
171.622     783.351
171.206     784.971
171.096     795.987
169.792     801.252
171.56     799.065
171.307     806.193
171.345     806.76
172.549     806.193
171.874     815.832
172.96     811.701
175.406     812.916
175.236     814.698
175.717     815.994
176.842     818.586
176.487     821.259
177.21     821.016
176.493     832.275
176.445     832.275
177.916     836.001
177.328     840.456
178.904     836.163
178.915     843.291
176.712     853.821
178.469     848.637
180.116     849.528
181.192     848.475
181.932     853.578
182.057     856.899
180.937     861.354
181.218     866.7
181.248     870.75
181.272     871.155
181.656     876.015
181.875     879.498
182.935     880.794
182.538     888.165
182.085     890.595
181.198     898.128
184.077     894.24
182.976     898.29
182.27     904.689
184.874     902.583
185.025     905.256
186.999     904.608
186.43     907.767
184.551     917.973
186.594     917.082
185.654     922.266
184.681     928.503
188.259     923.967
188.18     924.048
187.172     937.089
188.06     935.793
187.428     939.762
188.611     942.354
189.425     941.787
189.023     944.541
189.31     953.532
189.479     952.641
189.325     961.551
190.595     960.66
189.953     963.738
190.454     968.274
193.753     959.931
193.208     962.685
193.244     973.134
193.065     973.944
194.16     976.293
195.366     976.212
194.686     985.122
194.716     989.982
194.19     992.412
194.288     997.434
194.243     1003.347
195.748     998.001
196.771     999.216
196.07     1008.126
196.38     1011.366
196.455     1017.522
197.325     1014.93
198.06     1016.064
198.11     1023.516
198.635     1021.329
197.583     1035.504
197.575     1036.638
197.424     1037.124
198.111     1044.657
198.041     1046.52
198.883     1045.791
199.353     1051.137
198.425     1056.078
198.01     1059.885
200.445     1060.29
200.787     1058.751
201.088     1066.446
200.994     1069.443
199.074     1077.948
200.441     1079.811
201.11     1080.54
202.764     1075.68
201.996     1088.964
202.624     1086.372
204.419     1087.182
204.672     1090.422
204.004     1093.419
203.93     1099.737
205.152     1099.737
206.483     1095.201
206.313     1106.46
205.609     1109.376
207.081     1109.7
207.12     1114.884
206.508     1117.476
207.765     1117.638
208.111     1122.66
208.306     1121.85
211.071     1122.417
211.271     1122.498
209.878     1131.651
209.147     1140.966
209.464     1140.723
209.596     1143.882
209.604     1150.524
210.046     1149.876
210.915     1149.795
209.993     1161.702
210.14     1161.054
210.116     1170.855
209.947     1173.447
209.962     1175.148
210.943     1178.793
213.147     1172.799
212.172     1178.388
212.003     1188.837
212.129     1188.108
211.427     1192.32
212.234     1199.205
211.166     1202.931
211.299     1210.626
213.025     1207.71
209.952     1220.022
211.413     1221.237
213.328     1218.321
212.536     1221.804
213.815     1228.122
213.552     1228.851
212.309     1239.948
213.82     1239.219
215.033     1240.515
215.028     1245.942
215.435     1244.889
216.242     1247.076
216.549     1252.341
215.129     1257.687
214.449     1271.214
214.039     1273.482
215.082     1269.432
215.086     1279.881
215.156     1280.529
216.841     1278.099
216.683     1285.227
215.531     1290.654
216.297     1291.059
218.064     1292.841
218.006     1292.841
220.578     1293.246
220.371     1295.838
219.455     1301.427
220.242     1305.801
218.89     1312.686
219.244     1313.253
221.662     1313.901
221.462     1314.711
225.872     1306.368
228.586     1299.564
228.815     1299.969
228.516     1311.714
229.86     1306.773
229.787     1313.01
230.021     1317.303
230.023     1317.789
230.3     1322.001
230.322     1327.509
230.273     1328.562
229.804     1341.117
229.363     1343.385
229.645     1346.868
229.44     1353.996
231.044     1348.65
231.099     1352.295
230.444     1362.906
229.952     1364.769
230.55     1372.95
231.228     1371.654
232.959     1367.847
233.132     1374.327
231.222     1382.751
230.931     1386.153
230.957     1395.711
231.157     1394.901
231.904     1401.381
232.519     1401.543
231.585     1406.484
231.883     1412.316
232.035     1414.908
232.348     1415.232
235.205     1414.827
234.601     1416.852
235.47     1421.55
234.166     1430.055
234.603     1429.326
234.709     1435.401
235.559     1436.697
235.69     1436.859
235.155     1449.981
235.589     1448.766
235.966     1452.978
234.26     1464.885
234.285     1465.128
234.306     1476.144
232.931     1481.895
232.573     1488.213
233.431     1491.291
231.46     1499.472
230.261     1507.977
233.176     1504.251
232.209     1507.977
233.738     1513.971
233.695     1514.052
236.071     1515.51
236.314     1516.158
233.936     1527.741
233.999     1534.869
233.916     1536.975
234.425     1537.299
232.724     1553.175
234.3     1547.343
236.484     1548.315
235.087     1556.415
237.647     1548.315
238.765     1551.312
236.897     1561.356
236.328     1564.515
236.467     1574.559
237.185     1571.805
237.096     1579.743
235.997     1588.248
236.607     1586.709
234.995     1603.395
235.243     1602.585
236.18     1605.744
236.448     1609.794
236.671     1609.47
237.874     1610.685
238.59     1613.844
238.405     1614.816
238.592     1625.427
238.501     1626.399
237.638     1633.446
237.424     1641.06
237.251     1642.518
237.94     1643.409
238.389     1650.294
238.179     1651.023
237.139     1664.874
237.554     1664.955
239.17     1661.877
240.044     1665.846
239.772     1668.762
237.828     1685.448
238.578     1685.205
238.775     1686.339
237.186     1699.704
237.076     1702.782
238.972     1697.193
240.337     1702.377
239.349     1706.103
238.963     1715.823
238.447     1721.331
237.945     1723.194
239.661     1724.814
240.134     1727.406
239.271     1731.213
238.791     1739.313
238.082     1746.846
238.388     1752.273
239.622     1752.84
240.269     1751.382
240.285     1756.89
239.857     1764.18
239.686     1765.314
241.262     1770.579
241.312     1770.984
241.248     1775.925
241.435     1781.757
241.014     1784.106
240.554     1789.938
240.777     1796.823
240.62     1797.471
240.152     1810.026
240.283     1810.917
240.594     1813.185
242.333     1815.291
241.966     1816.668
242.107     1826.226
242.126     1828.251
242.844     1834.974
242.757     1837.728
242.264     1841.373
244.326     1844.046
243.343     1847.853
243.786     1854.738
243.305     1859.841
241.347     1868.427
242.892     1869.642
242.769     1873.854
241.11     1881.063
241.042     1888.11
241.396     1891.026
242.097     1895.724
242.719     1897.992
242.869     1898.316
241.601     1909.251
241.042     1916.541
241.46     1915.407
241.971     1924.803
241.66     1926.504
242.336     1929.339
243.247     1931.688
242.524     1935.09
241.443     1950.318
241.68     1950.318
242.007     1949.427
240.981     1964.331
241.373     1964.007
242.34     1964.331
241.527     1974.132
241.022     1977.129
242.92     1980.693
242.53     1984.014
241.841     1989.36
243.027     1992.357
243.145     1993.653
243.31     1995.678
244.399     2001.429
243.432     2006.694
243.445     2014.146
244.646     2012.526
244.267     2015.685
243.867     2027.511
244.508     2025.243
244.346     2034.558
243.75     2040.309
242.585     2046.06
243.927     2047.68
244.437     2050.11
243.741     2053.431
244.415     2062.179
244.895     2060.397
243.416     2073.033
243.872     2076.516
244.107     2076.03
244.962     2078.784
245.61     2081.943
244.603     2086.074
246.307     2091.096
246.63     2090.853
247.043     2094.417
246.081     2105.271
245.649     2106.81
246.163     2115.801
246.322     2116.449
245.055     2124.873
244.906     2132.244
245.556     2131.11
246.869     2129.976
247.316     2135.646
246.556     2139.858
245.498     2146.824
247.282     2149.416
247.275     2149.578
246.1     2163.996
245.545     2168.289
244.589     2174.283
244.964     2180.358
247.44     2175.417
248.14     2180.196
247.158     2187
247.693     2186.433
247.989     2195.748
247.91     2197.368
250.174     2195.748
248.412     2206.602
247.87     2209.599
249.64     2214.216
248.451     2218.914
249.298     2222.883
248.922     2229.525
248.793     2230.74
250.498     2230.092
248.866     2241.918
249.09     2246.94
249.715     2250.423
249.742     2250.99
250.69     2252.529
249.108     2265.57
249.564     2264.274
248.392     2279.745
248.898     2279.016
249.027     2282.499
248.942     2289.789
248.068     2294.406
248.21     2297.646
249.214     2302.587
247.541     2308.824
249.096     2313.198
250.935     2308.176
249.457     2316.681
248.311     2328.264
249.295     2326.806
249.047     2330.046
248.569     2341.791
249.636     2338.065
249.458     2348.109
249.88     2349.648
248.627     2355.966
250.859     2358.396
250.264     2360.745
249.312     2372.49
250.31     2372.733
250.409     2373.705
250.636     2379.942
250.774     2383.749
249.944     2387.475
252.796     2388.366
252.215     2391.039
250.932     2402.622
251.901     2404.242
250.186     2411.127
249.105     2420.847
252.637     2413.8
251.3     2424.816
251.268     2431.215
251.194     2432.106
250.905     2438.343
251.169     2444.499
251.452     2443.932
252.444     2451.546
252.762     2451.222
252.701     2455.596
253.004     2461.428
252.592     2464.02
253.226     2465.235
254.988     2467.989
253.283     2474.145
255.122     2477.871
256.863     2473.335
253.967     2486.781
253.451     2496.258
253.585     2498.283
252.951     2502.657
253.49     2511
254.925     2505.816
255.138     2517.237
254.753     2518.938
255.023     2526.633
252.486     2539.998
252.926     2539.512
254.607     2540.16
254.62     2544.534
254.851     2544.615
254.41     2557.737
253.415     2561.706
255.684     2560.167
252.634     2576.934
252.307     2578.635
254.107     2583.576
252.856     2588.76
254.038     2589.975
254.217     2595.402
253.962     2597.346
256.056     2594.349
254.98     2605.689
254.238     2608.848
255.113     2616.624
254.355     2620.593
255.164     2621.646
254.545     2632.338
254.998     2630.637
257.304     2633.067
255.812     2640.438
255.895     2643.111
257.361     2645.055
256.969     2648.538
257.044     2650.725
256.047     2664.495
257.337     2659.716
255.645     2675.835
257.148     2673
257.465     2673.648
258.245     2678.346
256.876     2686.284
256.006     2691.225
257.435     2697.138
258.245     2694.141
257.75     2704.428
258.153     2707.101
258.017     2708.64
258.813     2717.064
258.893     2716.983
257.095     2730.753
258.315     2730.996
258.566     2731.32
259.185     2734.803
258.694     2742.822
258.404     2744.442
258.972     2754
259.038     2754.486
259.023     2759.913
259.466     2764.53
259.205     2766.555
259.664     2769.552
261.526     2770.605
260.272     2775.465
259.443     2789.316
260.385     2787.696
259.249     2795.472
259.54     2803.167
259.938     2801.871
259.846     2812.563
259.752     2814.831
261.757     2810.133
262.229     2816.046
261.192     2822.283
260.533     2827.143
263.634     2825.604
265.427     2818.881
266.126     2826.09
267.386     2824.308
267.013     2827.305
267.956     2831.193
268.143     2835.486
269.162     2838.969
270.144     2839.455
270.347     2839.779
269.415     2854.845
269.137     2857.032
269.74     2861.325
269.655     2866.995
270.534     2864.565
270.305     2876.796
269.243     2881.332
271.29     2879.955
272.547     2881.008
270.73     2888.865
271.197     2892.348
270.858     2900.529
271.304     2899.152
270.465     2913.732
269.323     2919.078
271.702     2914.542
271.584     2921.913
271.939     2921.67
273.996     2917.863
272.454     2932.848
271.838     2935.197
272.91     2941.839
272     2947.266
272.356     2949.129
270.562     2965.41
270.075     2967.435
270.707     2967.435
269.811     2980.962
270.371     2981.448
270.774     2987.361
270.208     2992.464
270.747     2992.14
270.219     3005.1
269.401     3008.502
272.67     3004.614
271.344     3013.281
270.638     3017.979
271.547     3021.462
268.609     3037.257
269.397     3035.232
268.838     3048.759
268.223     3051.675
270.758     3048.921
269.653     3058.317
269.16     3061.233
269.969     3063.906
271.817     3063.825
271.438     3065.526
270.77     3079.62
270.942     3079.782
271.436     3083.184
271.352     3090.15
270.637     3093.957
270.208     3099.87
272.198     3100.68
272.089     3101.328
269.509     3121.902
270.487     3119.634
269.162     3128.058
270.939     3130.812
270.792     3131.622
269.983     3145.473
270.92     3144.015
268.363     3156.246
267.96     3165.48
271.094     3156.57
270.463     3161.106
271.18     3168.963
270.627     3171.312
270.661     3180.384
271.96     3179.007
271.302     3183.057
271.307     3190.185
272.36     3190.104
271.602     3194.073
273.032     3200.715
271.21     3208.653
271.476     3219.264
272.037     3217.239
272.5     3222.828
269.865     3238.299
270     3238.461
272.253     3241.782
272.032     3243.321
271.715     3245.103
270.913     3259.521
271.734     3257.253
273.011     3257.577
272.126     3268.674
271.784     3270.294
273.46     3275.478
272.085     3281.958
273.444     3281.067
273.92     3286.332
271.467     3297.186
270.66     3303.828
272.449     3306.258
272.739     3305.448
270.968     3322.377
270.562     3326.346
271.543     3325.293
271.565     3333.069
270.509     3339.873
270.24     3343.032
271.178     3350.079
271.01     3350.727
273.23     3351.132
272.305     3358.665
271.565     3363.039
272.444     3370.977
273.01     3369.033
272.89     3377.619
272.178     3384.909
271.946     3387.339
272.879     3390.336
272.337     3398.112
270.89     3404.268
271.658     3413.097
271.849     3412.854
272.431     3417.147
272.363     3424.194
272.17     3425.49
273.124     3427.029
272.026     3438.45
271.97     3439.017
272.651     3448.17
272.065     3451.572
271.128     3459.429
270.894     3468.501
271.606     3465.99
272.281     3474.495
271.685     3478.545
272.277     3479.841
273.03     3484.539
274.293     3482.271
274.667     3483.729
273.404     3498.633
272.274     3503.169
271.825     3514.428
272.448     3514.914
270.43     3524.634
271.66     3527.388
273.05     3525.687
272.267     3530.304
272.983     3538.971
273.98     3535.569
272.913     3547.8
272.963     3552.174
273.052     3553.146
273.376     3563.757
272.595     3567.078
270.314     3583.116
271.681     3583.359
274.058     3581.496
273.106     3590.811
272.965     3592.269
273.936     3594.213
274.352     3599.721
274.318     3600.126
275.021     3609.198
275.118     3609.684
274.495     3616.974
274.323     3624.669
273.388     3629.772
273.085     3635.037
271.691     3647.511
271.38     3650.67
272.154     3651.48
272.34     3659.904
273.195     3660.39
274.061     3664.683
272.919     3671.001
272.224     3676.509
272.787     3682.098
272.126     3687.201
272.845     3686.796
273.238     3695.706
274.155     3694.815
274.33     3701.7
273.308     3708.99
273.621     3709.395
272.345     3725.514
272.802     3724.056
274.577     3726.324
274.225     3731.751
271.151     3745.116
272.14     3748.356
272.856     3750.705
272.563     3752.811
270.573     3771.684
271.268     3769.335
271.454     3775.41
271.317     3781.809
272.976     3776.949
272.656     3783.834
272.205     3792.339
271.564     3795.255
272.828     3795.903
273.015     3802.707
272.278     3805.785
271.177     3821.661
270.872     3824.01
269.951     3831.786
271.743     3832.353
272.286     3832.272
271.153     3840.291
271.431     3848.391
271.72     3847.581
272.103     3857.301
273.168     3855.519
272.246     3861.918
270.72     3875.283
269.699     3881.52
270.73     3880.062
270.875     3889.944
271.219     3888.891
271.017     3899.34
270.865     3903.309
270.58     3906.468
270.237     3915.297
271.398     3914.973
270.362     3920.238
270.277     3932.145
270.481     3931.578
269.907     3941.865
269.379     3948.426
271.757     3940.812
271.171     3949.722
271.208     3955.311
270.624     3958.389
270.756     3969.405
269.99     3972.969
270.115     3979.368
271.469     3980.907
271.52     3986.658
272.183     3990.627
271.789     3993.705
271.841     3998.484
270.923     4009.824
271.72     4007.232
270.998     4021.488
270.632     4024.323
271.057     4026.915
272.473     4030.803
270.771     4037.364
270.044     4043.763
272.745     4042.953
273.333     4040.847
271.838     4057.452
271.898     4059.477
270.506     4067.658
269.951     4079.889
270.219     4079.16
270.234     4089.528
269.008     4097.223
268.937     4097.709
269.21     4105.728
269.156     4109.859
270.128     4107.834
270.574     4113.504
270.25     4118.769
270.54     4119.417
271.354     4127.679
269.819     4135.131
269.659     4142.583
271.685     4140.315
272.121     4139.667
272.165     4151.25
271.933     4152.87
271.768     4160.241
271.075     4168.746
270.557     4172.148
269.535     4181.706
270.614     4184.865
270.693     4184.865
268.961     4203.09
269.076     4203.981
269.229     4208.598
270.241     4211.676
269.691     4215.24
270.223     4217.508
270.557     4225.122
270.63     4225.122
269.753     4239.783
269.746     4241.646
269.237     4246.992
270.929     4250.556
271.192     4249.827
269.651     4266.189
270.017     4267.404
269.35     4272.588
269.104     4284.333
268.74     4285.953
268.859     4295.025
268.97     4298.103
268.968     4298.427
269.413     4305.798
269.261     4310.496
269.376     4312.116
269.57     4318.596
269.129     4324.752
269.208     4325.562
269.508     4336.578
268.932     4339.332
267.15     4353.021
267.952     4355.208
269.156     4352.292
268.769     4359.825
269.496     4363.632
269.74     4363.389
268.115     4381.371
269.656     4376.835
271.778     4380.723
271.469     4383.639
273.303     4381.857
270.092     4402.188
269.415     4405.104
272.467     4405.266
270.313     4414.905
269.891     4420.575
270.701     4426.974
270.377     4428.189
271.7     4434.345
269.995     4442.85
268.874     4450.626
270.302     4452.813
270.743     4453.785
270.019     4459.05
270.959     4466.421
270.203     4471.686
269.034     4483.593
270.641     4481.811
270.26     4485.294
270.307     4496.391
270.337     4496.553
269.693     4507.812
269.86     4511.295
270.348     4511.457
269.751     4520.448
269.194     4527.495
269.17     4528.71
269.65     4538.835
269.996     4538.268
270.255     4544.424
270.272     4550.58
269.678     4553.577
269.52     4566.213
268.994     4569.291
268.613     4576.662
270.286     4576.824
270.028     4579.254
269.957     4584.357
270.255     4591.08
268.999     4600.881
268.68     4609.224
269.809     4606.632
269.547     4611.897
268.843     4623.561
269.106     4622.832
270.475     4629.15
269.392     4635.225
267.963     4644.216
268.099     4651.425
269.654     4648.023
269.105     4652.883
269.449     4662.117
270.753     4657.743
269.027     4674.186
267.669     4682.691
267.403     4685.607
267.48     4692.897
268.217     4694.598
268.177     4703.67
267.678     4709.907
270.13     4702.131
268.869     4713.552
269.422     4716.711
270.374     4713.795
268.901     4731.696
268.684     4733.478
266.936     4746.033
267.038     4752.189
267.202     4753.647
266.974     4759.398
268.113     4763.772
267.022     4771.953
267.328     4778.19
266.726     4782.321
267.592     4782.726
267.637     4790.259
266.572     4799.979
265.184     4815.45
266.017     4812.858
268.069     4814.721
266.117     4825.575
266.326     4827.357
266.861     4833.108
265.822     4841.289
266.216     4841.532
267.255     4849.065
267.375     4849.227
269.521     4848.741
269.597     4853.925
267.057     4865.427
267.658     4869.234
267.294     4877.253
266.407     4881.465
267.805     4888.269
267.982     4888.593
267.008     4897.989
266.552     4906.332
264.714     4915.08
265.712     4916.295
264.966     4927.068
264.952     4927.554
263.819     4943.592
265.011     4940.919
264.746     4945.941
265.225     4953.798
265.702     4952.502
265.14     4965.786
266.296     4963.68
265.556     4969.674
265.137     4978.827
263.301     4988.952
262.723     4993.407
262.723     4993.407
262.934     4992.597
261.223     4990.248
262.166     4982.958
261.087     4986.117
260.523     4981.419
261.417     4973.724
262.345     4969.593
261.958     4959.711
264.34     4949.829
263.735     4945.941
262.032     4947.075
262.724     4944.321
260.909     4940.109
262.15     4934.844
262.659     4928.04
261.528     4925.529
262.689     4921.155
262.465     4911.354
261.834     4912.812
261.369     4909.896
261.884     4900.5
261.456     4902.282
260.945     4893.696
261.532     4890.213
263.253     4880.736
262.649     4874.256
262.039     4876.443
261.961     4866.804
261.476     4866.885
265.429     4849.713
264.43     4846.392
264.104     4845.582
265.234     4839.426
261.74     4842.423
261.531     4834.242
261.693     4830.435
260.99     4833.189
259.528     4830.597
261.012     4821.201
260.727     4821.363
260.191     4812.534
261.179     4808.889
261.083     4801.923
261.92     4793.985
261.378     4795.524
259.47     4791.15
259.912     4789.53
259.365     4785.561
260.527     4775.517
261.398     4772.034
261.83     4765.635
261.235     4761.018
261.689     4759.155
261.494     4748.949
261.213     4749.192
260.993     4745.871
261.543     4736.799
262.172     4733.397
260.91     4734.693
261.629     4723.191
262.163     4721.328
261.083     4715.091
260.288     4716.63
260.838     4712.256
260.747     4703.022
260.568     4703.913
259.132     4699.62
260.16     4693.221
260.052     4692.006
260.284     4680.909
260.03     4681.8
260.698     4670.946
261.385     4665.033
260.755     4666.329
259.091     4665.6
259.335     4660.578
258.907     4654.503
259.658     4647.618
260.139     4645.755
259.554     4641.138
261.149     4630.041
260.528     4631.58
258.721     4627.125
259.424     4624.29
259.929     4616.514
260.675     4608.09
261.114     4605.336
259.931     4598.775
260.61     4595.697
260.404     4591.809
260.838     4583.628
260.222     4585.167
259.143     4585.086
259.472     4576.014
258.236     4580.631
259.735     4564.188
261.858     4554.63
263.011     4547.502
261.301     4544.91
261.096     4545.639
260.894     4536.405
260.202     4536.891
260.936     4534.056
258.987     4531.95
259.862     4526.28
260.565     4521.906
258.685     4518.747
259.623     4515.426
261.077     4501.089
259.476     4503.519
259.621     4501.494
259.009     4492.989
258.74     4493.151
258.959     4485.537
259.126     4480.272
258.852     4480.353
258.696     4469.742
259.275     4467.312
259.664     4459.536
259.377     4455.243
259.929     4452.246
260.145     4445.847
260.295     4439.205
260.41     4438.476
261.523     4423.167
262.365     4419.279
262.794     4412.556
261.932     4409.235
260.825     4412.556
262.693     4394.493
261.329     4398.543
260.194     4399.029
260.208     4392.144
261.216     4387.041
260.694     4385.664
260.895     4376.025
262.624     4369.383
262.521     4359.501
262.476     4357.638
260.954     4360.878
260.561     4352.697
260.21     4353.993
259.487     4347.189
260.985     4338.765
261.78     4334.148
260.479     4331.799
259.95     4330.584
260.118     4328.235
261.363     4312.845
262.286     4309.443
261.316     4304.907
260.621     4303.368
260.729     4302.153
259.997     4293.567
259.922     4293.648
260.574     4284.414
260.285     4280.283
261.418     4275.504
261.031     4271.13
260.441     4267.161
262.735     4257.927
263.179     4245.048
263.022     4244.967
262.197     4243.104
262.997     4233.708
262.924     4232.817
262.138     4231.44
261.759     4225.122
262.344     4222.692
261.506     4214.916
261.094     4215.078
261.793     4208.922
263.098     4195.557
262.727     4196.772
261.606     4190.454
260.469     4192.722
261.897     4184.622
262.336     4175.712
262.378     4173.282
261.146     4175.631
262.161     4161.699
263.263     4155.867
261.461     4155.219
260.545     4155.3
261.246     4151.169
262.164     4136.67
262.068     4136.913
261.054     4132.62
261.876     4125.411
262.847     4113.99
262.695     4110.021
262.739     4108.887
262.464     4103.541
263.315     4095.117
263.655     4093.173
262.3     4087.098
262.518     4085.964
264.067     4073.976
264.123     4065.633
264.886     4064.094
264.153     4055.589
264.431     4054.05
262.29     4056.966
261.736     4052.43
262.301     4049.028
261.885     4046.598
260.245     4044.654
260.705     4042.791
262.361     4025.862
261.141     4028.697
260.531     4027.806
261.381     4017.195
261.604     4014.603
263.209     4006.017
262.162     3999.537
261.2     4000.914
261.115     3993.948
261.198     3990.951
261.226     3989.088
262.578     3973.455
263.648     3969.405
262.369     3965.436
261.903     3963.411
263.369     3956.688
263.207     3950.208
263.337     3945.672
263.838     3942.432
263.413     3932.712
263.319     3932.712
264.173     3922.263
263.12     3920.562
262.702     3921.777
264.296     3904.524
262.87     3909.222
261.626     3907.845
262.148     3899.826
261.79     3900.636
262.446     3893.022
263.597     3881.439
261.883     3887.433
258.369     3889.296
260.164     3881.439
259.643     3879.819
259.362     3872.205
259.974     3869.694
259.856     3859.731
258.183     3864.348
258.265     3860.703
259.39     3849.12
257.112     3855.195
257.048     3853.008
259.151     3835.269
259.675     3833.244
259.209     3825.792
259.82     3820.203
259.637     3819.231
260.025     3806.838
259.431     3808.944
260.628     3796.065
262.265     3785.859
260.119     3792.663
260.065     3785.778
262.606     3771.846
262.769     3770.307
259.218     3772.251
258.978     3772.737
260.258     3760.83
260.022     3755.889
259.589     3751.353
260.482     3742.119
260.251     3742.119
258.537     3743.334
260.246     3729.402
261.025     3726.324
259.864     3719.52
261.012     3714.093
258.773     3718.143
260.546     3703.401
261.275     3700.566
260.007     3694.248
260.189     3692.142
261.125     3685.257
260.41     3680.397
261.089     3675.618
261.2     3672.459
259.961     3667.113
260.209     3666.303
260.272     3656.016
258.869     3658.689
260.842     3648.726
261.625     3638.601
260.329     3640.302
261.817     3625.722
261.246     3624.426
260.744     3624.669
260.87     3616.812
261.253     3611.466
260.332     3613.896
261.419     3598.425
261.119     3599.235
258.746     3600.612
258.44     3596.724
259.738     3590.811
259.325     3580.848
259.825     3578.58
261.419     3566.106
260.471     3563.757
260.489     3562.704
260.918     3555.9
259.734     3553.551
259.101     3555.252
259.865     3540.915
260.2     3538.809
259.91     3535.002
259.267     3530.385
257.651     3535.002
257.628     3531.357
260.425     3512.241
261.063     3509.649
262.666     3492.801
262.479     3491.586
261.36     3492.801
261.065     3484.134
260.574     3485.916
260.935     3474.414
259.872     3475.953
261.869     3466.152
260.976     3461.94
260.11     3461.616
260.349     3458.862
259.93     3449.79
259.786     3448.575
260.207     3439.827
261.245     3431.808
260.872     3431.808
261.176     3419.334
261.081     3419.415
260.856     3412.773
261.463     3405.483
261.123     3405.969
259.908     3398.679
261.667     3391.551
260.436     3389.769
260.199     3385.071
260.041     3378.672
258.772     3377.214
259.297     3374.217
259.708     3367.818
260.127     3358.746
257.897     3362.229
257.723     3356.073
260.021     3346.11
258.694     3347.001
260.055     3333.231
261.304     3328.29
258.538     3327.804
259.954     3320.757
259.818     3318.165
258.594     3315.411
259.906     3308.202
258.898     3309.336
258.173     3301.965
256.91     3304.152
256.509     3297.996
257.126     3292.407
256.377     3293.379
257.647     3278.151
258.706     3274.182
258.028     3268.35
258.335     3262.599
256.747     3267.135
257.518     3257.253
257.585     3251.907
258.05     3249.315
256.97     3241.539
258.523     3235.302
257.126     3233.844
256.684     3229.956
260.632     3214.242
258.698     3209.706
257.969     3211.65
260.798     3195.612
259.472     3193.911
259.276     3193.344
260.474     3184.272
256.981     3189.294
256.706     3190.266
259.196     3169.854
258.197     3171.96
259.557     3163.05
259.354     3156.408
258.757     3156.732
257.742     3149.442
258.906     3142.962
259.174     3139.155
258.697     3133.242
258.051     3133.08
258.828     3127.815
259.819     3113.559
259.956     3112.749
258.519     3108.699
257.034     3111.048
258.575     3103.515
258.555     3092.256
258.879     3090.96
259.79     3079.134
258.59     3079.134
258.859     3076.623
258.377     3071.601
259.049     3063.906
258.904     3063.501
257.57     3056.778
257.707     3055.887
260.47     3038.796
259.286     3037.095
259.28     3036.366
259.49     3023.811
260.019     3021.138
259.609     3017.007
258.801     3013.443
257.708     3016.278
256.021     3011.094
256     3009.474
255.838     3006.153
256.87     2993.517
256.019     2996.433
255.614     2986.794
256.385     2982.501
256.218     2979.99
258.313     2961.927
258.888     2959.335
256.732     2957.31
257.063     2953.584
256.302     2953.989
256.245     2946.699
256.741     2941.758
255.173     2945.646
256.145     2930.904
255.671     2932.524
253.527     2931.147
256.143     2917.053
255.628     2917.62
254.554     2914.461
256.883     2901.501
256.639     2894.778
256.078     2891.943
255.201     2893.968
254.638     2889.27
255.731     2879.226
255.86     2878.092
254.702     2870.964
255.441     2867.481
255.784     2861.001
255.848     2853.873
255.736     2852.496
254.328     2853.549
254.179     2845.935
254.742     2839.698
254.988     2831.274
255.485     2827.71
256.228     2821.311
255.861     2813.211
255.582     2814.021
255.815     2802.762
256.997     2795.958
257.66     2790.531
256.313     2788.02
256.61     2783.727
258.251     2775.303
257.132     2768.661
258.155     2764.449
258.92     2752.38
256.993     2756.268
257.185     2753.595
256.631     2748.168
255.451     2748.33
256.933     2734.479
255.704     2734.803
255.619     2735.046
256.884     2722.086
253.839     2727.999
256.053     2718.846
257.592     2701.269
255.922     2706.858
255.336     2702.403
255.683     2695.356
256.283     2691.468
255.635     2688.309
256.31     2678.67
257.821     2672.433
255.136     2670.732
254.162     2673.162
258.175     2653.236
255.585     2654.775
256.694     2650.32
255.897     2641.977
254.995     2643.84
257.219     2631.609
255.691     2627.883
254.148     2630.313
254.281     2622.132
255.143     2616.057
254.563     2615.409
256.349     2598.642
257.011     2595.726
254.233     2596.212
254.674     2591.595
254.887     2588.922
253.95     2580.903
254.335     2579.364
253.84     2572.155
253.922     2567.862
256.221     2557.737
256.627     2549.07
254.57     2551.986
254.557     2543.643
256.125     2532.789
255.264     2534.652
255.233     2528.253
256.509     2517.723
255.165     2521.854
254.486     2512.458
254.987     2509.947
254.663     2504.844
255.282     2496.501
255.369     2494.557
254.103     2493.99
254.996     2483.379
254.934     2483.055
252.493     2480.463
252.248     2480.139
252.072     2476.413
252.955     2464.02
253.589     2461.428
253.425     2450.493
253.081     2449.926
253.531     2444.742
252.967     2439.315
253.486     2434.941
253.656     2431.62
253.269     2422.548
253.441     2419.551
253.024     2413.395
253.99     2406.753
254.231     2403.756
253.594     2395.008
253.798     2393.712
253.467     2385.693
253.461     2381.805
254.38     2376.702
254.478     2369.169
253.042     2369.655
253.839     2365.443
251.677     2361.96
253.091     2355.156
255.469     2339.685
253.772     2340.009
255.046     2334.501
253.643     2327.778
253.513     2327.454
253.27     2322.027
253.63     2314.656
255.309     2306.88
255.753     2300.319
254.522     2296.998
255.966     2286.468
254.647     2284.443
255.997     2277.801
256.843     2270.268
255.669     2265.489
256.582     2262.006
255.892     2253.42
254.778     2255.445
257.73     2240.703
256.231     2238.759
255.08     2237.787
254.107     2233.656
255.355     2225.637
255.957     2213.568
256.346     2208.87
255.864     2208.546
256.341     2199.474
255.675     2198.259
254.851     2199.393
253.619     2192.265
253.892     2190.807
255.301     2176.875
255.068     2173.23
253.535     2177.28
255.997     2156.301
255.503     2157.678
253.686     2157.03
254.749     2147.553
254.786     2145.933
252.371     2148.849
252.205     2142.936
253.713     2136.375
253.232     2126.331
253.945     2122.848
251.911     2124.711
252.713     2114.991
252.103     2115.639
251.93     2111.67
252.872     2099.763
252.914     2095.065
252.765     2088.261
252.29     2088.342
251.977     2085.588
251.923     2076.273
251.143     2078.784
250.755     2069.064
252.324     2061.126
253.209     2054.808
251.669     2052.783
251.157     2051.406
251.729     2046.951
250.441     2041.2
249.673     2043.387
251.089     2028.402
251.101     2024.271
251.34     2021.679
252.266     2006.694
251.83     2008.071
250.757     2003.292
250.602     1999.566
251.674     1993.572
251.232     1988.064
251.736     1981.098
251.415     1981.098
251.918     1967.328
251.238     1968.948
251.074     1962.792
251.523     1954.611
251.956     1952.181
251.774     1940.679
251.547     1940.841
251.55     1934.766
251.87     1927.071
250.778     1929.825
250.936     1924.317
249.675     1920.753
249.644     1920.591
250.723     1904.877
251.279     1901.232
250.225     1900.665
250.827     1889.325
251.752     1885.518
252.683     1870.776
251.968     1871.343
254.218     1859.193
252.861     1856.601
251.864     1857.654
253.491     1849.068
251.449     1845.666
251.664     1842.669
252.146     1829.628
250.404     1835.784
250.178     1827.036
251.899     1816.911
249.101     1825.173
249.958     1810.35
251.159     1805.49
248.994     1804.923
249.636     1797.795
250.931     1791.477
250.638     1785.726
249.398     1784.592
248.863     1785.807
248.429     1775.115
248.79     1773.09
248.502     1767.339
248.009     1763.127
248.338     1760.292
248.868     1746.36
249.728     1742.148
248.945     1739.637
249.321     1731.294
250.057     1726.839
250.347     1721.169
249.89     1713.96
250.124     1712.745
249.75     1702.62
250.533     1698.003
249.189     1698.975
248.789     1690.389
249.531     1687.23
249.054     1678.158
248.914     1676.295
250.473     1667.547
250.505     1659.609
247.915     1665.846
247.579     1664.874
248.817     1649.079
248.626     1647.621
248.279     1641.303
249.193     1633.608
247.861     1636.848
247.803     1625.751
248.067     1624.05
247.301     1618.947
247.12     1614.492
247.617     1611.009
249.116     1598.697
247.558     1598.616
246.83     1600.398
247.324     1586.304
245.642     1591.407
245.786     1584.846
248.022     1569.294
246.999     1572.696
245.987     1564.11
247.437     1557.468
248.646     1547.586
247.722     1544.022
245.984     1548.801
247.44     1531.791
248.272     1527.012
246.548     1528.956
245.952     1523.61
247.457     1515.753
248.334     1509.03
246.712     1505.142
246.93     1504.008
247.664     1490.319
247.995     1486.35
245.548     1492.587
245.887     1483.596
245.808     1480.356
244.691     1474.281
244.967     1469.907
243.764     1464.723
243.574     1461.645
243.233     1460.673
242.469     1456.137
243.501     1447.389
242.559     1449.657
242.787     1436.778
243.503     1433.619
243.957     1423.98
243.754     1418.958
243.236     1420.011
241.813     1413.045
243.088     1407.456
244.345     1395.873
243.155     1394.172
243.602     1391.175
243.22     1380.483
241.065     1387.125
242.34     1376.757
243.056     1367.28
241.498     1371.168
241.545     1366.47
242.701     1353.429
243.552     1349.703
240.533     1349.217
242.443     1339.902
242.818     1334.961
242.843     1324.998
242.597     1325.484
241.521     1318.68
242.084     1313.982
243.122     1306.854
241.9     1303.695
239.045     1310.985
240.021     1297.296
239.481     1296.162
240.995     1287.9
240.768     1280.853
239.827     1279.881
240.108     1277.208
239.637     1267.245
239.668     1266.516
241.568     1250.883
240.779     1249.182
239.707     1251.207
241.187     1233.711
241.59     1231.686
241.383     1224.963
241.169     1219.941
239.836     1223.181
239.067     1220.103
239.51     1211.274
240.476     1206.9
238.54     1202.04
238.598     1200.42
240.687     1187.136
238.859     1185.678
238.669     1185.84
238.906     1173.123
239.256     1170.369
238.37     1169.073
237.873     1163.079
239.079     1156.68
239.368     1144.125
238.896     1143.882
240.396     1134.405
239.652     1129.221
238.508     1130.922
238.258     1128.897
239.676     1112.94
239.883     1111.806
240.296     1099.737
239.966     1097.793
239.007     1098.684
238.171     1093.905
237.84     1091.394
237.527     1079.082
238.226     1076.085
236.077     1075.518
236.206     1070.334
236.69     1066.365
235.912     1062.234
237.048     1052.19
236.072     1054.863
235.08     1046.52
236.614     1039.959
234.022     1042.551
235.725     1029.51
235.325     1030.239
234.547     1020.681
234.959     1018.089
233.646     1016.874
233.081     1012.338
234.709     1004.319
234.028     1002.132
234.562     991.602000000001
234.348     992.007000000001
232.074     988.848000000001
232.87     983.988000000001
232.079     982.530000000001
233.976     965.763000000001
234.173     964.548000000001
233.591     955.557000000001
235.404     946.566000000001
233.144     951.588000000001
233.283     943.326000000001
233.054     940.572000000001
233.297     937.251000000001
233.923     923.967000000001
234.875     917.730000000001
233.804     914.085000000001
231.842     917.001000000001
233.297     909.630000000001
234.451     893.754000000001
234.39     893.349000000001
234.661     883.548000000001
233.731     882.414000000001
233.22     882.414000000001
232.105     874.476000000001
232.459     872.613000000001
231.653     867.996000000001
230.439     866.781000000001
231.175     862.326000000001
228.817     859.005000000001
229.157     856.980000000001
230.056     846.936000000001
228.865     844.668000000001
229.146     841.995000000001
229.289     836.406000000001
228.891     829.764000000001
228.614     830.169000000001
229.188     815.994000000001
228.797     815.427000000001
230.015     806.436000000001
229.646     798.660000000001
229.574     798.417000000001
227.718     794.043000000001
226.159     798.012000000001
227.607     788.535000000001
228.2     778.572000000001
228.032     776.223000000001
228.129     764.802000000001
228.412     761.076000000001
227.016     763.425000000001
226.637     757.188000000001
226.226     754.839000000001
226.663     750.951000000001
225.838     742.689000000001
225.86     740.259000000001
225.486     734.022000000001
225.886     727.623000000001
226.318     724.464000000001
225.052     716.931000000001
224.909     716.283000000001
224.547     705.024000000001
225.198     702.108000000001
223.705     700.164000000001
223.479     695.385000000001
223.918     691.902000000001
221.464     688.824000000001
221.445     687.771000000001
220.586     684.693000000001
221.431     674.892000000001
222.676     668.250000000001
222.195     664.524000000001
222.632     655.047000000001
220.989     655.857000000001
221.195     647.838000000001
220.247     649.458000000001
219.229     648.972000000001
219.588     638.604000000001
219.03     640.143000000001
217.237     635.040000000001
217.957     630.504000000001
219.402     621.432000000001
218.842     613.008000000001
219.553     609.849000000001
219.468     598.995000000001
219.233     597.132000000001
218.584     596.484000000001
217.99     590.814000000001
218.259     586.035000000001
216.819     581.661000000001
217.61     575.100000000001
216.42     576.720000000001
215.218     573.804000000001
216.085     566.190000000001
216.415     563.355000000001
215.763     553.716000000001
214.765     555.660000000001
213.556     552.987000000001
214.535     543.672000000001
213.608     546.021000000001
212.395     538.488000000001
214.63     529.416000000001
214.141     523.665000000001
213.877     517.590000000001
213.845     516.861000000001
212.797     508.923000000001
212.508     508.923000000001
212.772     501.633000000001
213.353     491.103000000001
213.535     489.888000000001
213.129     479.601000000001
212.115     481.788000000001
214.737     466.722000000001
211.737     468.909000000001
211.897     467.775000000001
211.25     458.298000000001
210.388     459.594000000001
209.778     457.893000000001
208.903     450.927000000001
209.285     448.983000000001
209.958     435.618000000001
209.275     435.375000000001
209.68     430.839000000001
209.161     424.926000000001
209.042     421.443000000001
209.488     409.860000000001
209.502     406.134000000001
210.187     401.355000000001
208.219     401.112000000001
206.614     402.570000000001
207.586     397.305000000001
205.688     392.202000000001
206.117     388.638000000001
205.749     383.049000000001
205.519     378.108000000001
204.233     375.111000000001
203.752     370.656000000001
204.019     368.550000000001
203.326     358.830000000001
203.723     355.266000000001
203.389     350.892000000001
203.49     342.792000000001
202.885     344.331000000001
201.737     336.474000000001
202.042     334.206000000001
201.19     331.614000000001
201.212     324.405000000001
200.184     326.187000000001
200.246     314.523000000001
200.367     312.255000000001
199.977     309.096000000001
198.485     307.071000000001
196.831     310.230000000001
197.475     304.479000000001
197.571     294.030000000001
199.061     287.712000000001
197.405     282.690000000001
197.301     280.098000000001
196.845     278.964000000001
196.706     268.272000000001
196.343     269.001000000001
195.126     263.574000000001
194.807     260.901000000001
194.384     260.415000000001
194.441     248.670000000001
194.963     246.159000000001
193.969     240.408000000001
194.227     234.900000000001
192.063     241.218000000001
192.593     227.367000000001
193.381     223.641000000001
192.184     219.915000000001
192.342     213.597000000001
190.498     218.538000000001
190.299     207.279000000001
190.177     206.712000000001
190.902     197.397000000001
190.634     191.889000000001
191.3     187.434000000001
190.378     185.247000000001
190.104     178.119000000001
190.145     177.552000000001
189.396     168.237000000001
187.741     172.449000000001
186.995     170.667000000001
187.278     160.623000000001
186.769     161.919000000001
184.91     157.302000000001
184.811     155.520000000001
184.256     153.495000000001
183.6     145.962000000001
184.231     142.965000000001
183.777     133.650000000001
182.399     135.918000000001
183.197     129.924000000001
182.991     119.718000000001
183.313     117.936000000001
181.757     113.643000000001
180.617     114.129000000001
180.651     111.375000000001
179.821     107.163000000001
179.394     104.085000000001
180.368     98.4960000000006
177.286     98.0910000000006
177.925     93.7980000000006
177.53     88.2900000000006
176.454     86.1840000000006
177.012     83.0250000000006
174.815     79.2990000000006
175.701     75.1680000000006
174.795     71.3610000000006
173.09     69.6600000000006
172.361     66.8250000000006
171.433     62.2890000000006
171.71     60.1830000000006
170.228     53.4600000000006
169.977     52.4880000000006
169.497     49.4100000000006
169.049     42.3630000000006
169.09     41.7150000000006
167.135     37.2600000000006
167.174     35.3160000000006
165.056     38.7990000000006
164.352     33.7770000000006
163.124     35.4780000000006
161.975     28.6740000000006
161.296     28.5120000000006
160.543     27.8640000000006
159.987     22.0320000000006
160.384     16.8480000000006
160.05     15.7140000000006
157.609     13.7700000000006
156.111     16.5240000000006
154.213     16.2000000000006
152.593     17.5770000000006
151.757     18.9540000000006
150.712     11.4210000000006
149.427     13.8510000000006
148.073     11.5830000000006
146.956     10.2060000000006
146.77     9.5580000000006
143.873     8.2620000000006
143.554     8.7480000000006
141.727     7.8570000000006
139.715     8.7480000000006
139.151     9.7200000000006
136.027     9.2340000000006
135.947     8.5860000000006
134.091     8.9100000000006
132.458     8.3430000000006
131.925     8.4240000000006
128.909     7.5330000000006
128.562     7.4520000000006
127.279     6.4800000000006
125.372     6.6420000000006
124.878     6.3990000000006
121.762     6.3180000000006
121.311     5.9940000000006
119.559     8.2620000000006
117.505     8.3430000000006
116.628     8.7480000000006
115.934     7.9380000000006
113.396     7.1280000000006
111.978     8.9910000000006
109.979     8.6670000000006
109.554     6.8850000000006
108.573     7.9380000000006
105.672     7.9380000000006
105.186     6.6420000000006
102.878     7.6950000000006
101.969     6.5610000000006
101.491     6.3990000000006
98.088     7.4520000000006
97.826     8.1000000000006
95.751     6.5610000000006
94.208     7.5330000000006
93.724     7.4520000000006
90.713     6.4800000000006
90.222     7.4520000000006
88.321     6.8040000000006
86.777     7.0470000000006
85.825     8.4240000000006
83.305     5.7510000000006
82.913     6.1560000000006
80.809     7.4520000000006
78.737     8.6670000000006
76.433     9.9630000000006
74.941     8.5860000000006
74.948     6.8040000000006
71.633     7.2090000000006
71.207     7.1280000000006
69.622     8.0190000000006
67.265     9.3150000000006
67.245     6.8850000000006
66.74     5.1840000000006
63.488     7.2090000000006
62.926     8.6670000000006
60.396     7.4520000000006
59.641     6.9660000000006
58.749     7.2900000000006
55.363     9.0720000000006
55.301     8.9100000000006
52.973     7.3710000000006
52.128     7.0470000000006
51.069     7.9380000000006
48.205     7.1280000000006
48.106     6.8850000000006
45.646     7.0470000000006
44.573     6.8850000000006
44.08     6.6420000000006
42.508     6.3180000000006
39.985     8.8290000000006
37.84     9.9630000000006
36.204     9.8010000000006
36.417     6.9660000000006
35.142     6.3180000000006
32.646     7.9380000000006
32.533     7.5330000000006
29.241     7.7760000000006
28.814     7.0470000000006
27.659     6.5610000000006
25.521     5.8320000000006
24.991     7.1280000000006
21.588     8.1810000000006
20.554     9.3960000000006
19.691     9.2340000000006
17.427     7.6950000000006
17.205     7.7760000000006
14.422     7.4520000000006
13.617     7.4520000000006
12.979     6.7230000000006
10.812     7.8570000000006
9.83300000000003     7.2090000000006
7.27700000000003     6.7230000000006
6.16500000000003     6.8850000000006
4.85400000000003     9.2340000000006
1.80500000000003     8.6670000000006
1.72200000000003     8.4240000000006
-0.314999999999971     7.5330000000006
-1.48599999999997     7.1280000000006
-2.33499999999997     8.0190000000006
-4.51099999999997     9.1530000000006
-5.65899999999997     7.5330000000006
-7.78399999999997     8.0190000000006
