Distance_nm     Force_uN
-0.053     0.324
2.763     -0.81
8.875     -1.377
21.954     -1.053
28.362     -0.891
41.226     -1.134
47.666     -0.324
60.497     0.405
72.855     -0.162
79.328     -0.486
92.164     0.648
98.497     0.486
104.894     0.081
117.704     -0.729
130.417     -2.187
136.814     -1.863
149.737     -0.243
156.15     -0.729
168.992     -0.243
175.4     -0.405
188.242     -0.567
194.752     -0.324
207.599     1.539
214.045     0.567
226.941     -0.324
233.397     0.243
246.32     0
252.835     -0.891
265.779     -0.486
272.3     -0.486
285.26     -0.729
291.856     -0.486
304.865     0
311.391     1.053
324.491     0.243
331.071     -0.243
344.149     0.405
350.772     0.162
363.91     -0.729
370.463     -0.405
383.579     0.243
390.127     -0.081
403.308     -1.134
409.86     -0.324
423.02     0.162
429.616     0.162
442.936     -0.162
456.171     0.567
462.751     0.729
475.985     0.243
482.516     0.405
495.558     -0.648
502.148     -1.053
515.243     -2.025
521.747     -1.296
534.649     -0.648
553.807     -0.972
560.113     -0.486
572.654     -0.243
578.927     -0.324
591.447     0.243
597.715     0.405
610.267     -0.486
622.813     -1.053
629.033     -0.243
641.628     -0.081
647.901     -1.134
660.512     -1.377
666.828     -0.891
679.477     -0.486
685.815     -1.053
698.512     -0.243
704.807     -0.324
717.488     0
723.842     0
736.743     -0.648
749.483     0.162
755.95     -0.567
768.722     -1.782
775.108     -1.944
787.881     0.162
794.305     -1.053
807.308     -1.458
813.77     -1.134
826.821     0.567
839.782     1.215
846.313     0.405
859.462     -0.81
872.455     -1.053
879.018     -0.405
892.167     -0.81
898.789     -0.567
911.933     -0.486
918.502     -0.081
931.833     -1.134
945.046     -1.539
951.637     -0.162
964.968     0.405
971.639     0.729
984.895     -0.648
991.62     -0.81
1005.032     -1.053
1011.735     -1.134
1025.239     -1.944
1031.598     -2.106
1044.747     -0.081
1051.563     0
1058.352     -0.891
1071.915     -0.081
1085.569     0.405
1092.39     0.729
1106.001     1.539
1112.839     1.377
1126.541     -0.324
1140.335     -0.81
1147.2     -1.053
1160.983     -0.324
1167.917     -0.486
1181.802     -1.053
1188.807     -0.891
1202.713     0.486
1209.718     0.567
1223.662     0.243
1230.72     0.405
1244.702     0.162
1251.722     -0.081
1265.65     -0.729
1279.799     -1.458
1286.911     -1.458
1301.048     -0.243
1308.144     -0.081
1315.197     -0.891
1336.5     -0.324
1343.612     0.324
1357.965     0.162
1372.237     0.972
1379.408     0.81
1393.685     -0.567
1400.894     -1.053
1415.301     -0.486
1422.579     -1.215
1436.927     -0.567
1444.151     -1.377
1458.692     -1.539
1465.976     -0.891
1480.608     0
1487.892     -0.324
1502.476     -0.729
1509.814     0.243
1524.441     1.701
1531.719     1.053
1546.405     -0.648
1560.441     -0.405
1567.811     0.081
1582.599     0.324
1589.942     0.648
1604.682     -0.972
1612.041     -1.134
1626.802     -1.377
1641.693     0.081
1649.116     0.486
1656.497     -0.324
1671.554     -1.296
1686.439     -1.134
1693.986     -1.296
1708.925     -0.648
1716.402     0.081
1731.432     -0.648
1738.985     -0.648
1754.058     -0.162
1761.616     -0.648
1776.813     0.405
1784.403     0.486
1799.621     -0.972
1807.179     -1.215
1830.068     0.324
1837.702     0.486
1853.081     0.81
1860.935     -0.891
1876.384     -1.053
1884.125     -0.162
1899.478     -0.729
1907.186     -1.134
1922.566     -0.81
1930.35     -0.567
1945.858     -0.324
1961.377     -1.377
1969.124     -1.296
1984.75     -0.972
1992.545     -0.486
2008.252     0.567
2023.944     -0.162
2031.813     -0.405
2047.601     -0.648
2055.461     0
2071.345     0.486
2079.317     0.162
2095.089     -1.539
2103.018     -1.458
2119.016     -1.053
2127.025     -0.486
2142.926     -0.324
2150.893     -0.081
2166.944     0.243
2183.044     0.081
2191.113     -0.324
2215.346     -0.405
2231.559     -1.215
2239.638     -0.081
2255.867     -0.567
2264.006     -0.405
2280.186     -0.648
2288.271     -0.162
2304.591     0.729
2320.97     0.162
2337.221     -0.324
2345.144     -1.215
2361.545     -0.162
2369.721     0.081
2386.208     0
2394.422     -0.648
2410.785     -1.458
2419.031     -0.972
2435.491     0.243
2451.527     0.162
2459.725     -0.324
2476.276     -0.486
2484.441     -1.053
2501.219     -0.81
2501.342     -0.567
2495.94     -0.405
2482.791     -0.243
2476.168     0.567
2462.944     -0.405
2456.29     -0.648
2442.98     -1.539
2429.686     -1.053
2416.258     -0.567
2409.657     -0.648
2396.336     -0.729
2389.654     0
2376.253     0.243
2362.927     0.891
2356.256     1.134
2342.887     0
2336.199     0.486
2322.798     -0.81
2316.084     -0.648
2295.904     -0.81
2282.374     -0.972
2275.585     -0.648
2262.033     -1.134
2255.249     -0.81
2241.724     0
2234.929     -0.243
2221.34     -0.405
2207.82     0.324
2201.025     0.081
2187.388     -1.134
2180.625     -1.215
2166.961     -1.782
2160.187     -1.053
2146.549     -0.405
2132.842     -0.81
2125.94     -0.567
2112.151     -0.405
2105.281     -0.972
2091.541     -0.081
2077.683     0.243
2070.808     -0.324
2056.982     -1.458
2050.063     -1.377
2036.195     -0.972
2029.798     -1.377
2016.375     0.972
2009.37     1.458
1995.437     -0.567
1988.454     -1.539
1974.419     -1.377
1960.431     1.701
1953.384     2.268
1939.23     -0.405
1932.263     -1.215
1918.255     -1.377
1904.111     -1.539
1897.392     -0.891
1883.405     1.782
1876.309     -0.081
1862.193     -1.377
1847.958     0
1840.798     0.81
1826.607     1.539
1819.35     1.134
1805.19     0.243
1798.068     0.081
1783.683     -1.539
1776.431     -1.539
1762.046     -1.458
1754.864     -0.243
1740.442     -0.162
1733.217     0.243
1718.805     -0.162
1704.366     0.486
1697.098     1.215
1682.541     0.729
1675.284     0.567
1660.738     1.458
1653.395     0.243
1638.838     -2.592
1624.195     -1.134
1616.852     0.486
1602.123     -0.405
1594.737     -0.567
1580.089     -0.648
1572.697     -0.324
1557.973     0.162
1550.55     0.405
1535.703     0.81
1521.011     -1.215
1513.625     -2.106
1498.799     0.081
1491.333     0.243
1472.185     -1.377
1458.031     -0.972
1450.586     -0.648
1435.615     -0.972
1420.649     -0.972
1413.172     -0.162
1398.196     0.486
1390.664     -0.405
1375.672     -1.701
1368.141     -0.972
1352.992     -0.891
1337.93     -0.648
1330.372     -0.648
1315.154     -1.539
1307.574     -1.053
1292.378     -0.648
1277.149     -0.162
1269.505     0.729
1254.233     0.567
1246.589     -0.324
1231.333     -1.215
1223.672     -0.486
1208.39     -0.648
1193.048     -0.162
1185.404     -0.081
1170.003     -0.648
1162.332     -0.729
1146.904     -0.243
1131.557     1.377
1123.854     1.215
1108.469     0.324
1100.723     0.081
1085.236     0.486
1077.479     0.972
1061.927     -0.081
1046.354     -0.405
1038.672     -0.081
1023.062     -0.648
1015.31     -0.81
999.802     0.891
984.196     0.567
976.359     0.243
960.786     0.162
952.981     0.162
937.246     0.243
921.625     0
913.825     -0.405
898.832     -1.539
891.194     -0.729
875.433     -0.486
867.59     -0.243
851.936     0.729
836.164     1.62
828.284     0.648
812.603     0.486
804.712     0.567
788.967     0.486
781.065     0.972
765.234     0.648
750.026     -0.405
742.619     -0.972
726.911     -1.62
719.057     -1.215
703.178     -0.567
687.336     -0.81
679.397     0.081
663.555     0.648
655.561     0.486
639.741     0.324
623.894     -0.567
615.97     -0.486
600.085     -1.539
592.076     -1.458
568.176     -1.215
552.313     -0.729
544.341     -0.486
528.424     0.567
512.614     0.324
504.626     0.648
488.645     0.891
472.765     0.891
464.825     0.162
448.871     0.243
440.91     -0.243
425.009     -0.729
417.01     -0.81
401.023     -0.972
385.014     -0.405
369.253     0.891
361.894     0.729
346.343     1.215
338.424     2.106
322.556     1.377
314.627     0.486
298.753     -1.377
283.217     -0.567
275.321     -0.81
259.382     -1.377
251.437     -1.377
235.541     1.134
219.662     0
211.706     0
195.87     1.053
187.887     0.486
172.067     0.648
156.161     -0.486
148.242     -1.377
132.508     -2.268
116.709     -1.701
108.899     -1.134
92.987     0.324
85.133     -0.324
69.48     0.324
53.788     0.567
45.951     0.891
30.399     0.567
14.821     -0.648
7.075     -0.648
