dDisplacement_nm_ori     dForce
-0.406     2.0692
0.175     1.7557
7.842     22.7926
11.416     28.1538
15.026     32.2295
18.204     36.6814
24.899     43.9864
28.853     53.1097
32.607     60.54
39.544     72.7358
43.133     78.3478
46.429     84.7435
53.443     97.4096
56.847     102.7707
60.396     109.0724
63.944     116.973
70.804     130.611
74.208     136.6932
77.638     141.4586
84.41     152.4944
87.891     159.674
91.434     165.7875
98.33     177.8893
101.878     184.0969
105.293     191.2764
112.193     200.9954
115.356     207.2344
118.873     214.2572
122.55     219.2421
129.646     231.72
132.809     238.6174
136.382     246.8002
143.268     259.8111
146.909     265.3604
150.395     271.5993
157.27     284.767
160.69     289.5325
164.171     294.4547
167.796     301.6656
174.672     314.8019
178.096     321.8247
181.516     329.3491
185.193     335.1178
191.955     348.4109
195.544     352.5493
198.958     359.5721
205.916     375.0598
209.572     380.8285
213.228     386.7853
220.083     398.166
223.749     404.2482
227.256     409.7034
234.368     425.1597
237.849     432.4333
241.356     439.0485
244.976     445.1621
252.021     457.546
255.682     462.7817
259.112     470.5256
266.065     481.8749
269.603     488.8663
273.284     496.955
284.134     510.5616
287.41     516.926
291.107     523.3217
294.779     530.3759
301.911     541.8819
305.5     548.4031
308.879     556.0529
316.016     569.1265
319.647     576.212
323.406     580.4444
326.918     587.6553
334.148     601.1052
337.639     608.6296
341.465     615.9032
348.628     629.9174
352.357     638.2569
355.776     647.0667
359.422     651.7695
366.652     662.4604
370.38     667.9783
374.077     675.001
381.225     699.2986
384.84     705.757
388.45     710.9614
395.803     726.1356
399.408     733.754
403.136     742.1249
410.412     755.9823
414.13     761.4062
417.637     768.2095
421.443     775.6085
428.611     788.1805
432.447     795.7989
436.026     803.825
443.559     814.0456
447.025     820.5354
450.764     829.3452
458.158     842.7324
462.005     849.2221
465.661     856.4957
469.219     865.1488
476.624     882.0787
480.347     888.0982
484.111     893.6474
491.603     906.7524
495.208     913.7438
498.859     920.9861
506.428     931.8337
510.177     939.4522
514.023     946.1614
521.305     962.8092
525.12     969.2049
528.782     975.6633
532.592     983.9715
539.848     999.1771
543.679     1005.9177
547.412     1011.9372
555.11     1025.7633
558.73     1033.6012
562.468     1041.0629
569.909     1049.8727
573.771     1058.6825
577.53     1065.9247
581.299     1073.0729
588.771     1086.1779
592.515     1095.0504
596.443     1103.4527
603.997     1117.8431
607.833     1125.5556
611.433     1133.2054
619.177     1146.7807
622.946     1153.4272
626.906     1161.1084
630.572     1168.2565
638.229     1183.6502
641.952     1190.6103
649.727     1206.2234
653.44     1214.8137
657.338     1220.2376
661.066     1226.9468
668.779     1242.9675
672.564     1249.2378
676.415     1259.239
683.918     1271.7483
687.811     1278.3008
691.719     1284.0068
699.591     1298.4286
703.417     1306.2665
707.109     1313.2579
711.105     1321.5661
718.793     1337.2419
722.762     1344.1079
726.532     1350.3469
734.266     1366.1481
738.03     1373.3277
742.046     1381.1342
749.749     1398.7225
753.729     1406.1529
757.37     1412.5172
761.324     1420.3865
769.048     1437.285
773.064     1444.0256
777.049     1450.8917
784.701     1471.1448
788.578     1479.1708
792.45     1487.2596
796.528     1493.9061
804.257     1510.5225
808.196     1516.1031
812.006     1522.4675
823.771     1541.9055
827.757     1548.3012
831.526     1554.9791
839.522     1569.9966
843.101     1576.6745
847.22     1586.9265
851.39     1596.2379
859.119     1609.5624
863.104     1616.5851
867.023     1624.6739
875.06     1637.4026
878.835     1644.6762
882.907     1651.2914
890.785     1669.3813
894.832     1677.5327
898.704     1685.6215
906.603     1701.7676
910.506     1709.7936
914.671     1718.1958
918.558     1724.811
926.549     1738.6685
930.293     1747.4156
934.402     1755.8178
942.393     1769.3304
946.496     1777.7013
950.476     1785.7586
954.245     1800.7447
962.329     1808.1124
966.325     1815.6995
970.469     1822.6282
978.424     1835.8586
982.487     1843.8846
986.354     1852.6317
994.509     1870.0319
998.505     1878.4655
1002.572     1885.4569
1010.358     1899.0008
1014.528     1906.0236
1018.539     1912.7955
1022.637     1921.3545
1030.525     1937.9709
1034.614     1947.5331
1038.712     1955.5905
1046.898     1970.169
1050.909     1980.4524
1054.802     1988.8546
1062.87     2006.098
1067.041     2013.1521
1071.149     2020.7392
1075.062     2029.0474
1083.172     2043.8454
1087.116     2050.7428
1091.286     2056.7623
1099.447     2070.1494
1103.7     2079.7744
1107.52     2086.3583
1115.779     2106.9563
1119.795     2115.3272
1124.017     2121.5035
1128.053     2128.5889
1136.142     2146.428
1140.158     2153.6389
1144.277     2160.7557
1152.51     2176.5256
1156.644     2185.5235
1160.701     2192.1387
1168.929     2208.6924
1173.017     2217.659
1177.11     2225.4028
1185.189     2241.4235
1189.287     2250.6095
1193.55     2258.2593
1197.556     2266.0032
1205.938     2283.0899
1209.779     2292.2132
1214.057     2300.5527
1222.346     2324.3173
1226.62     2331.8103
1230.672     2338.4882
1238.776     2356.2333
1242.823     2365.6701
1247.081     2373.1631
1251.246     2380.8757
1259.581     2396.5828
1263.592     2405.6748
1267.686     2413.0424
1276.15     2429.0945
1280.33     2436.4621
1284.521     2443.9238
1292.728     2461.1359
1296.929     2468.3781
1300.925     2474.6798
1309.482     2493.8043
1313.508     2500.4822
1317.735     2509.4801
1321.844     2518.1959
1330.339     2535.7528
1334.411     2545.0642
1338.648     2551.3973
1346.82     2565.8817
1351.16     2574.2526
1355.33     2582.9057
1363.809     2601.121
1367.759     2608.7394
1372.022     2616.5147
1376.372     2623.8509
1384.78     2643.1949
1389.032     2652.2242
1392.997     2660.1562
1401.487     2678.4655
1409.982     2687.6515
1414.162     2695.4895
1422.549     2712.1685
1426.627     2721.2605
1431.013     2729.9136
1435.245     2737.6261
1443.694     2753.4273
1447.793     2760.9831
1452.045     2768.9464
1460.52     2784.6849
1464.762     2793.6201
1469.102     2804.311
1477.453     2820.4258
1481.711     2828.2323
1485.871     2836.8854
1490.139     2845.1936
1498.305     2859.9916
1502.907     2870.5571
1507.103     2879.2728
1515.783     2896.6103
1519.969     2905.4201
1524.309     2912.5369
1532.645     2928.8398
1537.103     2938.8096
1541.273     2946.6162
1549.979     2962.3547
1553.97     2970.318
1558.335     2978.5008
1562.711     2987.342
1571.335     3004.8675
1575.67     3012.3606
1579.784     3021.6407
1588.309     3036.5954
1592.644     3046.9101
1597.077     3055.281
1605.536     3072.6185
1609.835     3080.6758
1613.892     3090.9278
1622.798     3106.3842
1627.072     3114.5356
1631.525     3121.433
1635.577     3128.4557
1644.391     3147.3294
1648.566     3155.9511
1653.019     3163.9458
1661.427     3184.293
1665.839     3192.5699
1670.061     3201.5991
1678.576     3228.248
1682.865     3237.5595
1687.349     3246.4007
1691.931     3254.6148
1700.59     3269.4441
1704.894     3277.6896
1709.152     3286.5935
1718.017     3305.2791
1722.373     3311.957
1726.826     3320.8295
1730.986     3329.8587
1739.774     3347.9173
1743.903     3357.7304
1748.444     3367.1986
1757.201     3384.9749
1761.721     3395.8226
1766.082     3403.974
1774.983     3419.8693
1779.297     3427.0489
1783.581     3435.9214
1788.013     3446.1107
1796.755     3464.0752
1801.147     3472.9477
1805.44     3481.2245
1814.229     3497.2452
1818.599     3505.3339
1823.161     3514.1124
1831.969     3531.8888
1836.458     3543.0186
1840.521     3552.9571
1849.54     3569.9183
1853.829     3580.2644
1858.37     3588.5412
1862.771     3596.3164
1871.631     3609.2647
1875.977     3619.2972
1880.425     3628.0443
1889.202     3645.9461
1893.666     3656.2921
1897.955     3665.0392
1906.943     3681.5929
1911.376     3689.9011
1915.711     3698.0525
1920.226     3709.3391
1929.122     3726.2063
1933.678     3735.7999
1937.915     3744.1081
1947.068     3762.6056
1951.331     3769.2835
1955.892     3778.689
1964.742     3795.3994
1969.319     3804.993
1973.633     3813.9282
1982.606     3834.2127
1986.905     3841.3296
1991.518     3849.6064
1996.074     3860.4854
2005.134     3878.544
2009.402     3887.7927
2013.835     3897.982
2022.849     3918.8308
2027.441     3927.4525
2035.695     3936.1683
2045.29     3951.6874
2049.764     3960.4345
2054.474     3967.1751
2063.308     3985.265
2067.864     3993.7299
2072.261     4004.7344
2081.471     4020.3475
2085.862     4029.3768
2090.429     4038.6882
2094.851     4047.2472
2103.983     4065.0863
2108.452     4075.0248
2112.988     4084.2735
2121.853     4102.3007
2126.471     4112.3646
2131.083     4123.0241
2140.123     4141.5843
2144.684     4150.3001
2149.096     4157.5737
2158.162     4184.0658
2162.713     4192.9383
2167.351     4201.9989
2171.691     4212.2196
2180.886     4229.8079
2185.323     4237.6144
2190.008     4246.675
2198.925     4267.3671
2203.589     4278.0894
2208.011     4286.3976
2217.174     4302.1048
2221.576     4310.6324
2226.127     4321.1039
2230.549     4330.0704
2239.718     4346.436
2244.269     4354.2739
2248.933     4363.6481
2258.024     4384.1834
2262.632     4394.8429
2267.352     4403.8409
2276.49     4422.0248
2281.118     4432.9666
2285.397     4440.1774
2290.061     4449.7083
2299.147     4467.6415
2303.883     4477.3291
2308.454     4486.7033
2317.623     4505.4829
2322.112     4514.1673
2326.797     4524.2312
2335.904     4543.8573
2340.619     4553.6077
2345.093     4562.8564
2349.623     4571.823
2358.92     4588.847
2363.61     4596.967
2368.356     4605.965
2377.412     4627.0646
2382.112     4637.5047
2386.688     4648.2583
2396.078     4668.9818
2400.495     4676.757
2405.185     4683.2468
2409.787     4691.7117
2419.172     4712.4038
2423.733     4721.872
2428.387     4728.9575
2437.437     4746.7025
2442.276     4755.5123
2446.894     4765.294
2456.248     4786.0802
2460.618     4793.4792
2465.411     4801.8187
2470.147     4812.1648
2479.465     4834.6439
2484.129     4843.7672
2488.597     4851.1662
2497.966     4868.1588
2502.656     4876.2162
2507.433     4885.6844
2512.031     4895.7483
2521.338     4916.0641
2525.956     4926.2221
2530.733     4935.5962
2539.999     4954.6267
2544.797     4964.5024
2549.317     4973.6571
2558.825     4993.5341
2563.427     5001.999
2568.179     5011.5613
2572.971     5021.6878
2582.16     5039.088
2586.968     5048.2113
2591.622     5057.8049
2601.182     5078.0895
2605.763     5087.056
2610.535     5095.7718
2619.951     5114.1752
2624.79     5125.0229
2629.412     5133.5505
2638.792     5151.9853
2643.507     5162.4881
2648.398     5172.5833
2653     5191.8332
2662.631     5211.961
2667.095     5222.2443
2671.872     5230.6152
2676.649     5239.958
2686.167     5261.1517
2690.903     5268.8956
2704.983     5285.4493
2709.734     5294.7921
2714.588     5305.1068
2719.103     5314.9512
2728.416     5333.2605
2733.301     5343.3558
2738.258     5354.2975
2747.746     5374.6447
2752.636     5385.8686
2757.166     5394.7725
2766.834     5414.4927
2771.431     5423.1457
2776.28     5432.7707
2785.665     5451.4876
2790.529     5461.3634
2795.25     5471.49
2799.991     5480.6446
2809.617     5499.6437
2814.291     5509.3314
2819.048     5519.8656
2828.669     5537.6419
2833.498     5546.6085
2838.141     5555.6691
2843.011     5566.9244
2852.359     5587.2402
2857.219     5598.4641
2861.873     5605.9885
2871.561     5623.9844
2876.122     5634.0483
2881.012     5644.4257
2890.566     5665.8702
2895.492     5675.8714
2900.208     5682.6747
2904.877     5690.7634
2914.395     5712.302
2919.291     5720.5161
2924.155     5729.7021
2933.735     5749.6418
2938.451     5759.8938
2943.182     5768.9858
2952.895     5790.3676
2957.719     5800.4628
2962.666     5809.1472
2972.06     5827.5506
2977.002     5836.2351
2981.671     5845.7033
2986.608     5856.1434
2996.198     5873.5435
3001.15     5883.6701
3005.932     5894.894
3015.708     5912.7958
3020.454     5924.3332
3025.293     5936.2782
3030.121     5946.4361
3039.943     5964.7455
3044.89     5974.8721
3049.616     5984.9673
3059.283     6006.0356
3064.132     6014.9081
3069.167     6024.3763
3078.88     6044.1592
3083.832     6053.4079
3088.434     6062.4372
3098.313     6084.9477
3103.146     6093.3499
3108.227     6102.2538
3113.061     6110.6874
3122.805     6133.6055
3127.536     6145.6445
3132.503     6155.8965
3142.253     6173.4848
3147.313     6184.3638
3152.116     6194.3336
3162.005     6212.4862
3166.864     6223.0517
3171.811     6243.493
3181.422     6265.7527
3186.471     6273.8414
3191.459     6283.435
3196.252     6293.781
3206.31     6313.5326
3211     6323.7219
3215.967     6335.5101
3225.743     6356.2335
3230.792     6365.7644
3235.641     6375.797
3245.36     6395.8307
3250.184     6405.4243
3255.238     6413.4816
3260.031     6424.0471
3270.31     6442.6387
3274.99     6452.5458
3279.916     6460.8853
3289.799     6481.5147
3294.793     6492.8954
3299.827     6502.8338
3309.643     6521.394
3314.528     6533.2136
3319.47     6543.8104
3324.587     6553.8743
3334.362     6574.1588
3339.386     6584.0033
3344.225     6593.6282
3354.263     6612.596
3359.137     6620.1831
3364.182     6629.6513
3373.983     6651.8482
3379.038     6662.884
3383.938     6673.0419
3388.988     6682.5728
3403.849     6703.9547
3408.925     6712.6704
3413.779     6723.3613
3423.868     6743.1442
3428.717     6754.9638
3433.818     6763.2093
3443.768     6783.2743
3448.849     6793.3696
3453.703     6804.8129
3463.751     6823.9061
3468.719     6835.6316
3473.845     6844.2847
3478.669     6853.5334
3488.902     6875.072
3493.746     6884.7283
3498.826     6895.9835
3508.674     6917.5221
3513.867     6929.7179
3518.948     6941.318
3528.96     6961.0382
3534.102     6969.8794
3538.992     6979.567
3544.15     6987.4049
3554.162     7004.9932
3559.304     7016.7814
3564.251     7027.9426
3574.386     7047.3806
3579.38     7057.5072
3584.573     7068.1354
3594.626     7091.9
3599.758     7102.0893
3604.51     7110.8991
3614.84     7133.1588
3619.751     7143.4421
3624.919     7153.7568
3634.905     7175.6716
3640.079     7184.983
3645.072     7194.6393
3650.162     7205.2049
3660.375     7225.991
3665.45     7236.776
3670.51     7245.8052
3680.63     7263.2054
3685.742     7273.6142
3690.76     7283.1451
3700.855     7303.5863
3705.899     7315.061
3711.155     7337.3521
3721.367     7359.549
3726.571     7368.641
3731.425     7378.3287
3736.65     7388.1731
3746.842     7409.1787
3752.169     7419.3993
3757.214     7429.7767
3767.4     7449.7477
3772.378     7459.8743
3777.561     7469.8128
3787.831     7492.4173
3793.019     7501.3212
3797.981     7512.8586
3808.343     7533.7388
3813.423     7544.6805
3818.463     7555.8104
3823.672     7567.8807
3833.828     7590.2031
3839.032     7599.1383
3844.092     7608.8573
3854.556     7632.5278
3859.549     7642.0901
3864.728     7649.2383
3874.734     7667.7671
3879.913     7676.7337
3884.7     7688.9922
3890.079     7702.0031
3900.569     7721.5038
3905.758     7732.1007
3910.92     7742.1959
3921.328     7763.2329
3926.285     7774.5195
3931.525     7787.7812
3941.779     7806.843
3947.075     7815.8723
3952.326     7825.7167
3957.293     7834.5892
3967.696     7856.1905
3972.792     7866.1603
3978.016     7876.5377
3988.1     7897.7628
3993.35     7911.0559
3998.457     7921.6528
4008.69     7943.0973
4014.053     7953.7255
4019.396     7963.8207
4024.466     7974.9506
4034.91     7996.5205
4040.006     8006.3022
4045.241     8015.4882
4052.034     8024.0159
4049.766     8021.6332
4047.215     8015.018
4041.672     8004.0449
4038.731     7997.8373
4036.046     7992.9464
4033.064     7988.6199
4026.842     7979.089
4023.628     7972.5678
4020.414     7965.7959
4013.523     7951.6876
4010.592     7945.8876
4007.111     7939.7113
3996.904     7926.669
3993.788     7917.9219
3990.301     7910.2721
3986.835     7903.5315
3979.975     7890.5206
3976.515     7882.2437
3973.244     7874.8447
3966.205     7862.21
3962.749     7854.5916
3959.139     7847.6942
3952.197     7835.373
3948.68     7827.1275
3945.24     7820.0734
3941.589     7816.8128
3934.539     7801.0743
3930.898     7794.3651
3927.545     7787.2482
3920.341     7764.048
3916.947     7757.3074
3913.296     7749.3754
3906.328     7735.0477
3902.646     7726.7709
3899.073     7718.6195
3895.571     7713.1329
3888.305     7701.0312
3884.839     7695.1371
3881.121     7689.5878
3873.953     7672.4071
3870.338     7666.2309
3866.964     7659.3962
3863.267     7651.7151
3856.371     7637.0111
3852.643     7632.1516
3848.776     7625.3483
3841.531     7607.5719
3838.024     7600.9881
3834.342     7593.2442
3830.65     7586.002
3823.435     7573.8062
3819.928     7565.1531
3816.437     7558.2871
3809.299     7543.7086
3805.448     7537.6577
3801.565     7529.1928
3794.366     7516.8089
3790.669     7507.6542
3787.069     7500.1925
3779.757     7483.9524
3776.276     7475.5188
3772.491     7465.8625
3768.902     7457.2408
3761.471     7442.2233
3758.093     7435.8589
3754.283     7428.5227
3747.017     7414.5398
3743.18     7407.3603
3739.488     7399.9299
3732.027     7385.759
3728.602     7378.5481
3724.895     7372.8108
3717.438     7357.8247
3713.592     7350.6452
3709.915     7342.6191
3702.665     7328.2287
3699.003     7320.5789
3695.342     7313.4621
3691.455     7304.0566
3684.142     7290.6694
3680.419     7285.0575
3676.815     7278.505
3669.158     7262.7038
3665.486     7256.9664
3661.738     7250.1945
3658.205     7242.8895
3650.553     7227.6526
3646.897     7219.5326
3643.143     7210.033
3635.764     7195.235
3631.897     7187.5539
3628.138     7177.3646
3620.579     7162.598
3616.846     7155.5125
3613.257     7149.3676
3605.692     7136.4507
3601.877     7129.6474
3598.03     7120.4613
3594.349     7112.5294
3586.769     7101.8698
3583.123     7092.6524
3579.266     7083.4664
3571.759     7066.317
3567.835     7058.3851
3564.375     7051.6445
3560.554     7042.4271
3552.897     7027.7545
3548.994     7020.8571
3545.179     7012.643
3537.712     6998.2526
3534.015     6991.7942
3530.225     6985.3671
3522.517     6964.3928
3518.701     6957.0879
3514.942     6949.9711
3507.362     6933.6369
3503.506     6925.6422
3499.788     6917.0832
3495.88     6910.2172
3488.439     6895.0116
3484.531     6887.017
3480.787     6878.9282
3469.408     6863.5973
3465.448     6855.0069
3461.633     6847.1063
3458.105     6839.3311
3450.119     6824.0942
3446.298     6817.2909
3442.375     6810.707
3434.677     6794.9372
3430.753     6787.7576
3426.979     6781.1111
3419.291     6763.7423
3415.496     6756.939
3411.48     6749.6654
3403.793     6732.9236
3399.864     6725.2111
3396.244     6715.2413
3392.284     6705.7417
3384.484     6690.4421
3380.437     6681.9458
3376.57     6673.669
3368.975     6662.884
3365.468     6656.4569
3361.374     6649.1206
3357.168     6643.1011
3349.48     6625.262
3345.639     6618.4901
3341.839     6610.4327
3333.858     6595.6974
3329.986     6587.8282
3326.011     6579.1124
3318.385     6563.5933
3314.379     6554.6581
3310.548     6546.0991
3302.614     6533.5585
3298.901     6526.4416
3294.89     6517.7259
3287.033     6500.9214
3282.919     6492.7386
3279.098     6485.8099
3275.293     6479.665
3267.513     6461.6064
3263.492     6452.295
3259.537     6445.6171
3251.69     6428.311
3247.828     6422.072
3244.157     6414.9552
3236.017     6400.2199
3231.99     6392.3193
3227.902     6384.2932
3224.174     6376.8316
3216.224     6361.4065
3212.296     6354.0076
3208.166     6347.2669
3200.432     6329.3965
3196.35     6322.6559
3192.519     6314.3164
3184.384     6297.8567
3180.542     6287.6361
3176.521     6279.0458
3168.648     6263.6521
3164.56     6255.6261
3160.652     6248.6347
3156.734     6241.1103
3148.887     6226.8139
3144.85     6218.3803
3140.926     6210.1662
3132.642     6194.3022
3128.595     6188.0319
3124.739     6180.0059
3120.589     6171.2901
3112.665     6156.3981
3108.469     6148.4034
3104.494     6130.8779
3096.467     6114.8258
3092.775     6108.1793
3088.656     6099.4008
3080.397     6083.4428
3076.242     6075.6363
3072.344     6066.4816
3063.993     6051.9971
3060.204     6043.1559
3056.1     6032.1515
3051.955     6022.8087
3043.743     6006.6313
3039.635     6000.4863
3035.783     5992.3349
3027.663     5974.5899
3023.57     5965.6233
3019.359     5958.5065
3011.332     5941.1377
3007.275     5932.1711
3003.305     5924.7721
2999.032     5917.185
2990.932     5902.4184
2986.659     5894.8626
2982.767     5886.5545
2974.482     5870.5024
2970.518     5860.6893
2966.311     5853.792
2958.218     5838.0848
2953.975     5828.5853
2949.877     5820.5906
2945.83     5811.4673
2937.546     5793.3773
2933.519     5786.1978
2929.339     5777.6702
2921.137     5760.3641
2916.91     5751.8364
2912.899     5745.6915
2904.682     5731.74
2900.588     5723.9021
2896.31     5714.6847
2888.052     5706.0003
2879.876     5690.011
2875.649     5678.6303
2871.447     5669.4756
2863.019     5651.5738
2858.911     5643.83
2854.91     5637.0894
2846.554     5622.1346
2842.363     5612.0708
2838.136     5604.0447
2834.094     5595.9247
2825.743     5581.2834
2821.619     5574.4174
2817.315     5566.3914
2809.072     5547.5804
2804.778     5539.523
2800.793     5532.9705
2796.551     5522.9067
2788.189     5504.4092
2783.911     5495.0978
2779.684     5485.5355
2771.457     5469.9224
2767.23     5460.7677
2763.054     5452.8671
2754.672     5436.0939
2750.528     5428.4441
2746.296     5420.5122
2738.032     5403.9272
2734.098     5396.9357
2729.63     5388.7843
2725.197     5380.194
2716.928     5360.317
2712.568     5352.0088
2708.413     5342.7287
2699.784     5327.1156
2695.788     5319.6226
2691.407     5310.1544
2683.041     5290.5596
2678.639     5282.4395
2674.392     5272.5637
2670.283     5263.1896
2661.906     5249.9592
2657.607     5232.0261
2653.278     5222.7146
2644.803     5208.4496
2640.638     5197.7587
2636.411     5190.7986
2627.859     5172.3012
2623.663     5164.3065
2619.241     5156.7821
2615.276     5148.7561
2606.586     5130.0705
2602.4     5122.3893
2598.055     5111.8552
2589.591     5096.0226
2585.189     5088.0906
2581.055     5077.9954
2576.823     5069.9067
2568.245     5054.7325
2564.034     5046.7065
2559.725     5037.7085
2551.328     5020.1516
2546.838     5011.2791
2542.596     5001.8422
2534.065     4985.1945
2529.72     4978.2031
2525.308     4969.2365
2516.792     4952.4007
2512.411     4943.8103
2508.369     4937.0384
2503.906     4928.981
2495.293     4909.6057
2490.906     4899.1656
2486.684     4891.1396
2478.148     4874.6172
2473.932     4865.3685
2469.453     4856.9663
2460.86     4838.218
2456.422     4831.1325
2452.17     4822.3227
2443.412     4804.0133
2439.227     4795.3916
2434.845     4787.8986
2430.372     4779.7785
2421.897     4762.9113
2417.516     4754.415
2413.243     4746.3263
2404.398     4729.898
2400.223     4722.0601
2395.77     4713.4071
2387.172     4695.2231
2382.672     4685.7549
2378.373     4677.917
2369.673     4660.9558
2365.42     4651.7697
2360.957     4643.4929
2356.622     4634.6204
2347.936     4616.3424
2343.643     4608.5358
2339.2     4600.0081
2330.401     4579.4415
2325.892     4570.8511
2321.469     4561.9472
2312.856     4547.4314
2308.444     4538.7784
2304.094     4531.3794
2299.527     4522.0366
2290.863     4507.1132
2286.482     4497.1747
2282.214     4486.9541
2268.9     4468.0177
2264.406     4460.3052
2260.194     4450.7743
2251.273     4432.0887
2246.933     4423.6238
2242.51     4414.2183
2238.037     4404.8441
2229.392     4387.9769
2225.001     4378.5401
2220.656     4368.727
2211.677     4352.5809
2207.44     4343.6771
2203.028     4335.0867
2194.338     4317.8119
2189.813     4301.1956
2185.601     4291.069
2181.179     4281.2873
2172.514     4264.5141
2167.984     4254.7951
2163.644     4246.0794
2154.799     4227.7387
2150.675     4220.4337
2146.17     4213.3169
2137.387     4195.2897
2132.826     4187.1383
2128.342     4178.0463
2124.126     4168.9857
2115.286     4150.8331
2110.91     4142.807
2106.369     4133.5583
2097.643     4115.4684
2093.205     4106.7526
2088.84     4098.0996
2079.81     4080.6054
2075.429     4071.8582
2070.909     4063.1738
2066.682     4054.1446
2057.729     4036.3055
2053.626     4027.0567
2048.951     4018.5918
2039.988     4002.0381
2035.422     3992.6013
2030.974     3980.9698
2021.934     3964.9491
2017.501     3955.7317
2013.166     3945.7619
2008.703     3937.3283
1999.786     3918.9249
1995.256     3909.6135
1990.839     3900.9918
1981.989     3882.1494
1977.572     3873.5904
1972.98     3864.2476
1964.089     3845.468
1959.497     3837.8182
1955.254     3830.8268
1950.668     3820.7629
1941.782     3801.3876
1937.154     3791.9194
1932.706     3785.1474
1924.365     3766.838
1919.511     3757.3071
1914.986     3748.1525
1905.94     3731.1599
1901.441     3721.4095
1897.019     3711.0635
1892.632     3701.3758
1883.474     3684.007
1879.021     3675.3853
1874.388     3667.2025
1865.651     3651.3072
1861.023     3641.2433
1856.595     3631.9319
1847.422     3611.4593
1843.19     3604.3424
1838.572     3593.8396
1834.067     3585.6569
1824.919     3566.501
1820.543     3557.5658
1816.033     3548.9754
1806.947     3531.7007
1802.309     3523.5806
1797.727     3513.454
1788.646     3494.3609
1784.306     3487.6202
1779.781     3478.3715
1770.607     3460.5324
1766.123     3450.9388
1761.675     3442.2231
1757.453     3434.3851
1748.022     3411.7179
1743.631     3403.3784
1738.941     3394.3804
1730.019     3376.2592
1725.283     3365.9131
1720.804     3357.3855
1711.744     3330.2036
1707.357     3320.9235
1702.729     3311.9883
1698.148     3302.5828
1693.7     3287.1892
1684.644     3278.1285
1680.062     3268.9425
1671.058     3251.4796
1666.477     3240.8514
1661.833     3231.4459
1652.839     3211.0046
1648.324     3201.317
1643.912     3191.2531
1634.8     3176.9881
1630.404     3167.6767
1621.353     3157.7695
1616.725     3148.6462
1607.608     3131.4655
1603.032     3122.2795
1598.604     3113.5324
1589.384     3096.1008
1584.874     3086.7581
1580.365     3077.2585
1571.391     3058.9178
1566.763     3050.2647
1562.161     3041.1101
1557.641     3031.7359
1548.462     3011.42
1544.086     3004.1465
1539.381     2994.1766
1530.264     2975.0835
1525.553     2965.4585
1521.033     2957.119
1511.767     2939.9069
1507.412     2931.1285
1502.635     2920.9392
1497.893     2910.3423
1488.596     2892.1584
1484.148     2883.474
1479.541     2871.3722
1470.382     2851.9969
1465.734     2843.1244
1461.039     2833.0291
1451.886     2814.9079
1447.345     2805.1889
1442.82     2796.3477
1433.446     2779.167
1428.957     2770.0123
1424.308     2761.3593
1419.747     2755.1517
1410.439     2736.0585
1405.935     2724.2389
1401.209     2714.2377
1392.189     2697.6214
1387.438     2686.3975
1382.903     2677.1801
1378.275     2666.9908
1369.193     2650.5625
1364.473     2641.6273
1359.85     2633.0683
1350.609     2614.1319
1345.894     2605.3848
1341.446     2595.415
1332.18     2577.8894
1327.531     2570.1456
1322.78     2559.7368
1313.539     2540.4556
1308.962     2532.1474
1304.468     2522.4284
1299.696     2513.1483
1290.522     2492.9578
1285.714     2484.3047
1281.256     2475.4949
1271.851     2457.3423
1267.372     2447.8114
1262.651     2439.4405
1257.936     2431.4459
1248.803     2413.2933
1244.165     2402.9786
1239.583     2394.7331
1230.24     2374.6994
1225.653     2363.3501
1220.943     2346.4515
1211.681     2328.8946
1207.028     2318.8621
1202.472     2308.516
1197.731     2298.3581
1188.654     2276.412
1183.908     2267.2573
1179.347     2259.1058
1169.926     2241.9565
1165.54     2233.711
1160.789     2225.4028
1151.569     2202.4848
1146.781     2191.4176
1142.199     2183.0781
1137.726     2174.2369
1128.531     2155.9276
1123.929     2148.2464
1119.311     2139.1858
1109.659     2118.2115
1104.954     2109.7152
1100.491     2099.2124
1091.111     2080.0566
1086.56     2071.623
1081.783     2062.4369
1077.227     2053.7525
1067.982     2037.1362
1063.498     2027.5739
1058.7     2019.8928
1049.49     1999.9218
1044.769     1989.7325
1040.327     1982.6156
1030.855     1964.5257
1026.329     1954.117
1021.629     1944.5861
1016.816     1934.8671
1007.673     1917.7804
1003.04     1907.6852
998.453     1898.0916
988.961     1878.9357
984.42     1870.7843
979.72     1862.288
970.336     1844.6684
965.636     1835.2942
961.126     1826.0769
951.983     1817.9254
942.614     1798.7696
938.068     1788.4862
933.389     1778.7986
924.22     1760.5519
919.561     1752.6513
914.954     1744.3431
905.867     1722.6791
900.977     1713.3363
896.508     1703.9622
887.216     1687.2831
882.506     1676.7176
877.719     1668.7229
873.235     1658.032
864.015     1640.9454
859.489     1633.3269
854.707     1623.3884
845.472     1602.0693
840.731     1592.5384
836.272     1583.5405
826.924     1565.4506
822.908     1554.6343
817.976     1547.0472
812.926     1536.9519
803.655     1516.6047
799.166     1507.983
794.522     1498.1699
785.071     1480.5503
780.515     1470.3297
775.846     1462.9934
766.549     1441.5175
761.869     1430.858
757.298     1423.5217
752.495     1416.0913
743.347     1394.5527
738.554     1384.3008
733.962     1375.1774
724.506     1355.9589
720.15     1338.59
715.414     1330.7521
706.122     1310.5303
701.386     1301.3756
696.753     1292.315
692.207     1283.9755
682.92     1262.6564
678.225     1252.2476
673.536     1243.281
664.264     1225.6614
659.683     1215.2527
655.08     1205.7531
645.721     1187.5064
641.047     1178.0382
636.265     1168.3192
631.853     1159.5094
622.376     1142.893
617.773     1134.3968
612.965     1125.9005
603.756     1101.9478
598.999     1091.7899
594.386     1081.3811
585.053     1062.6642
580.682     1053.9171
575.874     1043.2575
566.546     1025.8887
561.718     1016.0443
557.059     1005.7296
552.451     996.7944
543.267     979.3942
538.675     970.8665
533.872     962.4957
524.529     942.7441
519.86     933.9657
515.499     924.2466
510.727     912.96
501.461     894.1177
496.689     883.8344
492.097     873.3943
482.702     852.8589
478.295     843.4534
473.59     834.8004
464.303     815.7386
459.531     803.8877
454.898     795.5168
450.445     787.6475
441.117     770.6863
436.463     761.8451
431.67     750.8407
422.389     733.66
417.817     723.1258
413.23     712.1214
408.422     704.1267
399.166     686.5384
394.415     674.2486
389.962     666.2226
380.551     648.4775
376.175     640.0126
371.311     628.0363
362.209     608.7236
357.514     600.4468
352.881     590.3202
348.15     581.918
338.75     563.64
334.287     554.3599
329.7     545.6128
320.248     524.9207
315.554     513.1952
311.018     503.4134
306.282     495.1053
297.16     478.0813
292.434     468.6131
287.893     457.9222
274.159     442.1837
269.423     434.816
264.805     423.843
260.264     414.5002
250.916     397.0373
246.468     387.7259
241.788     378.822
232.645     357.9418
227.914     349.7277
223.389     339.9773
218.813     323.1728
209.767     304.2051
205.016     294.6115
200.491     285.6135
191.26     266.8025
186.915     259.2468
182.267     247.6153
173.031     229.0865
168.311     220.0886
163.703     209.6798
159.348     202.1241
150.215     185.1942
145.623     174.9422
140.939     165.4113
131.94     147.3214
127.384     137.2575
122.925     128.6045
113.659     111.9254
109.113     100.9837
104.434     92.7068
100.114     85.4019
90.863     64.8979
86.415     55.8686
81.777     49.1907
72.809     32.2608
68.166     24.0154
63.63     17.5256
59.1     11.2239
49.911     -8.5276
45.38     -15.0488
40.706     -18.6856
31.733     -20.1905
27.089     -20.4726
22.59     -20.0337
13.524     -19.9396
9.081     -20.1278
4.304     -18.6856
-0.159     -18.2467
