Distance_nm     Force_uN
0     2.4768
-0.123     3.1665
-0.346     3.0411
-0.063     2.3827
2.081     1.2541
4.871     0.4076
7.638     -0.0314
10.136     -0.5016
12.697     -0.9719
15.337     -2.1006
18.038     -2.8844
20.663     -2.853
23.044     -2.3827
27.73     -1.4108
29.797     -0.5016
31.77     -0.2508
34.145     -0.0314
36.404     0.3135
38.579     1.2854
40.714     2.9157
42.48     3.6995
44.553     3.0725
47.199     2.1946
49.783     1.7557
52.261     1.6303
54.705     0.8778
57.299     -0.6584
60.243     -1.3481
62.847     -1.3481
65.092     -0.6897
67.302     -0.3135
69.535     -1.2854
72.13     -2.5081
74.978     -2.0692
77.111     -1.2854
79.205     -0.6584
81.472     0.7524
83.297     1.4422
85.392     2.4141
87.401     2.7903
89.623     2.5081
92.157     1.8811
94.678     0.9405
97.356     0.0941
100.103     -0.0314
102.416     0.4389
104.633     0.3762
107.113     -1.3795
109.99     -2.1946
112.673     -1.3481
114.809     -0.6584
116.919     -0.5643
119.289     -1.1914
121.904     -1.6616
124.407     -0.4703
126.442     1.4735
128.153     1.7243
130.444     1.16
133.115     1.3481
135.333     1.5362
137.619     1.066
140.238     0.533
142.663     1.0033
145.005     1.6616
147.252     1.4108
149.618     0.0941
152.545     -1.5049
155.494     -2.7276
158.221     -2.0379
160.494     -0.8151
162.439     -0.4076
164.541     -0.2508
166.874     -0.1254
169.134     0.1254
171.492     0.5957
173.803     0.8778
176.046     0.8778
178.495     0.2822
181.109     0.3449
183.442     1.4108
185.53     2.4454
187.539     3.1352
189.66     2.5081
192.4     0.533
195.424     -1.3795
198.479     -1.4735
201.002     -0.9719
203.181     -1.2227
205.72     -2.1633
208.535     -2.0692
210.873     -1.2854
213.14     -0.3135
215.233     0.4389
217.364     0.9719
219.7     0.9092
222.139     0.6897
224.657     -0.0941
227.413     -1.1287
230.129     -0.4389
232.438     1.4422
234.312     2.853
236.167     2.6962
238.784     1.4735
241.705     -0.0941
244.575     -1.5049
247.565     -1.787
250.094     -1.1287
252.272     -1.1914
254.878     -2.0692
257.604     -2.2887
260.158     -2.1319
262.653     -0.8465
264.556     1.2854
266.382     1.4422
268.855     0.2195
271.646     0.1254
274.22     0.5643
276.567     0.8151
278.874     1.3481
281.324     1.9125
283.655     1.693
286.225     1.4422
288.853     1.5676
291.212     1.0973
293.826     -0.3135
296.815     -1.0973
299.524     -0.9719
302.072     -1.5989
304.827     -1.8811
307.335     -0.8778
309.564     -0.1568
311.815     -0.1568
314.238     -0.3449
316.901     -0.6897
319.462     -0.2195
321.751     0.8778
323.953     1.8184
326.047     1.5362
328.696     0.8778
331.451     0.8778
333.816     1.693
336.114     2.7589
338.222     2.7589
340.65     1.6616
343.685     0.1568
346.712     -1.3168
349.67     -0.533
352.015     -0.7524
354.575     -1.9752
357.459     -1.6616
359.958     -0.1254
361.85     0.533
364.133     1.066
366.573     1.6303
368.836     1.2227
371.532     1.4735
373.959     2.32
376.084     1.7557
378.881     1.3795
383.953     1.9438
386.362     2.4454
388.62     1.9752
391.343     1.2227
394.24     0.6584
396.854     -0.7838
399.906     -1.1914
402.639     -0.6584
404.85     -0.7838
407.456     -1.066
410.1     -0.1881
412.246     0.3762
414.613     0.627
416.997     0.6584
419.472     0.4389
422.126     1.16
424.267     2.0379
426.497     2.3827
428.897     2.4768
431.282     1.9125
434.079     1.8497
436.632     3.0098
438.631     3.1665
441.162     1.8497
444.099     0.1568
447.153     -0.9719
450.125     -1.0033
452.574     -0.4703
454.92     0.5016
457.233     0.9405
459.528     0.3135
462.283     0.4703
464.773     2.2887
466.589     3.1979
468.913     2.4454
471.669     2.226
474.192     2.6335
476.68     3.2606
478.958     3.9817
481.214     4.3265
483.703     3.8249
486.358     3.4173
489.06     2.7276
491.894     1.7243
494.693     0.8778
497.633     0.2508
500.357     -1.0973
503.33     -2.4454
506.424     -1.9752
508.813     -1.0033
510.963     -0.9405
513.573     -0.0314
515.777     1.5989
517.809     2.6022
520.105     2.7589
522.537     2.3514
525.265     2.4454
527.865     2.9784
530.138     3.1665
532.732     2.6962
535.518     1.7557
538.353     0.533
541.446     0.5957
543.9     0.9092
546.3     0.8151
549.062     0.9719
551.515     0.2822
554.255     -1.3795
557.466     -1.6616
560.088     -0.3135
562.247     1.3168
564.378     2.4454
566.492     2.5708
569.065     3.0098
571.495     3.5114
573.837     3.5741
576.478     3.3233
579.19     2.8844
581.933     1.7557
584.937     1.2854
587.556     0.9092
590.226     1.0033
592.857     1.7243
595.192     1.5362
597.913     1.1914
600.625     0.8465
603.222     0.7211
605.912     -0.0314
608.788     -0.0314
611.341     0.627
613.802     0.9405
616.264     0.8151
618.896     0.533
621.665     1.6303
623.758     3.2292
625.868     4.7655
628.031     5.2044
630.362     2.1319
634.009     1.8184
636.721     2.5708
639.003     3.7622
641.341     3.919
643.898     2.9471
646.817     2.5081
649.655     2.7589
652.129     3.0411
654.67     2.853
657.417     1.6616
660.39     0.5016
663.472     0.7211
666.113     1.9752
668.246     4.3892
670.106     5.3298
672.372     4.7968
675.079     4.8595
677.758     5.8941
680.023     6.9914
682.261     8.1514
684.594     7.6498
687.306     6.1136
690.485     5.7687
693.385     7.0541
695.56     8.3082
697.802     8.5276
700.344     7.8066
703.189     7.0855
706.211     6.8347
708.953     6.772
711.559     7.6498
713.945     9.0606
716.046     10.2833
718.263     11.9763
720.404     12.8542
722.65     13.4812
725.142     14.265
727.612     16.3029
729.469     19.438
731.147     21.4759
733.146     22.1029
735.476     23.2943
737.771     24.2348
740.074     25.8651
742.137     27.2759
744.4     28.9689
746.442     29.8154
748.828     30.5992
751.272     30.5679
756.598     31.916
758.825     34.769
760.411     37.089
762.35     38.5939
764.482     40.6631
766.375     44.6134
767.824     49.3475
768.83     51.5421
770.754     52.7648
773.07     54.3638
775.045     56.0254
777.218     59.9757
778.614     64.2395
779.722     66.3714
781.736     67.4374
784.037     67.9704
786.462     69.6947
788.738     73.0493
790.233     75.9337
791.845     78.4732
793.756     80.6051
795.618     82.204
797.75     84.3673
799.778     88.5057
800.913     93.9609
801.7     98.4128
802.906     100.0745
805.027     103.4291
806.605     107.8183
807.774     111.894
809.056     114.4022
811.009     117.2552
812.658     120.2649
814.306     124.1212
815.787     127.9147
817.148     130.7677
818.807     132.8996
820.836     137.0381
822.091     141.0511
823.498     144.4057
825.076     145.9106
827.213     147.6349
829.437     149.9236
831.366     154.4069
832.483     158.9215
833.714     163.5929
834.742     168.233
835.858     172.4341
837.274     175.9141
838.767     180.0212
840.069     184.9434
841.142     188.0472
842.727     191.0883
844.479     195.2894
845.77     200.5252
846.611     204.9457
847.89     208.3317
849.426     209.5858
851.69     213.0345
853.324     219.0853
853.905     227.4562
853.803     232.1276
855.008     236.4228
856.162     239.5266
857.846     243.4456
859.217     249.8099
859.743     255.1711
860.678     260.4068
861.613     264.0749
863.063     268.5896
864.305     272.8221
865.497     276.6783
866.926     282.2903
867.837     287.9963
868.592     292.7931
869.702     296.4299
871.284     299.8158
872.814     304.644
873.96     310.35
874.747     316.4949
875.279     321.1036
876.537     324.7717
878.076     328.6593
879.426     333.5189
880.531     339.3503
881.206     344.6173
882.125     349.132
883.435     353.4899
884.584     357.5656
885.954     361.8294
887.297     367.0338
888.201     373.2727
888.879     377.2544
890.24     379.8879
892.015     384.4026
893.257     389.607
894.208     394.3097
895.303     401.0817
895.806     407.8223
896.173     412.0861
897.505     416.7575
898.747     421.5856
899.741     427.1349
900.638     431.869
901.78     433.9382
903.778     435.8506
905.902     441.6507
906.52     448.5481
906.975     454.3481
907.829     459.8033
908.663     464.2866
909.906     469.052
911.063     474.0056
911.999     478.8338
913.198     484.0068
914.222     489.9636
914.918     494.4782
916.186     500.3723
916.908     504.4167
918.247     508.2416
919.822     513.2579
920.847     517.6784
921.985     522.2558
923.243     527.2093
924.32     532.5391
925.286     539.5619
925.72     544.8917
926.576     549.0301
928.008     553.8269
929.202     558.5923
930.286     562.9816
931.612     568.4681
932.467     572.9201
933.694     578.6574
934.668     584.7396
935.311     589.5678
936.42     594.2078
937.688     600.0392
938.468     604.8047
939.661     610.0718
940.69     617.314
940.888     622.4557
941.964     625.967
943.588     630.3563
944.852     636.219
945.611     642.6148
948.951     648.5402
949.83     653.7446
950.802     657.9771
952.155     662.7739
953.364     669.1696
953.869     675.1264
954.675     680.707
955.54     685.5665
956.618     690.426
957.869     695.9753
958.734     700.5213
959.866     702.8413
961.962     708.2338
962.891     714.1592
963.623     719.0187
964.806     723.4393
966.054     727.0761
967.635     733.8481
968.091     740.4633
968.538     746.6395
969.321     753.6937
969.749     758.5532
970.827     762.1586
972.482     773.602
971.381     777.4896
972.794     781.5339
974.331     786.801
975.365     793.134
976.006     796.8962
977.545     800.4076
979.023     806.3958
979.859     812.8542
980.599     818.9051
981.268     824.5484
982.217     831.4771
982.656     837.4339
983.435     841.7291
984.799     845.4286
986.161     849.6611
987.639     855.3671
988.608     862.5466
988.863     869.0677
989.462     875.3067
990.208     881.3262
990.877     885.496
992.367     891.1079
993.31     897.2529
993.989     901.8929
995.304     906.0313
996.626     912.6465
997.188     919.3558
997.832     926.4099
998.198     931.3321
999.416     936.8187
1000.491     941.5841
1001.648     947.5096
1002.542     952.3377
1003.736     957.8243
1004.612     964.2513
1005.247     971.086
1005.719     976.2904
1006.742     980.4288
1008.258     984.6613
1009.601     990.4613
1010.465     997.0452
1011.152     1003.9739
1011.565     1008.8961
1012.742     1010.9967
1014.985     1014.1945
1016.684     1021.3114
1017.149     1027.4249
1017.964     1033.4758
1018.695     1040.4672
1019.249     1046.3613
1020.05     1051.9733
1020.957     1057.9928
1021.856     1063.7301
1022.673     1069.9378
1023.425     1075.6751
1024.404     1082.1022
1024.971     1088.6547
1025.7     1093.8591
1026.849     1097.8721
1028.241     1103.7348
1029.193     1111.2592
1029.524     1118.7836
1029.788     1124.1761
1030.879     1128.5026
1032.258     1131.6065
1034.061     1137.5946
1035.013     1144.2725
1035.511     1151.0445
1036.046     1157.3775
1036.844     1164.0868
1037.316     1168.0371
1038.906     1172.1755
1040.39     1178.0069
1041.191     1183.8383
1042.227     1189.6697
1043.07     1195.1562
1044.019     1202.4298
1044.529     1209.1077
1045.08     1213.8418
1046.321     1219.203
1047.427     1225.9749
1047.962     1231.1479
1049.09     1236.321
1050.224     1241.1491
1051.407     1246.3848
1052.577     1250.2725
1054.099     1255.5709
1055.107     1261.998
1055.931     1269.8672
1056.114     1277.6738
1056.308     1284.7906
1056.851     1289.2112
1058.104     1294.2588
1059.296     1298.1464
1060.954     1303.4448
1061.956     1310.8438
1062.393     1317.7098
1063.016     1322.5694
1064.172     1326.7391
1065.662     1331.5986
1066.839     1337.1792
1067.819     1343.3555
1068.759     1349.9707
1069.357     1355.9902
1070.204     1361.1319
1071.432     1365.8973
1072.646     1372.0423
1073.471     1378.6575
1074.116     1383.1094
1075.447     1394.1765
1074.729     1400.196
1075.581     1405.2123
1076.633     1410.3853
1077.84     1415.8405
1078.841     1423.4276
1079.177     1430.2309
1079.9     1436.7521
1080.488     1442.7402
1081.35     1447.9133
1082.588     1452.4906
1083.841     1458.1339
1084.904     1462.8366
1086.286     1468.9502
1089.931     1475.1578
1090.771     1481.146
1091.618     1489.2347
1091.931     1496.5083
1092.342     1502.2457
1093.316     1506.7289
1094.819     1511.6198
1095.975     1518.3291
1096.588     1526.167
1096.928     1533.033
1097.415     1538.7076
1098.489     1543.2536
1099.871     1546.0753
1101.755     1551.3423
1102.983     1558.2711
1103.61     1565.3252
1104.09     1571.7836
1104.94     1577.9285
1105.744     1584.1675
1106.543     1589.5287
1107.722     1594.5763
1108.914     1600.6585
1109.787     1606.8348
1110.664     1612.9797
1111.479     1618.9365
1112.467     1625.1441
1113.308     1630.8815
1114.234     1636.7129
1115.27     1643.2654
1115.978     1649.8492
1116.634     1656.5585
1117.336     1660.0699
1118.986     1663.205
1120.93     1669.6948
1121.743     1676.0906
1122.41     1683.082
1123.053     1689.8539
1123.738     1698.1935
1123.736     1703.9308
1124.82     1708.3201
1126.308     1713.2736
1127.521     1719.0423
1128.61     1723.1807
1130.183     1729.2316
1131.087     1734.2792
1132.394     1740.8004
1133.039     1747.1961
1133.936     1752.8394
1135.046     1757.9811
1136.196     1764.4709
1137.066     1771.6817
1137.608     1777.9521
1138.36     1782.6548
1139.851     1787.6397
1141.096     1792.3111
1142.483     1798.6755
1143.443     1805.761
1143.96     1812.5329
1144.598     1818.6152
1145.56     1822.5655
1147.103     1828.7104
1148.085     1834.4791
1149.11     1841.3765
1149.66     1849.6219
1149.956     1855.9863
1150.769     1862.0685
1151.642     1868.4016
1152.523     1873.1357
1153.889     1877.8384
1155.276     1882.3217
1156.769     1888.2158
1157.601     1894.9564
1158.225     1901.603
1159.057     1907.5911
1160.009     1912.9209
1161.194     1917.5296
1162.618     1924.9913
1162.934     1931.7633
1163.709     1937.626
1164.734     1943.9277
1165.506     1950.731
1166.254     1954.9321
1167.733     1958.9138
1169.177     1965.3095
1169.901     1973.3356
1170.021     1979.4178
1171.04     1983.9011
1172.548     1989.9206
1173.421     1995.4071
1174.605     2002.5553
1175.117     2009.8916
1175.564     2015.7543
1176.709     2020.3944
1178.102     2027.6366
1178.597     2034.5967
1179.256     2041.7135
1179.736     2054.2855
1178.419     2059.2391
1179.789     2065.0078
1180.7     2070.5257
1181.879     2076.3884
1182.92     2082.5334
1183.713     2087.6437
1185.041     2093.9454
1185.839     2099.7141
1186.87     2105.6395
1187.9     2111.6277
1188.805     2117.9294
1189.692     2125.8927
1190.026     2133.6992
1190.314     2139.0917
1191.525     2143.2928
1193.129     2147.494
1194.634     2153.9838
1195.499     2162.4174
1195.564     2169.879
1195.969     2175.9299
1197.092     2180.6327
1198.396     2186.276
1199.391     2192.0447
1200.521     2197.9388
1201.489     2203.5821
1202.51     2208.9119
1203.627     2213.113
1205.2     2218.3801
1206.49     2226.218
1206.83     2233.2094
1207.405     2240.0754
1208.184     2248.3836
1208.313     2252.8669
1209.774     2256.5977
1211.684     2261.2064
1213.114     2267.0378
1214.129     2272.7752
1215.212     2279.9547
1215.744     2285.2531
1216.997     2291.4607
1217.921     2298.4208
1218.538     2305.4436
1219.264     2312.8112
1219.701     2319.1756
1220.467     2324.8189
1221.677     2330.0233
1222.93     2335.6039
1224.103     2342.3445
1224.946     2350.3705
1225.144     2355.5122
1229.52     2361.3436
1230.499     2367.4258
1231.549     2372.5361
1232.834     2376.7999
1234.313     2382.1924
1235.659     2387.3027
1236.94     2394.5136
1237.477     2401.6618
1238.139     2407.2424
1239.192     2413.7949
1240.031     2421.7269
1240.517     2428.4361
1241.208     2434.3302
1242.254     2437.7475
1244.129     2441.2903
1245.826     2448.6579
1246.435     2456.9348
1246.632     2466.9046
1246.254     2474.7425
1246.693     2479.2258
1248.155     2481.2636
1250.508     2486.3426
1251.951     2491.014
1253.411     2497.2216
1254.351     2505.4985
1254.62     2514.371
1254.563     2523.0554
1254.72     2527.3819
1256.355     2530.0468
1258.485     2534.6555
1260.092     2539.0447
1261.675     2547.0707
1261.956     2555.5043
1262.22     2564.6904
1262.05     2572.685
1262.4     2577.8894
1263.8     2582.9684
1265.049     2586.7619
1266.865     2591.0571
1268.531     2598.4561
1268.612     2606.1059
1269.048     2613.0033
1269.654     2617.4866
1271.236     2620.9352
1273.231     2626.2023
1274.385     2632.8802
1275.244     2639.37
1276.119     2646.9885
1276.534     2654.2934
1277.263     2659.341
1278.601     2664.7962
1279.76     2669.7811
1281.244     2676.9606
1281.844     2685.6764
1281.939     2691.4137
1283.174     2697.9349
1283.965     2705.1458
1284.675     2709.9739
1286.15     2715.7426
1287.176     2719.787
1288.948     2735.3374
1286.804     2744.0532
1286.862     2751.1386
1287.562     2756.4371
1288.815     2760.4814
1290.55     2763.9928
1292.592     2771.768
1292.959     2781.1108
1292.903     2789.2936
1293.32     2795.8774
1294.137     2799.8905
1295.936     2803.151
1298     2809.2332
1298.961     2816.1933
1299.766     2824.8777
1299.929     2831.2108
1300.805     2837.3243
1301.944     2844.0336
1302.833     2848.7677
1304.377     2852.2477
1306.382     2857.9224
1307.529     2866.1051
1307.966     2876.1377
1307.708     2882.5961
1308.511     2886.3583
1310.431     2892.3778
1311.617     2898.3973
1312.662     2904.5423
1313.738     2912.6937
1314.024     2919.9046
1314.718     2926.896
1315.543     2931.1285
1317.158     2936.082
1318.642     2942.1956
1319.833     2950.0962
1320.21     2956.0217
1321.417     2961.5709
1322.7     2967.8726
1323.598     2975.2089
1324.317     2981.3225
1325.372     2985.6803
1327.079     2991.8566
1328.286     2999.2242
1328.869     3007.6265
1329.127     3014.8374
1329.873     3020.8882
1330.928     3027.3467
1331.934     3033.4602
1333.078     3039.4171
1334.124     3046.7533
1334.89     3055.5632
1335.068     3062.7113
1335.709     3068.4487
1337.023     3073.465
1338.434     3079.3904
1339.569     3085.4413
1340.786     3092.4013
1341.523     3098.7657
1342.561     3106.3528
1343.205     3112.1842
1344.372     3118.047
1345.569     3123.8471
1346.788     3128.6125
1348.269     3134.1304
1349.646     3141.5607
1350.218     3149.3046
1350.721     3156.0766
1351.699     3162.5036
1352.668     3168.9621
1353.659     3175.4832
1354.706     3182.6627
1355.364     3189.3093
1356.327     3195.8304
1357.338     3203.5429
1357.746     3210.409
1358.724     3214.422
1360.637     3217.6198
1362.639     3222.0091
1364.399     3228.1853
1365.464     3236.1487
1365.913     3243.3282
1366.743     3252.6396
1366.776     3260.697
1367.251     3265.7133
1368.782     3271.7641
1369.864     3277.5328
1374.09     3283.4583
1375.22     3291.0141
1375.932     3297.8174
1376.821     3306.6585
1376.868     3313.0856
1378.005     3318.1959
1379.484     3326.0025
1380.085     3332.2728
1381.197     3340.048
1381.584     3345.8167
1382.824     3350.8644
1384.329     3357.1974
1385.326     3364.2202
1386.271     3370.271
1387.405     3376.2905
1388.409     3382.1847
1389.674     3387.6712
1390.936     3394.2864
1391.821     3401.56
1392.671     3408.8963
1393.359     3413.5049
1394.987     3419.1796
1396.347     3427.1429
1396.728     3433.8208
1397.676     3448.2739
1395.956     3454.5756
1396.927     3458.3065
1398.925     3463.0719
1400.437     3469.9693
1401.221     3479.2494
1401.313     3484.5478
1402.665     3490.7868
1403.667     3497.8409
1404.519     3502.575
1406.036     3507.2777
1407.643     3514.2692
1408.437     3522.3265
1408.755     3529.1298
1409.686     3534.8672
1410.988     3541.0435
1412.006     3545.7462
1413.723     3550.7938
1415.149     3560.0739
1415.121     3568.3821
1415.583     3573.7746
1416.888     3579.5746
1418.086     3587.1617
1418.767     3594.4667
1419.418     3602.1165
1420.073     3608.1046
1421.28     3613.0896
1422.707     3619.3285
1423.887     3626.9783
1424.474     3634.1265
1425.209     3639.7385
1426.628     3646.0715
1427.708     3651.1818
1429.186     3657.9851
1430.143     3665.6349
1430.704     3672.6577
1431.639     3680.2761
1432.314     3687.5497
1432.945     3696.2028
1433.332     3701.7207
1434.793     3706.2353
1436.411     3711.9727
1437.782     3720.0927
1438.219     3727.6485
1438.822     3734.9848
1439.672     3740.44
1441.028     3745.2995
1442.649     3750.2844
1444.259     3755.8963
1445.464     3764.518
1445.825     3771.384
1446.824     3777.9052
1447.824     3784.8025
1448.833     3789.6307
1450.397     3794.5843
1451.877     3801.9832
1452.7     3808.8179
1453.625     3816.5618
1454.211     3823.4278
1455.267     3829.4786
1456.364     3836.8149
1457.12     3842.2701
1458.67     3849.2615
1459.506     3855.6886
1460.627     3863.746
1461.153     3870.5493
1462.043     3876.6315
1463.349     3883.6856
1464.236     3890.9279
1464.987     3898.8912
1465.65     3903.6566
1467.251     3910.021
1468.336     3917.3573
1469.227     3926.0104
1469.505     3934.2559
1470.015     3941.4354
1470.85     3947.549
1471.999     3953.9447
1473.23     3961.1242
1474.08     3969.0248
1474.582     3977.5838
1474.986     3983.4152
1476.241     3988.2747
1477.826     3992.6013
1479.747     3997.5862
1481.269     4004.9852
1482.06     4011.9139
1483.085     4016.9302
1484.501     4022.6675
1485.861     4028.4362
1487.242     4033.7346
1488.647     4041.165
1489.449     4047.4353
1490.571     4054.5521
1491.317     4063.0798
1491.763     4070.1026
1492.656     4076.7491
1493.677     4085.3395
1494.096     4092.0801
1495.043     4097.7861
1496.398     4104.7461
1497.297     4111.6748
1498.196     4117.569
1499.529     4123.0555
1500.953     4127.5388
1502.639     4133.1821
1504.073     4138.261
1505.573     4145.6914
1506.349     4154.658
1506.672     4162.3705
1507.3     4177.4193
1505.456     4183.2193
1506.9     4189.521
1507.99     4195.8227
1509.107     4203.0649
1509.983     4209.9309
1510.804     4217.8942
1511.472     4225.3246
1512.243     4231.6263
1513.333     4237.7712
1514.634     4244.7939
1515.506     4252.2556
1516.188     4258.087
1520.915     4265.0785
1521.876     4272.352
1522.752     4278.9045
1523.831     4285.8646
1524.844     4292.323
1526.012     4299.3145
1526.89     4307.121
1527.601     4314.3006
1528.451     4320.0066
1529.775     4325.8693
1531.161     4332.3278
1532.256     4338.6608
1533.424     4347.2825
1533.906     4355.1831
1534.496     4361.1713
1535.845     4367.0967
1537.214     4372.8968
1538.553     4379.4493
1539.72     4385.6256
1540.942     4392.9932
1541.651     4399.3889
1542.85     4404.562
1544.308     4411.3966
1545.291     4417.9805
1546.505     4423.4357
1547.945     4430.9287
1548.663     4439.2996
1549.172     4446.0715
1550.077     4453.5332
1550.926     4460.9009
1551.781     4466.8577
1552.983     4471.7799
1554.625     4479.2416
1555.395     4486.8287
1556.081     4495.5131
1556.536     4502.0029
1557.6     4508.9002
1558.488     4514.8884
1559.884     4521.8485
1560.814     4527.868
1562.083     4533.1664
1563.634     4540.6595
1564.368     4547.7449
1565.276     4553.2315
1566.659     4558.7494
1567.947     4566.65
1568.621     4573.6101
1569.514     4580.9463
1570.265     4588.314
1571.182     4594.9919
1572.108     4602.4849
1572.837     4610.5423
1573.515     4616.9067
1574.579     4621.9229
1576.231     4628.2246
1577.483     4635.4982
1578.317     4643.6183
1578.922     4650.6097
1579.873     4656.3157
1581.244     4662.9936
1582.384     4669.2326
1583.292     4677.8856
1583.722     4685.7236
1584.479     4692.0252
1585.575     4698.2329
1586.823     4704.9735
1587.911     4712.0589
1588.825     4719.0504
1589.88     4725.8537
1590.91     4730.964
1592.503     4736.2624
1594.169     4743.6614
1594.987     4752.5026
1595.363     4761.4378
1595.78     4767.8335
1596.959     4772.9125
1598.61     4778.8693
1600.026     4786.0175
1600.887     4791.2219
1602.585     4795.2035
1604.629     4802.4144
1605.474     4811.7258
1605.737     4819.7205
1606.437     4825.8968
1607.685     4833.2331
1608.633     4838.9077
1610.093     4843.7045
1611.924     4851.417
1612.813     4859.9447
1613.264     4866.9047
1614.277     4874.5859
1615.13     4883.1135
1615.555     4890.9201
1616.375     4895.905
1618.079     4901.2034
1619.557     4907.223
1620.957     4914.5279
1621.822     4922.3345
1622.492     4934.1854
1621.931     4942.9325
1622.224     4950.4255
1623.119     4957.6991
1624.136     4966.4776
1624.408     4973.2495
1625.491     4979.175
1626.902     4985.2572
1628.135     4992.907
1628.972     5000.9957
1629.624     5008.1126
1630.485     5014.6964
1631.689     5021.0608
1632.857     5027.5192
1633.984     5034.4166
1635.06     5041.5334
1635.942     5049.1832
1636.743     5055.2341
1638.096     5061.8179
1639.128     5068.3391
1640.441     5075.7067
1641.358     5083.7641
1641.875     5089.7209
1643.296     5095.3956
1644.793     5102.2302
1645.859     5109.4725
1646.892     5116.9655
1647.667     5124.3645
1648.454     5131.6694
1649.309     5138.4414
1650.381     5143.7712
1652.025     5151.0447
1652.969     5158.6632
1653.655     5166.846
1654.333     5174.7466
1655.027     5181.4558
1656.089     5187.3813
1657.563     5193.8711
1658.679     5199.9533
1659.99     5205.6593
1661.538     5214.1556
1661.969     5221.8368
1662.78     5228.1071
1664.105     5233.4682
1665.603     5239.3623
1667.104     5247.3257
1667.85     5253.69
1668.977     5260.3366
1670.102     5267.7356
1674.345     5275.4794
1675.27     5284.3833
1675.562     5292.9423
1676.044     5300.4981
1676.955     5307.7716
1677.8     5314.5122
1678.971     5320.8766
1680.333     5328.2129
1681.136     5336.3957
1681.85     5341.7882
1683.462     5349.971
1684.093     5357.7775
1684.924     5364.5181
1685.986     5371.5409
1687.03     5377.9993
1688.334     5382.8275
1690.002     5388.5962
1691.467     5396.0892
1692.446     5403.2688
1693.369     5412.1099
1693.845     5420.763
1694.399     5427.2528
1695.577     5432.8647
1697.131     5439.1351
1698.405     5445.8443
1699.561     5452.7417
1700.778     5458.5417
1702.154     5466.5677
1702.822     5472.9008
1704.225     5479.4846
1705.356     5486.1625
1706.554     5492.9972
1707.715     5500.3962
1708.6     5507.7638
1709.638     5515.1628
1710.534     5521.8407
1711.612     5528.7694
1712.798     5535.5414
1713.912     5543.4106
1714.69     5550.8723
1715.69     5557.3308
1716.905     5563.1622
1718.374     5569.7774
1719.635     5578.0856
1720.119     5585.2964
1721.162     5591.2846
1722.646     5597.1474
1724.058     5604.9539
1724.978     5613.2308
1725.608     5619.4384
1726.949     5625.2384
1728.513     5632.4807
1729.42     5639.817
1730.39     5646.4008
1731.724     5655.242
1732.069     5662.7977
1732.969     5670.3221
1733.927     5678.5049
1734.521     5685.0574
1735.892     5692.7386
1736.766     5698.6327
1738.146     5714.7788
1736.207     5722.6167
1737.023     5730.2978
1737.839     5737.6028
1738.908     5742.9325
1740.552     5749.391
1741.851     5757.0408
1742.834     5763.7187
1743.954     5769.4874
1745.512     5776.0085
1746.847     5783.5643
1747.706     5790.4616
1748.892     5797.5471
1749.936     5803.9742
1751.208     5813.1289
1751.635     5821.876
1752.1     5828.3658
1753.409     5836.4232
1754.27     5843.5086
1755.288     5850.3119
1756.49     5859.2785
1757.069     5866.0818
1758.214     5872.4462
1759.471     5878.309
1760.737     5882.5101
1762.727     5888.3101
1764.322     5895.3956
1765.382     5903.6725
1766.121     5910.5385
1767.402     5916.8401
1768.644     5921.731
1770.484     5929.1927
1771.516     5939.2879
1771.55     5947.2512
1772.411     5952.8632
1773.976     5959.5411
1775.137     5968.539
1775.659     5976.4396
1776.453     5983.3997
1777.518     5988.8549
1779.267     5995.5641
1780.386     6002.9631
1781.324     6010.4562
1782.345     6018.8584
1782.922     6026.9471
1783.725     6030.1764
1786.176     6034.4088
1788.166     6042.8111
1788.832     6052.7182
1788.93     6060.5561
1789.761     6065.9486
1791.452     6071.2157
1792.381     6077.5801
1793.524     6080.0882
1794.323     6084.0385
1793.893     6088.0515
1793.368     6088.6472
1793.991     6089.8386
1794.302     6090.9045
1794.693     6092.7856
1794.797     6093.1932
1795.332     6093.2872
1795.995     6094.1024
1796.334     6095.9835
1796.318     6097.3002
1796.467     6096.5165
1797.349     6097.4884
1797.594     6100.8743
1796.952     6104.6052
1796.272     6106.2041
1796.258     6105.9219
1796.771     6106.643
1797.033     6109.7155
1796.493     6110.6874
1796.649     6109.6528
1797.537     6112.255
1797.136     6112.8193
1797.341     6114.5437
1797.211     6116.9264
1796.842     6118.8702
1796.601     6117.7729
1797.343     6117.8669
1797.75     6119.0896
1797.753     6120.3751
1797.751     6121.6918
1797.701     6122.1308
1798.341     6122.601
1798.578     6124.7956
1798.216     6124.7329
1798.592     6123.5729
1799.371     6123.1027
1799.917     6126.6454
1799.103     6129.0908
1798.613     6130.5643
1798.469     6131.066
1798.659     6130.9719
1799.046     6133.6368
1798.497     6133.2919
1798.985     6130.9719
1800.074     6131.9438
1800.042     6134.8909
1799.367     6135.6433
1799.384     6136.6779
1799.362     6137.0855
1799.574     6136.0195
1800.295     6134.6087
1801.102     6135.2044
1801.156     6136.0195
1801.214     6136.9287
1801.193     6136.2076
1801.704     6136.6466
1801.873     6137.5558
1801.826     6137.9947
1801.959     6138.8412
1801.944     6138.7158
1802.284     6138.9979
1802.46     6141.7255
1801.765     6142.478
1801.823     6141.8196
1802.323     6142.3212
1802.388     6143.9829
1802.149     6146.7104
1801.469     6145.2056
1802.152     6143.7947
1802.865     6144.798
1802.791     6146.3656
1802.479     6147.2434
1802.401     6147.651
1802.519     6148.5288
1802.492     6149.0305
1802.547     6148.7169
1802.909     6148.8737
1803.143     6148.2467
1803.57     6150.0964
1803.199     6152.6359
1802.51     6153.2629
1802.496     6152.7927
1802.89     6151.5072
1803.55     6151.6327
1803.743     6152.4791
1803.68     6152.9808
1803.756     6153.7332
1803.725     6154.3602
1803.732     6155.3321
1803.601     6155.4576
1803.804     6153.984
1804.533     6154.4229
1804.593     6156.304
1804.175     6158.9062
1803.486     6159.5019
1803.498     6158.5614
1804.005     6157.3387
1804.607     6156.6489
1805.055     6157.6522
1804.934     6160.756
1804.075     6162.543
1803.605     6161.383
1804.197     6158.9062
1805.261     6158.2792
1805.672     6159.063
1805.636     6160.0349
1805.479     6161.383
1805.163     6161.8533
1805.144     6161.383
1805.544     6161.383
1805.821     6162.3863
1805.611     6161.5711
1806.002     6161.1949
1806.318     6161.6025
1806.404     6163.3582
1805.961     6165.2706
1805.49     6166.5874
1805.289     6165.7722
1805.774     6163.5149
1806.774     6162.982
1807.174     6164.7063
1806.767     6165.7722
1806.515     6166.1485
1806.513     6166.462
1806.543     6168.249
1806.161     6167.5279
1806.646     6166.9009
1806.989     6168.3117
1806.657     6168.8761
1806.659     6169.3777
1806.619     6169.8166
1806.632     6169.7853
1806.894     6169.7539
1807.014     6169.7226
1807.166     6168.9701
1807.593     6168.688
1807.856     6170.7572
1807.368     6172.3561
1806.952     6172.0739
1807.183     6171.3842
1807.615     6173.4848
1807.028     6175.2091
1806.585     6176.2123
1806.381     6177.968
1805.942     6180.3821
1805.338     6180.2881
1805.495     6179.1908
1806.018     6178.1248
1806.526     6178.501
1806.503     6178.5324
1806.649     6179.5356
1806.481     6180.0059
1806.463     6179.1908
1806.906     6178.7205
1807.253     6178.7205
1807.379     6179.1594
1807.355     6178.1561
1807.8     6178.6578
1807.802     6179.6924
1807.556     6180.8524
1807.262     6182.2005
1806.93     6181.6362
1807.315     6179.7237
1808.14     6178.7205
1808.606     6180.3194
1808.231     6182.7021
1807.606     6183.4859
1807.512     6184.8968
1807.149     6184.1443
1807.571     6182.4827
1808.234     6183.5173
1808.003     6184.3638
1807.857     6183.7994
1808.215     6184.9595
1807.974     6186.9973
1807.387     6186.433
1807.688     6187.1854
1807.543     6187.0914
1807.909     6186.3703
1808.289     6187.3108
1808.08     6189.0038
1807.626     6189.38
1807.65     6190.1325
1807.525     6189.9444
1807.73     6188.659
1808.296     6187.9379
1808.666     6189.913
1808.169     6190.979
1807.933     6191.4179
1807.888     6192.5152
1807.6     6191.9822
1807.896     6191.1984
1808.292     6190.979
1808.46     6191.1671
1808.564     6190.7595
1808.905     6191.4492
1808.776     6193.1109
1808.286     6192.4839
1808.655     6192.9855
1808.631     6193.2363
1808.64     6193.0168
1808.855     6194.1455
1808.567     6197.218
1807.572     6199.4126
1806.948     6198.8482
1807.333     6195.9325
1808.421     6194.3336
1809.046     6195.5877
1808.736     6196.9358
1808.383     6197.6255
1808.238     6197.5628
1808.369     6195.9952
1809.057     6195.5563
1809.284     6197.0612
1808.889     6197.4688
1808.913     6197.9077
1808.889     6198.472
1808.828     6198.7228
1808.853     6200.0396
1808.522     6201.6072
1808.089     6201.0742
1808.348     6199.4126
1809.053     6198.8169
1809.38     6199.5066
1809.209     6198.9423
1809.484     6198.7542
1809.662     6198.6288
1809.799     6197.2493
1810.365     6197.9077
1810.257     6199.0677
1809.968     6198.9423
1810.162     6200.8547
1809.634     6202.3596
1809.228     6201.6699
1809.541     6200.6353
1809.959     6200.3531
1810.159     6201.4191
1809.918     6202.3283
1809.756     6203.2688
1809.505     6203.5196
1809.456     6203.8645
1809.475     6204.3034
1809.473     6204.084
1809.599     6205.244
1809.284     6205.244
1809.405     6203.7391
1810.019     6202.5164
1810.528     6203.2061
1810.435     6202.2969
1810.894     6201.3564
1811.328     6203.7077
1810.63     6205.6202
1810.076     6205.8397
1810.059     6206.6862
1809.861     6206.1532
1810.104     6206.0591
1810.272     6206.5607
1810.216     6208.8808
1809.54     6211.5143
1808.746     6212.9878
1809.087     6217.5025
1810.105     6222.2366
1811.105     6226.5631
1812.208     6230.5761
1813.495     6233.9307
1814.9     6239.1038
1815.862     6244.2454
1816.802     6249.3871
1817.597     6254.4347
1818.653     6261.6769
1818.851     6267.5084
1819.417     6271.5527
1820.834     6274.7819
1822.465     6279.9863
1823.363     6286.3507
1824.036     6291.2102
1825.083     6304.4719
1823.365     6310.0525
1824.293     6316.605
1824.786     6323.5651
1825.325     6330.7133
1825.758     6336.9523
1826.337     6341.2788
1827.81     6344.8529
1829.48     6350.3708
1830.456     6355.6378
1831.62     6360.999
1832.68     6366.0779
1833.892     6372.0034
1834.813     6378.8694
1835.357     6384.45
1836.457     6390.5949
1837.392     6396.8653
1838.185     6402.728
1839.242     6407.901
1840.475     6415.9898
1840.631     6422.8871
1841.483     6426.8374
1843.177     6431.7596
1844.427     6439.9424
1844.739     6447.0279
1845.272     6451.135
1846.892     6456.2139
1848.334     6463.2681
1848.987     6468.8486
1850.15     6475.1503
1851.068     6481.6715
1851.933     6488.6002
1852.722     6494.2435
1853.931     6500.2003
1854.935     6507.0036
1855.871     6513.5247
1856.799     6519.607
1857.828     6526.3789
1858.738     6534.8752
1859.017     6541.992
1859.769     6549.6418
1860.376     6556.3511
1861.229     6562.7782
1862.324     6567.6377
1863.977     6573.9394
1865     6578.6735
1866.392     6581.1503
1866.784     6581.3697
1868.146     6582.3416
1868.433     6582.8746
1868.816     6584.8184
1868.721     6584.8811
1869.227     6584.7243
1869.766     6586.2919
1869.678     6587.6714
1869.712     6588.6747
1869.915     6590.4303
1869.669     6592.5623
1869.39     6593.346
1869.6     6592.625
1870.21     6592.9698
1870.49     6595.6347
1870.046     6598.8953
1869.358     6599.6477
1869.442     6599.3969
1869.867     6599.1775
1870.354     6599.0521
1870.798     6599.1148
1871.142     6599.7418
1871.295     6599.3969
1871.767     6600.4315
1871.683     6600.1494
1872.061     6599.1461
1872.745     6600.5569
1872.632     6604.037
1871.766     6605.6672
1871.516     6606.89
1871.446     6608.3321
1871.328     6607.0467
1872.004     6607.0467
1872.307     6608.4262
1872.1     6610.7462
1871.601     6612.6273
1871.251     6612.5333
1871.575     6612.2824
1871.984     6611.3419
1872.558     6610.5895
1873.09     6609.6176
1873.764     6611.5614
1873.361     6611.8749
1873.479     6610.9657
1874.028     6612.2824
1873.801     6613.0662
1873.77     6614.2262
1873.648     6615.8879
1873.325     6617.236
1873.14     6619.3993
1872.678     6620.9982
1872.402     6621.6566
1872.414     6621.2804
1872.761     6620.5593
1873.277     6623.3182
1872.597     6623.9766
1872.635     6623.2555
1873.088     6624.1334
1872.989     6625.0739
1872.9     6625.3247
1873.045     6626.2026
1873.003     6624.8545
1873.664     6624.8231
1873.935     6625.8264
1873.867     6627.6448
1873.407     6628.554
1873.365     6628.0523
1873.775     6628.8988
1873.666     6629.5572
1873.678     6630.8113
1873.493     6631.6891
1873.404     6632.2848
1873.385     6633.0686
1873.265     6631.7832
1873.973     6631.0307
1874.473     6630.4978
1874.842     6630.968
1874.912     6632.5983
1874.584     6632.661
1874.756     6631.9713
1875.245     6632.2221
1875.338     6631.407
1875.823     6632.5043
1875.665     6632.8491
1875.726     6633.0686
1875.839     6635.1692
1875.315     6635.2005
1875.456     6634.887
1875.719     6637.7086
1874.966     6640.1227
1874.341     6640.6557
1874.411     6641.2514
1874.36     6642.2546
1874.135     6641.6589
1874.546     6640.7184
1875.037     6640.4049
1875.305     6639.0254
1875.914     6639.2449
1876.007     6640.6557
1875.706     6640.7811
1875.846     6640.4362
1876.151     6642.1919
1875.775     6643.3833
1875.497     6642.1606
1876.089     6640.7184
1876.75     6641.0006
1876.826     6642.913
1876.309     6644.9822
1875.774     6646.5812
1875.415     6645.8287
1875.848     6644.2298
1876.567     6646.5812
1875.974     6648.5877
1875.434     6649.3714
1875.258     6649.3401
1875.425     6649.5282
1875.492     6650.5315
1875.36     6651.1585
1875.331     6651.7228
1875.28     6650.6255
1875.788     6649.6536
1876.295     6649.3087
1876.6     6650.0298
1876.502     6650.8763
1876.335     6651.8796
1876.156     6653.4472
1875.782     6652.8515
1876.119     6653.1336
1876.165     6654.6385
1875.806     6655.6731
1875.508     6655.7672
1875.611     6655.6418
1875.837     6655.4537
1876.026     6656.1748
1875.954     6655.6731
1876.254     6655.3596
1876.533     6655.7358
1876.562     6656.3942
1876.558     6658.2753
1876.082     6660.5953
1875.364     6657.8991
1876.429     6655.9553
1877.239     6657.4602
1876.886     6658.7142
1876.596     6658.0872
1876.94     6660.0624
1876.515     6660.7521
1876.391     6661.097
1876.405     6660.4699
1876.732     6660.9716
1876.735     6661.4732
1876.653     6662.4451
1876.47     6663.6051
1876.186     6663.0408
1876.54     6662.4451
1877.854     6664.4202
1879.763     6669.5933
1880.699     6675.5187
1881.249     6678.4658
1882.985     6681.1934
1884.671     6685.2377
1885.906     6693.0129
1886.069     6700.5373
1886.155     6706.8077
1886.718     6713.0153
1887.381     6719.1289
1887.935     6724.2705
1889.001     6729.569
1889.931     6736.3723
1890.251     6741.8275
1891.341     6747.1572
1892.291     6751.954
1893.417     6759.2903
1893.932     6771.5802
1892.601     6775.3424
1894.234     6781.4873
1895.101     6786.2528
1896.269     6792.335
1897.162     6798.7934
1897.917     6804.5308
1898.85     6810.4876
1899.911     6815.2217
1901.287     6821.5861
1901.949     6826.6023
1903.356     6832.2143
1904.408     6837.1992
1905.674     6843.5009
1906.66     6852.1539
1906.64     6859.4589
1907.192     6862.2178
1909.458     6868.8957
1910.144     6877.1412
1910.534     6883.9131
1911.392     6889.4937
1912.534     6894.0084
1914.183     6899.4009
1915.441     6905.922
1916.28     6913.7286
1916.823     6921.0335
1917.454     6926.9276
1918.578     6933.5742
1919.583     6939.7191
1920.591     6946.7418
1921.38     6953.2316
1922.433     6959.6274
1923.361     6966.8696
1924.143     6972.1994
1925.563     6978.8459
1926.464     6985.4611
1927.516     6991.3866
1928.431     6999.0991
1929.054     7007.6268
1929.473     7012.7371
1930.952     7016.7501
1932.886     7023.7101
1933.795     7031.6735
1934.354     7038.7589
1935.346     7043.932
1936.903     7049.6693
1938.242     7056.2218
1939.43     7063.0878
1940.382     7070.7063
1941.094     7078.7636
1941.793     7083.874
1943.303     7091.3984
1944.068     7098.4525
1945.096     7107.0428
1945.505     7115.0375
1946.236     7122.5933
1947.084     7130.7447
1947.636     7136.7328
1949.11     7141.8118
1950.699     7148.5838
1951.802     7155.6065
1952.967     7164.2596
1953.438     7171.5959
1954.371     7178.7127
1955.425     7182.7257
1957.422     7187.4598
1959.284     7196.0188
1959.845     7203.9508
1960.596     7210.7541
1961.804     7218.4352
1962.631     7226.0537
1963.489     7234.1738
1964.292     7240.1619
1965.604     7247.2474
1966.679     7256.4962
1967.136     7262.6724
1968.452     7269.5384
1969.466     7279.3515
1969.518     7286.5624
1970.499     7293.1776
1971.807     7300.169
1972.919     7307.2231
1973.979     7314.0578
1975.317     7321.0492
1976.44     7327.9466
1977.574     7334.7812
1978.845     7341.6472
1979.953     7349.4224
1980.852     7356.3825
1982.069     7364.001
1982.943     7372.027
1983.799     7377.9838
1985.304     7385.1947
1986.337     7393.6596
1987.117     7399.8986
1988.516     7407.8619
1989.284     7415.2609
1990.352     7421.5312
1991.693     7428.9929
1992.756     7436.9562
1993.691     7442.3487
1995.304     7449.6537
1996.409     7457.2408
1997.424     7463.417
1998.855     7470.0636
2000.022     7475.9891
2000.827     7484.1718
2001.275     7487.3697
2001.642     7489.3762
2001.907     7492.48
2001.691     7496.1482
2001.335     7498.6249
2001.299     7500.0671
2001.672     7501.8542
2001.855     7504.6758
2001.551     7507.9364
2001.103     7508.8456
2001.422     7509.6294
2001.824     7508.8456
2003.317     7506.8391
2004.582     7508.8769
2004.539     7512.7959
2003.842     7513.8305
2004.018     7514.8651
2004.19     7515.5862
2004.509     7515.7116
2004.989     7516.8089
2005.103     7516.3073
2005.795     7517.7808
2005.729     7520.6338
2005.231     7522.0446
2005.197     7524.929
