Distance_nm     Force_uN
0     0.891
0.032     0.324
0.148     0.243
1.132     0.729
3.017     0
3.354     0
3.354     0.405
4.097     0.324
5.955     -0.162
6.497     -1.701
6.534     -1.944
7.15     -1.377
9.009     -0.486
9.578     -0.081
9.562     -0.486
10.072     -0.648
12.631     -0.486
12.568     -0.648
13.026     -0.405
14.953     0.567
15.753     1.863
15.664     2.025
15.98     1.377
17.838     0.162
18.728     -0.486
18.691     -0.729
18.965     -0.162
20.713     -0.405
21.729     -1.782
21.719     -1.053
21.94     -0.081
23.603     -0.486
24.725     -0.81
24.751     -1.053
24.862     -0.324
26.473     0.81
27.694     0.648
27.705     0.567
27.773     1.215
29.295     1.62
30.706     1.458
30.817     0.891
30.838     1.215
32.164     0.486
33.623     -1.134
33.723     -1.944
33.77     -1.62
35.065     -0.324
36.655     -0.162
36.85     0.162
36.845     0.162
37.966     -0.081
39.672     0.081
39.893     0.162
39.825     0.729
40.841     -0.324
42.621     -0.324
42.9     0.648
42.837     1.377
43.747     2.43
45.564     1.458
45.89     -1.701
45.848     -1.296
46.696     0.972
48.549     2.106
48.965     -0.324
48.928     -2.673
49.602     -0.567
51.476     2.187
51.992     2.673
51.924     0.648
52.487     -1.377
54.409     -1.134
55.046     0.567
54.999     2.268
55.394     1.62
57.252     0.243
58.126     -0.081
58.084     0.648
58.358     1.62
60.1     2.025
61.106     0.891
61.122     -0.486
61.311     -0.486
62.97     0.729
64.128     0.324
64.139     -0.486
64.27     -0.324
65.85     0.729
67.108     0.405
67.14     -1.134
67.245     -1.539
68.709     -0.81
70.104     0.162
70.178     1.458
70.257     1.296
71.62     1.296
73.131     1.053
73.252     1.458
73.31     1.053
74.542     -0.243
76.159     -0.729
76.29     -0.729
76.306     -0.486
77.47     0.324
79.118     0.729
79.312     0.081
79.302     -0.729
80.308     -0.729
82.129     -0.891
82.445     -1.539
82.392     -0.729
83.261     1.296
85.093     1.782
85.515     0.648
85.43     0.729
86.162     0.81
88.037     0.972
88.558     -0.081
88.568     -0.648
89.279     0.405
91.148     0.567
91.669     1.053
91.685     0.81
92.243     -0.648
94.118     -1.053
94.786     -0.81
94.76     -0.81
95.213     -0.324
97.077     1.377
97.851     1.62
97.766     1.458
98.135     0.567
99.951     -0.405
100.909     0.162
101.215     0.648
102.968     0.648
103.947     1.053
103.942     1.134
104.158     0.567
105.916     0.567
107.064     -0.162
107.054     -1.62
107.149     -1.62
108.754     0.243
110.06     1.215
110.118     1.377
110.192     0.729
111.734     -0.162
113.124     -0.162
113.156     0.081
113.219     -0.162
114.672     -0.729
116.225     0.486
116.31     1.863
116.31     2.187
117.505     1.701
119.168     0.081
119.442     -0.891
119.463     -1.134
120.543     -0.567
122.37     -0.081
122.612     -0.324
122.533     0.324
123.517     -0.081
125.408     -0.162
125.687     -0.243
125.676     -0.81
126.518     -0.486
128.388     0
128.803     1.377
128.756     2.106
129.498     1.377
131.378     1.62
131.894     1.701
131.857     0.81
132.499     1.215
134.395     0.243
134.985     -0.891
134.963     -1.053
135.527     -0.648
137.48     -0.081
138.212     1.701
138.091     2.754
138.523     2.835
140.45     1.377
141.318     0.243
141.313     0.891
141.666     2.754
143.493     3.645
144.383     4.05
144.34     4.131
144.583     4.941
146.367     5.346
147.489     5.589
147.457     4.212
147.71     3.888
149.4     5.184
150.611     5.022
150.68     4.617
150.837     4.617
152.428     4.293
153.765     4.293
153.854     4.212
153.996     4.455
155.45     5.103
156.866     5.346
156.961     5.832
157.034     7.533
158.461     7.695
160.014     7.209
160.162     7.128
160.172     7.857
161.446     7.938
163.152     7.695
163.3     7.047
163.226     7.776
164.347     8.667
166.09     8.343
166.322     7.452
166.332     6.885
167.322     6.237
169.165     6.804
169.581     8.424
169.607     9.558
170.465     11.421
172.324     10.854
172.698     9.558
172.687     9.801
173.493     11.178
175.378     12.312
175.894     12.555
175.825     13.041
176.515     12.96
178.431     11.907
179.01     12.474
178.963     12.555
179.553     12.798
181.522     12.393
182.222     11.583
182.185     13.527
182.649     16.119
184.591     14.742
185.45     12.879
185.407     15.957
185.76     19.845
187.582     20.331
188.503     19.278
188.545     19.683
188.919     23.328
190.73     24.705
191.762     24.948
191.741     24.462
193.626     24.462
194.732     23.247
194.753     23.247
194.995     24.786
196.654     27.216
197.917     25.677
197.991     22.761
198.117     26.244
199.649     32.643
201.06     35.316
201.229     33.939
201.287     33.777
202.682     37.989
204.204     40.176
204.325     41.958
204.393     41.472
205.746     42.606
207.405     44.469
207.594     46.089
207.578     45.927
208.758     48.924
210.453     50.787
210.722     48.195
210.779     48.033
211.869     52.974
213.659     57.996
213.944     58.158
213.991     59.211
214.902     62.451
216.755     66.825
217.15     66.744
217.176     72.333
218.014     74.034
219.888     74.277
220.346     77.76
220.314     81.891
221.004     83.106
222.968     81.729
223.6     80.838
223.542     81.405
224.105     86.913
226.09     86.994
226.775     87.48
226.738     90.315
227.28     93.798
229.196     95.661
230.002     95.985
229.96     99.873
230.323     106.839
232.166     110.241
233.15     108.783
233.166     110.808
233.498     116.154
235.357     113.805
236.378     117.207
236.383     119.475
236.662     123.201
238.431     126.279
239.584     126.522
239.569     124.578
239.69     126.441
241.327     129.114
242.722     131.544
242.78     132.759
242.859     131.868
244.36     136.647
245.913     140.049
246.055     140.616
246.097     145.071
247.403     146.043
249.035     146.691
249.256     152.037
249.304     159.732
250.514     160.299
252.226     154.305
252.499     153.09
252.526     157.302
253.589     164.916
255.406     166.941
255.69     169.614
255.664     173.016
256.701     176.58
258.596     175.932
258.975     175.041
258.965     183.951
259.749     190.593
261.603     187.92
262.071     188.892
262.108     194.157
262.829     195.291
264.73     192.618
265.256     194.238
265.262     199.989
265.883     205.416
267.852     203.391
268.531     205.011
268.468     208.494
269.047     211.329
271.074     212.787
271.853     214.083
271.848     215.622
272.285     219.105
274.196     217.971
275.06     218.7
275.044     223.965
275.449     231.903
277.382     233.28
278.361     230.445
278.372     231.984
278.645     236.844
280.43     238.14
281.488     236.439
281.567     234.414
281.783     239.922
283.426     244.539
284.737     246.078
284.842     247.05
284.969     251.1
287.896     249.075
288.033     248.184
288.17     257.013
289.665     265.518
291.15     266.166
291.339     264.465
291.434     268.515
292.835     277.911
294.414     280.017
294.583     278.802
294.614     275.643
295.857     279.369
297.578     282.609
297.868     284.715
297.905     284.634
299.095     289.17
300.895     292.572
301.148     295.164
301.148     293.868
302.143     293.058
303.986     293.949
304.339     298.323
304.333     302.535
305.197     310.473
307.108     311.688
307.608     308.043
307.655     306.099
308.44     313.632
310.42     319.545
310.946     315.981
310.904     313.146
311.52     315.09
313.479     321.408
314.147     322.704
314.158     325.944
314.721     328.212
316.659     332.1
317.417     331.533
317.385     331.29
317.833     335.583
319.739     342.306
320.597     344.25
320.639     345.303
321.023     347.409
322.929     348.948
323.956     346.599
323.898     348.219
324.246     356.967
326.162     364.905
327.247     365.067
327.252     364.905
327.552     368.064
329.326     372.357
330.585     367.821
330.6     370.251
330.706     376.407
332.348     379.728
333.744     379.08
333.833     377.865
334.002     387.585
335.544     392.688
337.003     389.529
337.171     388.152
337.261     396.333
338.666     400.545
340.235     402.165
340.409     403.38
340.52     405.81
341.825     407.511
343.51     407.673
343.758     412.938
343.821     420.309
345.011     420.633
346.764     418.122
347.085     419.661
347.09     423.549
348.128     429.462
350.033     429.057
350.36     425.25
350.339     427.356
351.297     430.434
353.198     436.914
353.598     442.989
353.614     445.743
354.424     444.771
356.346     442.665
356.883     441.693
356.957     447.12
357.615     452.628
359.537     453.114
360.153     453.114
360.195     459.432
360.795     462.105
362.743     457.326
363.512     456.192
363.549     461.538
364.017     468.261
366.007     469.476
366.866     468.828
366.897     472.959
367.313     479.358
369.193     480.411
370.119     477.981
370.114     480.411
370.462     487.863
372.262     489.078
373.352     487.215
373.394     488.106
373.642     491.994
375.395     493.452
376.68     495.72
376.748     500.256
376.99     502.362
378.659     500.499
379.933     502.929
380.06     509.004
380.26     516.051
381.855     517.752
383.456     517.995
383.582     521.802
384.988     527.715
386.499     533.709
386.704     532.575
386.804     529.092
388.105     534.033
389.826     540.594
390.116     541.404
390.232     541.809
391.427     547.56
393.149     552.582
393.454     553.878
393.507     553.878
394.581     557.847
396.476     560.358
396.829     563.841
396.818     568.458
397.719     571.05
399.619     564.408
400.062     566.028
400.056     570.645
400.904     575.262
402.868     580.527
403.321     576.153
403.363     574.29
404.142     584.091
406.137     594.702
406.738     594.783
406.753     590.895
407.364     595.188
409.307     603.45
409.976     607.176
409.981     607.581
410.555     606.852
412.555     611.469
413.377     616.248
413.419     618.678
413.882     624.105
415.793     627.75
416.704     624.591
416.773     622.323
417.078     624.348
418.905     628.56
420.005     630.099
420.074     634.068
420.342     640.548
422.074     643.059
423.312     640.305
423.385     640.953
423.633     648.486
425.302     656.262
426.655     653.751
426.808     650.349
426.976     653.913
428.535     661.122
429.935     663.795
430.098     664.443
430.235     663.147
431.699     668.169
433.252     674.73
433.431     677.646
433.521     678.861
434.895     681.858
436.564     681.453
436.838     685.665
436.927     688.014
438.154     690.201
439.891     691.902
440.202     691.578
440.26     695.061
441.286     703.323
443.198     704.619
443.593     705.348
443.645     707.778
444.519     709.398
446.467     708.102
446.936     707.94
446.967     712.557
447.694     717.498
449.689     721.062
450.384     720.09
450.458     722.601
451.069     725.355
453.033     728.19
453.649     731.592
453.722     737.1
454.338     742.689
456.244     745.2
456.997     744.714
457.008     750.951
457.429     755.163
459.435     755.244
460.388     755.082
460.414     758.241
460.751     763.101
462.631     762.777
463.61     766.098
463.684     770.796
464.01     772.416
465.811     778.572
467.022     781.812
467.138     784.971
467.343     788.94
469.112     785.781
470.391     783.837
470.47     788.778
470.655     795.906
472.36     793.071
473.782     792.342
473.877     801.09
474.003     810.729
475.572     808.461
477.115     805.626
477.278     809.919
477.378     821.421
478.768     825.714
480.421     823.527
480.59     822.312
482.006     826.848
483.749     827.172
484.012     829.035
484.038     832.68
485.26     841.266
487.092     843.21
487.408     842.319
487.476     843.21
488.508     847.746
490.377     850.662
490.788     852.687
490.856     855.603
491.799     864.108
493.726     868.806
494.189     864.432
494.205     864.189
495.032     870.021
497.022     874.071
497.548     875.61
497.606     877.149
498.317     882.171
500.349     882.414
501.028     883.791
501.049     887.355
501.623     896.427
503.55     899.343
504.277     896.265
504.319     895.212
504.814     902.988
506.762     905.175
507.61     905.742
507.657     907.524
508.131     910.197
510.1     915.462
511.058     917.001
511.079     919.188
511.411     923.967
513.28     929.232
514.449     929.475
514.549     930.204
514.823     936.198
516.592     943.164
517.866     944.217
517.982     941.22
518.219     944.946
519.84     949.401
521.188     948.753
521.351     951.912
521.567     956.205
523.11     960.822
524.616     964.791
524.758     964.953
524.879     971.838
526.343     982.287
528.001     980.505
528.222     980.343
528.312     982.287
529.586     987.147
531.344     984.96
531.629     985.284
531.729     988.767
532.897     993.546
534.767     994.68
535.103     993.627
535.146     993.465
536.172     998.649
538.115     999.378
538.563     998.325
538.547     1000.35
539.437     1007.397
541.369     1014.12
541.816     1015.983
541.858     1017.603
542.643     1025.379
544.649     1030.563
545.249     1031.211
545.354     1027.89
546.049     1032.831
548.024     1037.934
548.666     1040.121
548.608     1039.473
549.182     1043.847
551.235     1047.249
552.015     1049.679
552.099     1050.894
552.61     1055.997
554.584     1058.427
555.553     1058.67
555.595     1056.645
555.969     1060.857
557.811     1066.932
558.859     1069.848
558.943     1071.63
559.291     1077.138
561.113     1080.135
562.281     1080.702
562.381     1080.054
562.661     1084.995
564.43     1094.877
565.672     1096.74
565.788     1096.335
566.014     1099.899
567.636     1103.949
569.136     1104.111
569.289     1103.382
569.384     1109.376
570.774     1113.75
572.459     1115.613
572.617     1121.202
572.727     1128.087
574.059     1130.598
575.797     1131.489
575.991     1135.296
576.06     1143.477
577.308     1145.502
579.145     1143.153
579.493     1143.072
579.651     1151.496
582.594     1152.711
582.978     1152.549
583.047     1156.68
583.994     1163.565
585.948     1162.674
586.348     1164.051
586.4     1166.076
587.29     1171.179
589.265     1168.587
589.781     1169.073
589.817     1175.067
590.602     1183.248
592.613     1182.357
593.261     1186.65
593.319     1188.675
594.008     1191.186
596.041     1197.18
596.809     1198.152
596.846     1197.747
597.373     1201.716
599.279     1205.037
600.1     1206.576
600.174     1209.492
600.695     1214.028
602.68     1215.972
603.701     1214.595
603.712     1216.053
604.033     1226.583
605.955     1229.823
607.15     1228.851
607.202     1226.907
607.466     1235.25
609.293     1245.051
610.583     1242.702
610.688     1236.627
610.872     1241.811
612.583     1251.936
613.989     1258.659
614.073     1262.871
614.194     1265.625
615.832     1268.865
617.364     1271.943
617.543     1272.348
617.674     1275.264
619.091     1279.476
620.755     1282.554
620.965     1285.956
621.097     1292.112
622.45     1298.187
624.166     1293.813
624.466     1296.567
624.598     1299.24
625.83     1300.779
627.662     1303.047
627.973     1304.505
628.015     1308.474
629.063     1316.088
630.9     1317.222
631.342     1317.951
631.442     1318.761
632.411     1322.163
634.354     1326.699
634.807     1326.942
634.875     1327.266
635.733     1338.363
637.755     1339.74
638.271     1339.092
638.245     1342.251
639.077     1347.678
641.125     1347.273
641.725     1345.653
641.778     1348.245
642.441     1358.451
644.5     1363.635
645.284     1362.663
645.374     1361.286
645.921     1370.763
647.89     1371.654
648.675     1371.411
648.727     1372.95
649.291     1380.888
651.344     1382.103
652.271     1382.346
652.281     1384.371
652.645     1388.745
654.545     1391.823
655.677     1393.038
655.793     1391.418
656.13     1397.979
657.973     1405.431
659.189     1405.836
659.3     1404.945
659.537     1410.858
661.279     1416.609
662.627     1417.662
662.738     1419.525
662.985     1425.681
664.586     1428.921
666.07     1426.005
666.239     1425.195
666.386     1431.837
667.982     1439.937
669.635     1444.797
669.798     1442.691
669.919     1444.473
671.33     1448.28
673.015     1448.928
673.22     1452.978
673.362     1458.648
674.668     1463.103
676.485     1464.399
676.753     1463.67
676.843     1467.72
678.001     1473.309
679.902     1474.929
680.26     1474.119
680.354     1474.767
681.392     1481.652
683.319     1485.783
683.813     1487.079
684.756     1489.428
686.809     1493.478
687.352     1491.615
687.346     1496.556
688.136     1503.684
690.152     1503.036
690.705     1503.927
690.758     1506.438
691.49     1513.728
693.58     1518.345
694.333     1516.887
694.349     1519.398
694.886     1526.85
696.907     1531.143
697.771     1533.492
697.813     1535.841
698.292     1544.589
700.324     1548.396
701.288     1544.508
701.314     1543.536
701.751     1551.798
703.726     1550.178
704.8     1549.692
704.868     1555.605
705.247     1561.68
707.148     1562.895
708.317     1564.677
708.401     1566.621
708.685     1571.724
710.475     1573.911
711.823     1573.344
711.929     1570.752
712.165     1578.933
713.861     1588.653
715.388     1589.706
715.551     1587.357
715.688     1594.89
717.183     1600.803
718.768     1602.099
718.978     1600.965
719.073     1604.043
720.516     1615.545
722.222     1618.299
722.469     1615.302
722.585     1620.324
723.859     1630.368
725.76     1630.692
726.081     1630.773
726.118     1631.583
727.308     1633.446
729.198     1633.527
729.54     1635.957
729.55     1640.331
730.598     1647.297
732.515     1644.867
732.983     1645.029
733.125     1646.649
734.084     1655.073
736.069     1656.936
736.6     1654.344
736.663     1659.771
737.49     1667.709
739.533     1669.248
740.128     1670.625
740.191     1677.348
740.902     1682.208
742.934     1682.775
743.682     1683.747
743.803     1684.881
744.44     1692.414
746.441     1693.062
747.267     1689.903
747.288     1692.819
747.741     1706.265
749.668     1710.963
750.616     1710.558
750.795     1711.935
751.174     1719.063
753.069     1721.736
754.18     1719.711
754.312     1722.141
754.696     1729.188
756.539     1733.4
757.76     1734.372
757.887     1735.182
758.176     1743.282
759.956     1749.276
761.283     1746.684
761.446     1747.251
761.662     1755.432
763.268     1755.108
764.758     1755.918
764.984     1757.457
765.189     1766.853
766.679     1773.738
768.232     1772.766
768.464     1775.682
768.659     1783.62
770.107     1787.022
771.849     1788.075
772.092     1789.857
772.208     1796.337
773.471     1803.141
775.309     1806.057
775.677     1807.677
775.777     1806.462
776.957     1805.814
778.862     1803.546
779.22     1800.873
779.299     1801.845
780.268     1808.244
782.248     1807.92
782.685     1811.16
782.78     1818.693
783.706     1826.793
785.686     1831.167
786.207     1830.843
787.097     1835.055
789.15     1842.507
789.782     1841.94
789.882     1843.317
790.598     1848.501
792.609     1856.52
793.362     1855.305
793.41     1853.361
794.02     1861.299
796.068     1870.371
796.911     1870.128
797.021     1867.698
797.532     1868.67
799.512     1878.876
800.523     1884.789
800.581     1887.705
800.954     1886.814
802.913     1892.484
804.103     1899.207
804.134     1896.696
804.445     1896.129
806.414     1906.659
807.641     1910.871
807.709     1910.061
807.957     1915.245
809.726     1918.485
811.09     1920.186
811.263     1924.074
811.5     1933.47
813.227     1936.629
814.67     1937.115
814.833     1938.006
815.033     1943.676
816.565     1944.567
818.171     1945.458
818.35     1950.885
818.508     1958.418
819.987     1962.387
821.704     1962.63
821.935     1964.574
822.067     1969.839
823.452     1974.132
825.226     1971.297
825.474     1969.92
825.653     1973.241
826.879     1977.615
828.769     1979.559
829.159     1981.908
829.217     1984.257
830.328     1987.902
832.329     1990.089
832.823     1994.625
832.834     2004.345
833.782     2014.065
835.83     2013.093
836.298     2010.663
836.425     2014.146
837.304     2020.545
839.32     2023.38
839.926     2024.352
840.052     2026.377
840.81     2033.424
842.832     2031.642
843.543     2029.374
843.638     2033.748
844.212     2040.876
846.186     2041.767
847.092     2041.281
847.186     2045.007
847.739     2054.646
849.703     2060.964
850.619     2062.422
850.756     2063.799
851.177     2073.357
853.173     2072.628
854.236     2071.008
854.32     2075.22
854.742     2084.94
856.627     2089.071
857.816     2091.825
857.953     2093.526
858.211     2100.006
860.022     2102.679
861.376     2102.517
861.528     2100.816
861.802     2109.321
863.545     2109.807
865.008     2107.296
865.177     2108.835
865.335     2116.611
866.877     2124.063
868.562     2125.116
868.747     2124.63
868.899     2127.789
870.3     2133.621
872.095     2137.023
872.348     2135.241
872.458     2142.855
873.733     2150.388
875.617     2153.304
876.023     2152.656
876.118     2155.896
877.213     2161.809
879.103     2162.862
879.55     2162.862
879.687     2166.588
880.761     2172.825
882.762     2176.551
883.22     2177.199
883.278     2183.112
884.184     2191.455
886.179     2192.103
886.779     2191.374
886.848     2194.614
887.643     2202.471
889.749     2204.982
890.433     2205.225
890.512     2206.197
891.181     2210.571
893.95     2218.023
894.071     2218.752
894.735     2219.481
896.735     2223.531
897.62     2227.257
897.662     2230.578
898.199     2229.282
900.221     2229.849
901.205     2229.363
901.284     2227.095
901.711     2236.086
903.643     2243.052
904.796     2244.348
904.912     2242.242
905.222     2241.027
907.155     2244.51
908.429     2247.588
908.582     2247.993
908.85     2253.258
910.582     2265.651
912.03     2269.539
912.193     2266.542
912.436     2269.863
914.147     2280.555
915.695     2283.633
915.81     2282.499
915.963     2281.77
917.548     2284.362
919.212     2283.876
919.438     2283.795
919.591     2290.68
921.012     2301.048
922.755     2304.126
922.997     2302.263
923.166     2300.319
924.424     2305.746
926.314     2312.712
926.698     2319.921
926.83     2324.052
928.03     2329.074
930.021     2332.152
930.389     2332.8
930.405     2334.258
931.458     2342.52
933.485     2349.162
933.943     2347.785
934.006     2353.86
934.933     2359.044
936.965     2360.34
937.571     2359.125
937.665     2366.496
938.476     2373.705
940.487     2372.004
941.161     2371.356
941.267     2377.512
941.93     2385.45
944.057     2388.204
944.836     2390.067
944.926     2389.662
945.531     2394.927
947.548     2397.6
948.453     2399.868
948.548     2401.893
949.033     2406.915
951.075     2406.186
952.07     2407.806
952.144     2415.501
952.602     2422.71
954.545     2422.467
955.74     2425.95
955.909     2428.38
956.277     2434.698
958.141     2443.284
959.447     2446.281
959.568     2447.172
959.878     2450.979
961.632     2456.406
963.022     2457.297
963.195     2458.998
963.427     2464.587
965.075     2460.456
966.586     2457.135
966.765     2461.833
966.986     2473.254
968.587     2479.248
970.24     2477.79
970.482     2476.089
970.63     2482.488
972.072     2488.968
973.836     2490.993
974.131     2486.457
974.273     2488.644
975.542     2494.233
977.337     2498.283
977.664     2499.741
977.837     2505.168
978.954     2512.62
980.865     2515.05
981.312     2514.159
981.481     2517.156
982.513     2520.558
984.487     2520.963
985.014     2521.854
985.098     2529.549
985.961     2535.624
988.051     2536.11
988.699     2538.54
988.841     2541.699
989.615     2545.668
991.658     2546.64
992.395     2551.176
992.458     2560.41
993.095     2562.678
995.186     2564.703
996.012     2567.7
996.086     2575.071
996.649     2583.009
998.687     2584.467
999.713     2585.601
1000.198     2586.978
1002.23     2592.81
1003.288     2592
1003.42     2588.841
1003.841     2591.271
1005.789     2595.564
1006.958     2598.561
1007.021     2600.262
1007.406     2606.661
1009.285     2614.437
1010.57     2616.786
1010.749     2615.166
1011.023     2613.141
1012.755     2621.565
1014.14     2627.073
1014.313     2628.531
1014.582     2632.743
1016.251     2641.491
1017.793     2645.865
1017.983     2644.893
1018.215     2648.295
1019.842     2655.504
1021.521     2652.75
1021.779     2652.345
1021.963     2655.18
1023.411     2668.221
1025.196     2671.623
1025.449     2673.162
1025.58     2675.835
1026.844     2684.583
1028.697     2688.066
1029.029     2686.689
1029.166     2687.094
1030.361     2693.412
1032.341     2700.864
1032.793     2703.942
1032.893     2705.157
1033.968     2710.503
1035.947     2719.251
1036.442     2718.36
1036.653     2712.285
1037.564     2717.145
1039.496     2724.03
1040.07     2730.429
1040.175     2730.186
1041.017     2737.962
1043.15     2744.523
1043.818     2741.283
1043.924     2740.23
1044.64     2745.981
1046.667     2754.081
1047.425     2757.564
1047.514     2756.592
1048.067     2759.508
1050.152     2766.312
1051.089     2770.848
1051.105     2768.58
1051.663     2774.574
1053.695     2777.733
1054.643     2779.191
1054.717     2779.434
1055.212     2780.892
1057.244     2789.073
1058.397     2792.07
1058.523     2791.989
1058.897     2806.407
1060.735     2811.267
1061.972     2811.834
1062.204     2812.401
1062.462     2817.585
1064.262     2820.906
1065.715     2823.984
1065.884     2830.221
1066.126     2838.24
1067.732     2835.243
1069.28     2834.433
1069.559     2835.972
1069.748     2838.483
1071.328     2843.424
1072.965     2846.583
1073.213     2853.387
1073.355     2861.811
1074.813     2863.755
1076.588     2860.839
1076.867     2861.244
1077.035     2870.559
1078.362     2874.609
1080.215     2871.774
1080.584     2873.313
1080.673     2883.357
1081.9     2888.055
1083.817     2887.002
1084.275     2889.837
1084.39     2895.669
1085.27     2900.286
1087.376     2903.445
1087.986     2903.121
1088.071     2905.632
1088.881     2909.277
1090.966     2910.492
1091.698     2911.464
1091.782     2918.592
1092.388     2922.885
1094.515     2919.483
1095.363     2917.053
1095.457     2920.05
1096.01     2932.443
1098.079     2933.172
1099.011     2933.253
1099.132     2939.409
1099.596     2946.942
1101.633     2948.967
1102.634     2949.615
1102.749     2954.637
1103.25     2961.036
1105.219     2963.709
1106.398     2963.142
1106.577     2963.709
1108.783     2970.189
1110.068     2972.295
1110.199     2972.538
1110.468     2974.077
1112.258     2979.99
1113.753     2980.557
1113.874     2983.473
1114.169     2986.146
1115.838     2992.302
1117.391     2994.651
1117.565     2993.76
1117.781     2999.025
1119.292     3010.446
1120.993     3013.281
1121.24     3008.907
1121.44     3012.228
1122.899     3020.895
1124.652     3024.54
1124.952     3026.079
1125.147     3030.291
1126.484     3039.363
1128.337     3044.304
1128.706     3044.304
1128.811     3048.192
1130.012     3053.457
1132.002     3056.373
1132.428     3055.725
1132.549     3053.214
1133.602     3060.261
1135.519     3064.068
1136.014     3067.713
1136.182     3071.601
1137.14     3078.405
1139.257     3080.511
1139.826     3080.673
1139.852     3081.159
1140.726     3086.586
1142.806     3090.717
1143.516     3090.231
1143.695     3089.826
1144.364     3097.521
1146.438     3101.328
1147.218     3103.434
1147.365     3105.297
1147.992     3110.805
1149.992     3116.475
1150.924     3116.232
1151.061     3117.042
1151.582     3129.516
1153.63     3137.535
1154.673     3135.996
1154.757     3137.859
1155.242     3140.694
1157.174     3145.149
1158.348     3143.205
1158.522     3141.666
1158.948     3149.847
1160.901     3161.106
1162.186     3163.617
1162.323     3161.673
1162.602     3163.779
1164.408     3171.555
1165.814     3173.256
1166.008     3168.963
1166.282     3170.826
1167.941     3182.976
1169.478     3187.593
1169.689     3188.16
1169.873     3190.914
1171.426     3199.338
1173.074     3205.332
1173.348     3208.653
1173.569     3207.195
1174.996     3212.46
1176.765     3213.513
1177.107     3215.619
1177.36     3217.239
1178.75     3224.205
1180.645     3226.554
1180.935     3225.501
1181.045     3228.741
1182.256     3237.57
1184.157     3242.835
1184.568     3245.508
1184.731     3250.368
1185.81     3253.77
1187.795     3256.443
1188.29     3261.141
1188.369     3265.191
1189.301     3268.026
1191.365     3266.487
1191.944     3265.596
1192.06     3275.316
1192.949     3282.687
1195.087     3279.366
1195.793     3278.07
1195.882     3285.279
1196.619     3289.815
1198.699     3289.815
1199.457     3287.142
1199.583     3294.513
1200.305     3301.155
1202.437     3300.345
1203.258     3305.61
1203.311     3315.087
1203.943     3318.408
1206.017     3318.57
1207.002     3320.595
1207.097     3325.212
1207.544     3331.368
1209.555     3327.156
1210.64     3327.642
1210.756     3335.175
1211.266     3342.87
1213.193     3344.166
1214.357     3345.705
1214.531     3353.643
1214.899     3357.045
1216.747     3357.126
1218.274     3357.693
1218.574     3360.933
1220.317     3371.382
1221.781     3374.379
1222.007     3372.273
1222.254     3373.893
1223.908     3380.211
1225.482     3382.398
1225.74     3385.557
1225.914     3393.819
1227.409     3394.791
1229.115     3398.274
1229.42     3400.299
1229.594     3405.483
1231.005     3413.583
1232.858     3413.664
1233.185     3416.823
1233.353     3418.119
1234.59     3424.842
1236.507     3425.085
1236.917     3422.979
1237.044     3428.973
1238.207     3440.232
1240.177     3440.313
1240.687     3436.911
1240.845     3438.612
1241.935     3446.388
1243.93     3447.765
1244.462     3444.039
1244.594     3448.008
1245.489     3461.94
1247.5     3468.42
1248.085     3468.582
1248.216     3470.445
1249.074     3481.542
1251.112     3484.134
1251.87     3481.137
1251.986     3480.246
1252.691     3488.346
1254.792     3491.586
1255.603     3490.371
1255.756     3489.48
1256.403     3496.77
1258.467     3503.898
1259.399     3506.328
1259.578     3507.462
1260.094     3515.886
1262.047     3519.207
1263.158     3517.911
1263.306     3519.45
1263.727     3524.877
1265.691     3529.008
1266.902     3530.871
1267.102     3535.488
1267.518     3546.099
1269.324     3550.392
1270.645     3547.476
1270.824     3549.42
1271.114     3556.953
1272.93     3563.757
1274.346     3559.626
1274.51     3557.52
1274.773     3570.48
1276.421     3579.228
1278.016     3578.661
1278.258     3574.287
1278.553     3575.502
1280.175     3583.278
1281.833     3585.06
1282.123     3584.979
1282.286     3592.917
1283.708     3602.394
1285.55     3603.771
1285.898     3604.5
1286.056     3606.201
1287.398     3613.977
1289.325     3616.488
1289.662     3617.379
1289.815     3618.756
1291.031     3624.264
1292.948     3624.183
1293.364     3626.694
1293.474     3633.741
1294.553     3644.109
1296.654     3646.377
1297.191     3645.891
1297.307     3648.969
1298.234     3656.259
1300.324     3656.097
1300.929     3655.692
1300.977     3658.365
1301.824     3665.25
1303.92     3664.764
1304.583     3667.437
1304.662     3671.892
1305.436     3677.562
1307.605     3678.048
1308.4     3677.967
1308.474     3679.506
1309.085     3687.282
1311.201     3693.195
1312.175     3697.407
1312.318     3700.404
1312.828     3701.943
1314.85     3703.482
1315.935     3704.211
1316.114     3706.56
1316.566     3712.635
1318.488     3718.629
1319.61     3724.947
1319.831     3741.795
1320.21     3742.605
1322.021     3738.798
1323.348     3741.228
1323.621     3748.68
1323.901     3751.677
1325.696     3750.543
1327.16     3751.677
1327.365     3759.129
1329.35     3763.503
1330.892     3766.743
1331.108     3771.522
1331.277     3777.273
1332.851     3783.267
1334.552     3783.267
1334.836     3785.778
1335.057     3793.392
1336.537     3798.738
1338.316     3795.903
1338.616     3794.85
1338.79     3800.358
1340.111     3806.838
1341.938     3808.62
1342.323     3809.106
1342.523     3813.318
1343.723     3819.636
1345.708     3819.312
1346.135     3817.368
1346.235     3822.957
1347.33     3835.35
1349.336     3834.783
1349.878     3831.462
1350.052     3838.671
1350.921     3850.497
1352.9     3854.79
1353.574     3856.329
1353.748     3861.108
1354.643     3864.429
1356.765     3863.295
1357.428     3864.672
1357.544     3867.993
1358.276     3875.121
1360.392     3878.685
1361.203     3876.984
1361.303     3875.121
1361.94     3881.196
1364.036     3882.978
1364.978     3884.517
1365.052     3891.159
1365.62     3897.558
1367.658     3902.904
1368.69     3904.524
1368.853     3904.443
1369.311     3910.842
1371.296     3913.353
1372.444     3915.378
1372.607     3917.16
1372.955     3925.908
1374.839     3932.874
1376.235     3932.145
1376.403     3930.606
1376.724     3937.41
1378.525     3942.756
1379.925     3941.217
1380.178     3941.865
1380.462     3949.803
1382.179     3957.66
1383.737     3961.386
1383.995     3960.009
1384.201     3966.003
1385.801     3973.212
1387.481     3971.187
1387.781     3971.43
1387.918     3975.885
1389.202     3984.309
1391.092     3990.951
1391.487     3995.001
1391.693     3997.755
1392.935     4003.749
1394.867     4006.908
1395.289     4006.989
1395.42     4009.257
1396.468     4013.307
1398.511     4016.871
1399.037     4017.195
1399.127     4021.164
1400.09     4028.94
1402.17     4032.666
1402.791     4032.585
1402.902     4039.065
1403.755     4051.053
1405.871     4054.86
1406.508     4053.24
1406.661     4056.804
1407.367     4069.197
1409.415     4071.951
1410.241     4067.091
1410.378     4068.711
1411.031     4078.512
1413.121     4080.699
1414.032     4079.322
1414.122     4081.671
1414.664     4086.693
1416.707     4088.232
1417.802     4087.341
1417.986     4089.204
1418.386     4098.357
1420.329     4100.706
1421.629     4104.837
1421.803     4109.211
1422.088     4114.638
1423.972     4121.523
1425.325     4126.545
1425.483     4125.978
1425.762     4132.296
1427.574     4138.371
1429.069     4136.184
1429.295     4137.885
1429.511     4142.421
1431.18     4148.901
1432.749     4153.437
1433.039     4150.926
1433.328     4157.811
1434.892     4164.858
1436.55     4163.643
1436.866     4164.696
1437.077     4176.36
1440.252     4181.544
1440.636     4178.223
1440.736     4179.033
1442.047     4187.619
1443.985     4192.965
1444.385     4193.289
1444.543     4189.482
1445.743     4197.501
1447.681     4206.087
1448.165     4206.006
1448.312     4204.386
1449.444     4208.031
1451.414     4217.832
1451.914     4217.265
1452.14     4216.455
1453.109     4225.932
1455.204     4227.795
1455.789     4230.873
1455.899     4235.652
1456.747     4240.998
1458.769     4244.643
1459.432     4246.668
1459.637     4248.936
1460.438     4255.092
1462.528     4257.522
1463.344     4257.198
1463.491     4258.818
1464.118     4265.298
1466.14     4267.728
1467.03     4267.566
1467.145     4268.7
1467.798     4275.747
1469.878     4279.149
1470.899     4276.638
1470.931     4279.797
1471.326     4294.377
1473.321     4301.343
1474.532     4304.259
1474.68     4305.393
1475.064     4313.25
1476.975     4317.057
1478.255     4312.602
1478.391     4316.814
1478.797     4325.724
1480.661     4325.805
1482.04     4326.534
1482.224     4329.045
1482.53     4340.547
1484.288     4345.731
1485.783     4343.382
1485.999     4339.008
1486.242     4343.868
1487.947     4349.376
1489.585     4348.89
1489.822     4353.345
1490.027     4360.797
1491.485     4367.439
1493.202     4375.377
1493.518     4376.754
1493.702     4381.128
1495.003     4388.337
1496.814     4386.96
1497.182     4388.58
1497.372     4396.437
1498.672     4402.512
1500.673     4402.512
1501.094     4398.786
1501.168     4403.808
1502.268     4406.562
1504.237     4403.97
1504.743     4405.347
1504.906     4417.092
1505.906     4429.566
1507.949     4429.566
1508.539     4425.192
1508.702     4429.242
1509.623     4439.124
1511.682     4442.607
1512.356     4444.713
1512.43     4451.355
1513.204     4459.941
1515.304     4460.427
1516.057     4453.542
1516.131     4457.349
1516.858     4468.203
1519.042     4469.58
1519.869     4471.605
1519.89     4473.711
1520.443     4483.512
1522.517     4486.59
1523.418     4483.755
1523.439     4487.238
1523.939     4496.31
1525.929     4499.145
1526.977     4499.307
1527.077     4502.223
1527.409     4510.566
1529.309     4515.831
1530.541     4518.342
1530.636     4523.283
1530.91     4527.738
1532.689     4532.76
1534     4534.218
1534.132     4536.81
1534.3     4543.614
1535.959     4547.745
1537.349     4548.231
1537.459     4550.985
1537.591     4556.493
1539.113     4559.814
1540.624     4560.543
1540.713     4559.49
1540.808     4564.674
1542.203     4568.562
1543.804     4568.724
1543.983     4570.668
1544.035     4576.095
1545.315     4582.737
1547.163     4585.005
1547.205     4584.924
1548.39     4592.133
1550.101     4598.208
1550.296     4597.965
1550.274     4598.613
1551.301     4604.526
1553.112     4608.981
1553.433     4613.193
1553.476     4612.464
1554.476     4614.732
1556.392     4622.994
1556.777     4625.343
1556.787     4623.642
1557.703     4629.15
1559.778     4635.792
1560.283     4640.895
1560.325     4642.353
1561.073     4642.839
1563.1     4648.266
1563.779     4652.64
1563.832     4653.207
1564.464     4658.391
1566.427     4667.382
1567.238     4669.083
1567.323     4672.647
1567.902     4679.532
1569.971     4684.392
1570.887     4682.61
1570.934     4683.096
1571.408     4686.174
1573.409     4694.922
1574.483     4700.025
1574.594     4699.296
1574.999     4703.832
1576.926     4720.194
1578.105     4717.521
1578.232     4720.113
1578.584     4727.646
1580.443     4732.02
1581.759     4733.883
1581.901     4732.83
1582.159     4740.363
1583.897     4744.818
1585.271     4748.706
1585.371     4749.921
1585.597     4757.94
1587.314     4760.856
1588.846     4755.591
1589.056     4755.105
1589.246     4766.283
1590.831     4772.844
1592.537     4776.408
1592.737     4776.084
1592.879     4782.564
1594.3     4784.751
1596.075     4784.427
1596.37     4786.29
1596.517     4793.742
1597.796     4798.44
1599.65     4799.169
1599.997     4801.518
1600.16     4807.998
1601.345     4811.481
1603.319     4815.855
1603.719     4813.749
1603.809     4813.992
1604.841     4820.958
1606.831     4825.656
1607.368     4827.681
1607.473     4833.027
1608.379     4834.809
1610.464     4836.267
1611.059     4841.127
1611.18     4842.747
1611.986     4851.981
1614.018     4854.573
1614.702     4855.383
1614.776     4862.187
1615.503     4870.368
1617.598     4875.066
1618.419     4875.552
1618.535     4877.739
1619.156     4884.624
1621.226     4884.057
1622.126     4885.191
1622.168     4889.322
1622.584     4896.045
1624.532     4897.665
1625.696     4899.69
1625.796     4902.201
1626.133     4913.541
1628.06     4918.32
1629.281     4913.703
1629.444     4919.049
1629.797     4928.283
1631.624     4925.934
1632.993     4925.529
1633.156     4932.9
1633.361     4941
1635.062     4940.19
1636.568     4943.673
1636.784     4943.916
1636.989     4948.857
1638.611     4955.418
1640.248     4954.932
1640.464     4957.281
1640.632     4968.297
1642.107     4979.07
1643.802     4978.422
1644.07     4975.992
1644.271     4982.391
1645.655     4984.011
1647.466     4982.796
1647.793     4987.089
1647.919     4995.027
1649.135     4999.563
1651.11     4999.077
1651.631     4998.267
1652.779     5002.965
1654.706     5012.361
1655.174     5017.302
1655.238     5016.897
1655.295     5013.252
1655.364     5010.66
1655.38     5011.713
1655.469     5015.52
1655.548     5015.034
1655.517     5010.741
1655.522     5014.143
1655.432     5017.707
1655.322     5015.52
1655.322     5013.576
1655.332     5013.252
1655.359     5015.763
1655.359     5017.383
1655.374     5017.464
1655.427     5018.76
1655.401     5021.595
1655.406     5026.05
1655.501     5027.994
1655.48     5022.729
1655.39     5022.729
1655.395     5025.645
1655.311     5024.43
1655.327     5022.729
1655.332     5018.112
1655.29     5015.034
1655.338     5017.221
1655.338     5018.517
1655.374     5015.844
1655.469     5018.922
1655.48     5020.704
1655.427     5019.894
1655.511     5017.14
1655.39     5015.682
1655.338     5019.084
1655.401     5019.651
1655.343     5020.056
1655.343     5019.732
1655.369     5018.679
1655.338     5017.302
1655.364     5014.224
1655.306     5014.872
1655.295     5019.975
1655.364     5020.542
1655.406     5024.673
1655.374     5024.511
1655.374     5019.408
1655.311     5016.33
1655.311     5021.514
1655.306     5023.944
1655.253     5022.324
1655.374     5022.243
1655.401     5025.888
1655.348     5027.751
1655.485     5028.804
1655.453     5029.047
1655.443     5027.913
1655.448     5028.318
1655.332     5025.159
1655.295     5024.511
1655.269     5025.969
1655.211     5024.106
1655.185     5021.19
1655.148     5021.028
1655.232     5022.729
1655.359     5025.645
1655.401     5027.184
1655.432     5027.022
1655.443     5025.321
1655.401     5024.916
1655.438     5020.704
1655.432     5018.679
1655.374     5024.187
1655.348     5021.19
1655.316     5017.464
1655.285     5018.598
1655.332     5022.81
1655.274     5024.592
1655.28     5027.265
1655.285     5027.67
1655.253     5023.782
1655.327     5022.81
1655.374     5023.458
1655.401     5026.779
1655.401     5028.318
1655.417     5027.346
1655.422     5027.751
1655.422     5028.642
1655.411     5026.536
1655.353     5026.05
1655.332     5027.346
1655.29     5026.374
1655.227     5023.782
1655.332     5029.209
1655.401     5033.907
1655.359     5035.77
1655.327     5036.418
1655.274     5035.932
1655.306     5034.312
1655.29     5030.667
1655.285     5027.103
1655.322     5024.187
1655.306     5023.701
1655.301     5025.24
1655.301     5027.751
1655.285     5027.265
1655.322     5025.078
1655.39     5024.43
1655.353     5025.24
1655.322     5027.265
1655.311     5028.48
1655.185     5027.832
1655.206     5026.86
1655.232     5023.944
1655.174     5024.592
1655.253     5024.754
1655.28     5022.567
1655.322     5024.835
1655.316     5025.078
1655.306     5024.754
1655.338     5022.81
1655.311     5021.595
1655.353     5020.704
1655.295     5019.489
1655.311     5019.57
1655.338     5017.95
1655.295     5018.112
1655.338     5015.115
1655.332     5013.738
1655.248     5017.869
1655.248     5019.246
1655.28     5020.866
1655.316     5021.433
1655.316     5021.352
1655.332     5020.542
1655.364     5020.461
1655.38     5025.321
1655.348     5025.078
1655.369     5022.243
1655.285     5021.028
1655.201     5022.486
1655.243     5024.673
1655.174     5026.536
1655.122     5019.408
1655.206     5016.654
1655.332     5019.165
1655.395     5019.489
1655.406     5018.679
1655.401     5017.14
1655.406     5020.461
1655.353     5024.754
1655.311     5022.891
1655.29     5019.165
1655.28     5017.383
1655.264     5021.352
1655.274     5025.726
1655.243     5022.486
1655.227     5016.33
1655.169     5019.651
1655.116     5026.212
1655.195     5028.561
1655.259     5024.835
1655.238     5020.218
1655.222     5022.486
1655.253     5023.377
1655.348     5021.352
1655.417     5022.081
1655.332     5027.103
1655.343     5032.044
1655.39     5029.29
1655.295     5026.293
1655.227     5027.508
1655.211     5028.966
1655.153     5030.181
1655.122     5027.427
1655.106     5025.321
1655.095     5026.455
1655.132     5025.24
1655.238     5021.838
1655.359     5019.327
1655.364     5016.006
1655.348     5015.925
1655.39     5019.165
1655.28     5017.221
1655.248     5013.495
1655.285     5014.305
1655.185     5019.327
1655.159     5022.81
1655.174     5022.81
1655.153     5017.707
1655.09     5017.059
1655.095     5027.832
1655.106     5023.863
1655.18     5019.732
1655.227     5015.52
1655.259     5015.844
1655.322     5017.464
1655.301     5019.165
1655.243     5015.358
1655.269     5014.791
1655.227     5019.327
1655.248     5019.894
1655.322     5017.302
1655.353     5020.704
1655.28     5026.941
1655.248     5029.209
1655.243     5025.24
1655.274     5024.187
1655.259     5024.268
1655.248     5022.405
1655.28     5019.894
1655.264     5015.763
1655.295     5013.657
1655.364     5013.738
1655.269     5013.171
1655.174     5010.417
1655.195     5010.822
1655.143     5008.392
1655.159     5007.339
1655.222     5010.417
1655.169     5015.682
1655.164     5016.978
1655.195     5019.651
1655.211     5017.95
1655.259     5016.249
1655.306     5016.573
1655.295     5020.056
1655.269     5023.944
1655.19     5022.324
1655.195     5021.19
1655.19     5019.894
1655.174     5018.031
1655.132     5017.95
1655.18     5018.517
1655.159     5014.872
1655.222     5013.171
1655.243     5011.794
1655.274     5010.822
1655.285     5009.769
1655.316     5008.716
1655.327     5012.604
1655.285     5016.573
1655.238     5017.221
1655.238     5011.875
1655.18     5010.336
1655.148     5014.224
1655.148     5017.383
1655.106     5019.084
1655.132     5019.813
1655.132     5018.031
1655.18     5015.358
1654.527     5009.202
1652.573     5001.831
1651.989     4998.186
1651.984     4995.594
1651.431     4987.413
1649.514     4984.416
1648.841     4986.198
1648.856     4986.846
1648.393     4978.179
1646.513     4970.484
1645.666     4967.406
1645.655     4964.409
1645.35     4959.63
1643.47     4958.253
1642.475     4961.736
1642.486     4965.138
1642.238     4962.951
1640.448     4954.284
1639.443     4952.016
1639.464     4952.583
1639.248     4947.075
1637.558     4937.031
1636.32     4934.925
1636.305     4935.492
1636.183     4931.037
1634.593     4925.124
1633.198     4926.906
1633.051     4928.85
1632.982     4922.532
1631.577     4915.566
1630.087     4912.974
1629.96     4912.65
1629.944     4912.569
1628.533     4906.008
1627.012     4904.145
1626.896     4907.223
1626.838     4904.307
1625.543     4899.852
1623.853     4896.369
1623.669     4895.397
1623.648     4894.83
1622.51     4883.409
1620.746     4879.359
1620.462     4876.524
1620.462     4871.502
1619.53     4864.698
1617.666     4861.053
1617.33     4863.807
1617.356     4861.296
1616.498     4853.034
1614.613     4853.358
1614.234     4854.492
1614.244     4853.52
1613.518     4849.794
1611.612     4844.205
1611.08     4840.56
1611.101     4841.37
1610.459     4836.186
1608.553     4832.055
1607.953     4826.061
1608.005     4823.712
1607.484     4816.584
1605.583     4816.26
1604.836     4818.528
1604.883     4819.581
1604.467     4813.02
1602.582     4809.699
1601.692     4807.431
1601.608     4807.026
1601.224     4802.814
1599.429     4800.87
1598.507     4799.736
1598.518     4800.546
1598.27     4796.253
1596.438     4791.636
1595.364     4790.421
1595.359     4789.287
1595.195     4783.455
1593.463     4783.941
1592.205     4782.564
1592.179     4772.844
1591.989     4762.719
1590.341     4762.314
1589.014     4762.233
1589.056     4757.778
1588.956     4751.379
1587.366     4751.055
1585.976     4751.946
1585.887     4748.382
1585.803     4739.553
1584.402     4738.905
1582.833     4742.712
1582.628     4744.332
1582.544     4739.229
1581.291     4737.609
1579.627     4736.313
1579.474     4731.939
1579.464     4722.786
1578.295     4724.325
1576.573     4722.057
1576.331     4716.225
1575.294     4710.393
1573.488     4709.583
1573.219     4709.259
1573.219     4706.748
1572.335     4700.106
1570.376     4698.405
1569.923     4698.162
1569.966     4693.221
1569.176     4684.473
1567.233     4683.015
1566.712     4683.258
1566.754     4681.314
1566.033     4672.89
1564.048     4668.597
1563.511     4669.083
1563.611     4670.703
1563.026     4662.684
1561.078     4658.148
1560.383     4659.93
1560.367     4659.12
1559.852     4652.154
1557.951     4648.185
1557.166     4648.104
1557.156     4647.213
1556.698     4638.303
1554.802     4634.496
1553.876     4640.652
1553.944     4642.11
1553.586     4632.147
1551.759     4629.312
1550.722     4629.069
1550.754     4627.044
1550.569     4620.807
1548.837     4618.134
1547.631     4617.648
1547.574     4618.701
1547.4     4606.227
1545.731     4601.853
1544.404     4602.42
1544.309     4607.847
1544.214     4602.096
1542.714     4597.722
1541.234     4595.778
1541.171     4591.809
1541.145     4590.594
1539.744     4583.952
1538.149     4582.494
1537.991     4584.114
1537.933     4578.363
1536.843     4572.693
1535.08     4575.204
1534.822     4572.936
1534.774     4565.079
1533.658     4557.627
1531.873     4554.387
1531.636     4553.739
1531.605     4551.147
1530.699     4541.832
1528.793     4539.969
1528.335     4540.455
1528.309     4538.268
1527.551     4534.38
1525.65     4530.816
1525.129     4526.685
1525.113     4523.202
1524.418     4517.694
1522.47     4515.183
1521.812     4516.398
1521.828     4517.127
1521.306     4509.756
1519.348     4506.759
1518.627     4503.924
1518.663     4496.877
1518.232     4487.967
1516.284     4484.889
1515.457     4490.235
1515.468     4493.313
1515.157     4487.805
1513.23     4485.213
1512.261     4486.428
1512.214     4485.132
1511.84     4479.705
1510.15     4475.655
1509.097     4473.468
1509.023     4471.524
1508.728     4463.019
1506.949     4456.053
1505.701     4453.947
1505.664     4454.433
1505.496     4454.838
1503.863     4454.919
1502.489     4451.274
1502.41     4446.981
1502.3     4440.42
1500.841     4437.342
1499.378     4436.613
1499.251     4437.099
1499.172     4438.152
1497.788     4433.049
1496.166     4429.971
1496.066     4427.703
1495.982     4423.572
1494.681     4418.712
1492.97     4420.98
1492.728     4414.257
1492.66     4409.478
1491.575     4401.054
1489.848     4401.783
1489.601     4402.998
1489.558     4397.895
1488.537     4390.281
1486.673     4390.443
1486.326     4396.194
1486.357     4390.119
1485.415     4380.723
1483.477     4378.536
1483.072     4379.427
1482.988     4375.701
1482.209     4370.355
1479.713     4370.679
1479.734     4368.492
1479.039     4362.822
1477.044     4360.149
1476.438     4357.881
1476.501     4354.722
1475.959     4346.541
1473.969     4344.192
1473.232     4344.435
1473.221     4337.712
1472.7     4328.235
1470.831     4326.615
1470.057     4332.609
1470.015     4330.179
1469.588     4322.808
1467.672     4321.431
1466.714     4323.537
1466.719     4325.724
1466.429     4317.3
1464.592     4309.362
1463.549     4308.147
1463.565     4306.527
1463.26     4301.667
1461.464     4297.131
1460.269     4295.511
1460.306     4291.299
1460.127     4284.738
1458.448     4279.068
1457.063     4274.451
1456.894     4274.37
1456.747     4270.158
1455.173     4271.049
1453.725     4274.37
1453.678     4272.993
1453.577     4268.7
1452.13     4264.974
1450.571     4266.027
1450.418     4265.865
1450.345     4255.416
1448.997     4247.154
1447.317     4249.098
1447.117     4246.911
1447.065     4241.97
1445.827     4238.892
1444.069     4238.244
1443.842     4235.004
1443.816     4231.197
1442.7     4226.904
1440.92     4224.474
1440.615     4220.343
1440.536     4214.754
1439.594     4207.626
1437.688     4207.869
1437.272     4205.682
1437.272     4201.551
1436.456     4198.392
1434.487     4195.962
1433.96     4192.56
1433.95     4190.211
1433.202     4185.756
1431.254     4185.513
1430.664     4187.943
1430.685     4186.404
1430.075     4178.466
1428.1     4174.092
1427.405     4172.472
1427.468     4173.12
1426.921     4167.126
1424.983     4163.157
1424.167     4158.702
1424.13     4156.191
1423.704     4150.521
1421.761     4150.683
1420.819     4153.356
1420.803     4152.06
1420.497     4143.798
1418.681     4143.879
1417.623     4146.552
1417.639     4143.555
1417.338     4132.701
1415.554     4127.922
1414.353     4127.76
1414.227     4126.14
1413.979     4115.853
1412.316     4107.51
1411.036     4106.376
1410.968     4106.133
1410.81     4103.865
1409.204     4104.756
1407.767     4103.379
1407.619     4098.519
1407.44     4090.014
1405.95     4085.802
1404.392     4086.045
1404.218     4084.506
1404.097     4077.783
1402.76     4074.219
1401.212     4076.973
1401.001     4076.001
1400.891     4067.739
1399.648     4062.15
1397.905     4061.988
1397.637     4059.801
1397.553     4051.863
1396.494     4043.439
1394.71     4044.33
1394.394     4042.548
1394.378     4043.763
1393.356     4037.688
1391.403     4032.504
1391.029     4029.345
1390.987     4025.7
1390.139     4017.033
1388.197     4019.058
1387.754     4022.298
1387.707     4019.787
1386.928     4012.983
1384.943     4010.715
1384.39     4009.986
1383.706     4008.447
1381.652     4002.696
1380.952     3999.78
1380.957     3997.512
1380.457     3995.406
1378.499     3990.465
1377.761     3990.708
1377.825     3989.493
1377.382     3983.337
1375.376     3978.315
1374.471     3979.692
1374.476     3978.072
1374.108     3971.997
1372.186     3967.056
1371.133     3966.165
1371.107     3963.006
1370.891     3956.85
1369.127     3949.479
1367.842     3950.289
1367.769     3954.42
1367.611     3949.56
1365.973     3934.17
1364.573     3934.332
1364.441     3933.846
1364.262     3926.394
1362.698     3920.238
1361.166     3921.615
1361.035     3920.886
1360.903     3914.001
1359.439     3908.25
1357.849     3909.303
1357.718     3909.222
1357.602     3902.742
1356.259     3896.343
1354.548     3896.505
1354.316     3896.829
1354.253     3893.994
1353.132     3890.43
1351.321     3891.321
1351.026     3889.944
1351.026     3885.894
1349.973     3882.816
1348.077     3882.492
1347.64     3879.333
1347.64     3869.694
1346.756     3861.108
1344.792     3860.055
1344.323     3861.432
1344.323     3857.544
1343.502     3849.12
1341.491     3849.525
1340.959     3850.821
1340.938     3842.478
1340.212     3833.163
1338.221     3829.032
1337.553     3831.705
1337.537     3834.135
1336.979     3828.384
1335.031     3829.599
1334.278     3827.088
1334.262     3824.739
1333.778     3814.29
1331.809     3808.215
1330.929     3808.944
1330.914     3807.81
1330.571     3803.274
1328.676     3804.732
1327.612     3807
1327.539     3801.249
1327.165     3791.124
1325.317     3788.451
1324.185     3789.666
1324.116     3785.292
1323.885     3777.516
1322.158     3773.142
1320.878     3771.279
1320.805     3768.768
1320.584     3764.88
1318.946     3762.612
1317.567     3761.235
1317.409     3761.559
1317.261     3752.73
1315.771     3749.895
1314.25     3749.004
1314.06     3744.549
1313.96     3741.795
1312.518     3737.34
1310.87     3735.396
1310.675     3733.371
1310.591     3727.701
1309.253     3723.246
1307.521     3723.003
1307.289     3720.978
1307.237     3715.875
1306.042     3712.635
1304.23     3708.99
1303.999     3706.155
1303.951     3704.292
1302.867     3702.024
1300.982     3702.753
1300.566     3700.647
1300.503     3691.413
1299.56     3683.394
1297.67     3684.123
1297.286     3684.771
1297.249     3677.724
1296.38     3674.322
1294.316     3677.319
1293.801     3680.397
1293.753     3673.674
1293.1     3664.44
1291.126     3666.627
1290.41     3666.222
1290.394     3659.661
1289.799     3650.022
1287.841     3647.916
1287.098     3649.86
1287.035     3645.567
1286.519     3639.087
1283.729     3637.062
1283.713     3633.093
1283.276     3631.473
1281.307     3627.099
1280.312     3624.021
1280.269     3621.51
1279.927     3620.133
1278.069     3618.351
1276.926     3613.167
1276.847     3611.709
1276.579     3610.98
1274.81     3605.715
1273.583     3608.874
1273.467     3607.902
1273.251     3600.045
1271.614     3594.294
1270.261     3590.325
1270.14     3586.113
1269.961     3578.985
1268.386     3570.399
1266.907     3569.346
1266.712     3574.692
1266.591     3569.589
1265.191     3559.464
1263.622     3554.037
1263.448     3555.576
1263.379     3559.95
1262.005     3557.034
1260.231     3549.663
1259.983     3547.071
1259.904     3548.286
1258.715     3543.264
1256.898     3538.971
1256.609     3536.46
1256.545     3532.653
1255.44     3529.818
1253.581     3528.765
1253.197     3524.067
1253.107     3524.31
1252.154     3519.045
1250.227     3510.702
1249.785     3511.35
1249.738     3508.029
1248.853     3494.502
1246.889     3493.206
1246.358     3491.343
1246.326     3488.832
1245.621     3485.592
1243.62     3488.184
1242.946     3489.156
1242.93     3480.651
1242.351     3470.769
1240.361     3467.286
1239.597     3470.769
1239.534     3466.719
1238.944     3456.432
1237.007     3453.84
1236.238     3452.706
1236.154     3450.519
1235.712     3443.472
1233.758     3439.179
1232.769     3442.743
1232.7     3440.718
1232.332     3430.998
1230.463     3428.244
1229.394     3430.188
1229.367     3429.864
1229.052     3421.926
1227.182     3419.415
1226.029     3419.901
1225.887     3416.904
1225.582     3406.212
1223.844     3402.486
1222.555     3398.76
1222.476     3396.168
1222.312     3388.554
1220.633     3385.8
1219.169     3382.884
1219.059     3377.781
1218.922     3371.787
1217.363     3374.703
1215.778     3378.834
1215.589     3381.345
1215.478     3377.619
1214.067     3374.136
1212.43     3375.189
1212.193     3372.435
1212.119     3362.553
1210.872     3361.095
1209.113     3358.665
1208.792     3353.238
1208.713     3346.353
1207.597     3342.546
1205.691     3344.409
1205.349     3342.708
1205.248     3333.474
1204.206     3327.48
1202.305     3326.913
1201.847     3327.723
1201.821     3322.863
1200.952     3320.028
1198.952     3317.841
1198.404     3315.006
1198.393     3308.202
1197.609     3306.42
1195.682     3310.551
1195.124     3310.065
1195.061     3303.342
1194.318     3296.862
1192.254     3296.538
1191.57     3295.971
1191.559     3289.896
1190.975     3282.363
1188.985     3281.958
1188.158     3282.849
1188.127     3277.098
1187.69     3269.97
1185.668     3270.618
1184.694     3271.995
1184.283     3264.057
1182.319     3252.474
1181.335     3251.259
1181.272     3252.636
1180.977     3250.125
1179.071     3241.458
1177.902     3239.352
1177.876     3245.508
1177.576     3244.698
1175.807     3232.386
1174.522     3226.554
1174.396     3230.037
1174.19     3229.308
1172.532     3217.482
1171.105     3213.27
1170.989     3216.51
1170.821     3213.432
1169.262     3205.98
1167.746     3203.55
1167.598     3201.201
1167.472     3199.5
1165.998     3194.721
1164.297     3191.643
1164.066     3191.157
1163.976     3192.048
1162.681     3183.138
1160.959     3182.409
1160.722     3182.814
1160.649     3178.602
1159.432     3171.96
1157.574     3168.234
1157.211     3167.667
1157.09     3164.265
1156.079     3154.707
1154.183     3149.199
1153.767     3152.52
1153.694     3153.492
1152.778     3142.881
1150.803     3136.563
1150.298     3135.51
1150.277     3137.13
1149.482     3134.457
1147.486     3127.734
1146.918     3126.033
1146.865     3126.357
1146.165     3121.902
1144.069     3116.475
1143.332     3114.126
1143.311     3112.506
1142.816     3106.188
1140.8     3102.219
1139.999     3099.708
1139.941     3100.68
1139.447     3097.359
1137.414     3094.281
1136.493     3093.309
1136.519     3092.823
1136.098     3084.642
1134.124     3077.433
1133.05     3077.838
1132.944     3077.271
1132.613     3077.271
1130.728     3068.928
1129.548     3062.043
1129.506     3057.507
1129.259     3054.753
1127.49     3060.666
1126.142     3058.479
1126.084     3050.379
1125.952     3044.061
1124.252     3046.329
1122.778     3044.304
1122.62     3041.874
1122.425     3036.69
1120.866     3035.151
1119.324     3028.833
1119.176     3024.54
1118.997     3019.032
1117.455     3017.169
1115.796     3017.331
1115.601     3016.116
1115.507     3009.555
1114.111     3007.611
1112.305     3009.96
1112.09     3007.368
1111.963     2995.461
1110.779     2992.95
1108.983     2992.302
1108.646     2991.006
1108.583     2986.794
1107.551     2982.339
1105.582     2980.962
1105.203     2979.423
1105.145     2970.27
1104.171     2961.765
1102.212     2960.388
1101.739     2958.039
1101.633     2952.936
1100.828     2948.643
1098.832     2947.185
1098.222     2945.241
1098.164     2939.166
1097.463     2935.197
1095.436     2937.789
1094.731     2936.331
1094.683     2929.365
1094.089     2927.664
1092.093     2927.259
1091.303     2922.561
1091.224     2916.891
1090.719     2911.707
1088.739     2913.57
1087.818     2912.112
1087.718     2903.121
1087.291     2895.588
1085.322     2893.644
1084.254     2892.996
1083.859     2891.457
1081.958     2887.65
1080.789     2885.382
1080.721     2886.84
1080.421     2882.142
1078.657     2874.69
1077.356     2875.095
1077.272     2874.528
1077.067     2866.995
1075.456     2860.353
1073.976     2859.057
1073.739     2858.895
1073.592     2856.141
1072.044     2849.661
1070.517     2848.203
1070.349     2849.58
1070.185     2846.34
1068.78     2840.103
1067.069     2839.05
1066.879     2838.321
1066.805     2832.408
1065.426     2826.657
1063.646     2824.794
1063.399     2823.903
1063.273     2823.174
1062.056     2819.853
1060.235     2814.021
1059.85     2810.781
1059.771     2808.837
1058.745     2803.086
1056.754     2802.114
1056.323     2801.79
1056.265     2797.578
1055.259     2790.936
1053.311     2787.291
1052.774     2782.107
1052.674     2784.132
1051.832     2779.353
1049.841     2777.49
1049.299     2781.459
1049.278     2779.92
1048.557     2771.577
1046.514     2766.879
1045.84     2766.555
1045.751     2764.287
1045.035     2757.159
1042.986     2755.62
1042.281     2754.405
1042.191     2753.595
1041.639     2746.953
1039.659     2739.177
1038.753     2736.828
1038.69     2734.317
1038.248     2731.968
1036.31     2725.569
1035.252     2723.139
1035.168     2724.921
1034.799     2722.977
1032.878     2717.55
1031.73     2715.687
1031.693     2717.793
1031.388     2713.014
1029.587     2705.157
1028.344     2705.805
1028.176     2709.045
1027.881     2704.428
1026.165     2694.546
1024.733     2692.359
1024.554     2689.848
1024.417     2685.96
1022.837     2676.645
1021.332     2673.648
1021.158     2671.947
1021.026     2673.81
1019.436     2671.947
1017.714     2668.788
1017.467     2665.548
1017.346     2658.825
1016.067     2648.376
1014.308     2648.781
1014.039     2654.775
1013.955     2653.479
1012.686     2646.594
1010.817     2645.379
1010.58     2642.544
1010.517     2637.036
1009.385     2631.852
1007.437     2631.366
1007.032     2628.774
1007.016     2616.948
1006.031     2615.328
1004.01     2613.384
1003.499     2613.303
1003.436     2607.552
1002.567     2604.636
1000.556     2607.228
999.998     2605.608
999.982     2596.131
999.219     2593.296
997.181     2592.972
996.497     2589.489
996.375     2583.252
995.738     2579.04
993.738     2576.853
992.964     2575.395
992.901     2567.862
992.369     2561.787
990.41     2561.301
989.563     2561.139
989.51     2557.17
989.025     2551.5
986.962     2548.665
985.903     2548.26
985.903     2544.939
985.508     2536.677
983.566     2535.138
982.439     2534.409
982.349     2526.633
982.028     2524.527
978.964     2523.393
978.817     2524.689
978.522     2519.586
976.8     2511.405
975.426     2510.352
975.257     2509.785
975.057     2502.738
973.394     2498.202
971.888     2496.582
971.735     2494.719
971.572     2489.454
970.071     2481.516
968.471     2480.301
968.213     2481.516
968.029     2476.98
966.639     2470.824
964.933     2470.419
964.664     2468.637
964.501     2462.319
963.19     2455.272
961.347     2453.004
961.063     2453.733
961.042     2453.733
959.957     2448.306
957.946     2447.01
957.514     2445.39
957.493     2442.312
956.498     2439.477
954.529     2438.424
954.034     2432.268
953.982     2425.707
953.044     2417.607
951.012     2414.772
950.449     2416.959
950.449     2412.099
949.622     2405.052
947.532     2401.164
946.916     2401.731
946.858     2399.382
946.147     2394.441
944.11     2387.88
943.304     2385.855
943.209     2383.83
942.62     2378.241
940.598     2375.244
939.708     2378.97
939.65     2381.157
939.208     2374.272
937.213     2369.655
936.202     2373.867
936.091     2372.976
935.696     2361.393
933.78     2352.807
932.711     2350.134
932.627     2349.081
932.279     2345.193
930.4     2339.361
929.157     2337.741
929.041     2339.28
928.762     2332.638
926.983     2326.077
925.603     2323.647
925.503     2321.379
925.282     2317.167
923.592     2315.547
922.102     2319.192
921.886     2319.435
921.644     2312.955
920.112     2307.771
918.517     2305.827
918.348     2303.64
918.232     2299.185
916.784     2292.786
915.01     2293.191
914.757     2297.484
914.647     2289.465
913.394     2276.181
911.535     2274.966
911.204     2274.885
911.156     2270.754
910.008     2264.193
908.081     2260.872
907.697     2257.551
907.671     2254.068
906.586     2252.529
904.601     2250.18
904.122     2243.619
904.038     2238.759
903.111     2233.089
901.042     2235.924
900.531     2235.762
900.484     2233.413
899.747     2225.394
897.63     2223.612
896.951     2223.855
896.867     2219.643
896.182     2212.029
894.15     2207.25
893.418     2204.901
893.339     2204.334
892.744     2201.661
890.733     2202.309
889.817     2205.792
889.738     2203.524
889.275     2192.103
887.316     2187.324
886.337     2186.838
886.247     2186.595
885.779     2178.657
883.826     2169.585
882.641     2168.856
882.578     2169.585
882.251     2163.186
880.44     2159.703
879.208     2157.597
879.045     2150.145
878.797     2147.553
877.034     2146.824
875.486     2143.746
875.217     2139.129
873.527     2141.964
872.027     2143.422
871.863     2139.696
871.674     2130.381
870.084     2126.979
868.473     2129.895
868.262     2128.842
868.094     2125.359
866.651     2116.773
864.924     2112.723
864.677     2113.695
864.582     2111.508
863.266     2106.972
861.481     2103.975
861.107     2099.763
860.933     2097.171
859.749     2094.417
857.906     2093.931
857.564     2091.096
857.469     2088.099
856.395     2083.644
854.378     2081.943
853.847     2079.594
853.731     2074.329
852.762     2066.877
850.756     2065.5
850.287     2066.067
850.261     2063.313
849.408     2054.403
847.381     2052.864
846.702     2053.593
846.591     2050.353
845.87     2042.172
843.78     2037.393
843.011     2035.206
842.932     2035.692
842.369     2029.941
840.337     2026.053
839.452     2029.05
839.442     2026.296
839.01     2017.71
836.972     2009.286
835.977     2007.828
835.898     2010.339
835.461     2007.099
833.545     2000.7
832.46     2001.267
832.36     2000.214
831.981     1990.008
829.991     1987.092
828.754     1986.525
828.764     1984.743
828.475     1980.369
826.684     1977.453
825.3     1976.238
825.073     1969.839
824.868     1962.306
823.199     1956.717
821.667     1960.524
821.435     1963.764
821.251     1955.097
819.714     1944.648
818.081     1942.056
817.913     1943.595
817.744     1942.056
816.207     1936.872
814.459     1931.121
814.185     1930.959
814.096     1923.426
812.806     1912.896
810.963     1918.161
810.653     1919.376
810.521     1913.301
809.305     1904.148
807.378     1905.606
806.999     1907.226
806.888     1902.042
805.788     1892.889
803.803     1889.892
803.387     1889.568
803.303     1889.73
802.292     1886.409
800.312     1884.384
799.849     1880.901
799.77     1875.15
798.833     1867.86
796.758     1864.377
796.137     1863.405
796.074     1858.707
795.295     1852.389
793.21     1849.797
792.541     1848.906
792.504     1847.772
791.899     1841.535
789.745     1836.027
788.892     1837.323
788.813     1835.865
788.276     1829.061
786.26     1827.684
785.333     1827.522
785.281     1823.067
784.833     1815.291
782.864     1813.995
781.774     1811.808
781.669     1808.406
781.29     1802.736
779.352     1796.904
778.146     1794.393
778.025     1792.206
777.704     1789.209
775.919     1783.944
774.593     1782.972
774.366     1780.947
774.045     1773.9
772.313     1769.04
770.933     1767.906
770.481     1766.205
768.869     1760.292
767.385     1754.865
767.253     1755.675
766.99     1753.164
765.5     1748.385
763.815     1743.444
763.52     1743.12
763.383     1741.095
762.014     1734.129
760.23     1731.861
759.882     1733.805
759.745     1728.135
758.555     1723.113
756.628     1715.013
756.244     1715.256
756.176     1714.284
755.075     1705.86
753.106     1701.729
752.674     1700.433
752.601     1695.249
751.611     1688.85
749.61     1686.015
749.042     1686.339
748.91     1681.641
748.062     1674.675
746.03     1672.326
745.44     1671.597
745.335     1666.17
744.577     1658.637
742.466     1659.285
741.776     1660.095
741.713     1661.31
741.007     1656.207
738.912     1654.344
738.069     1654.344
738.069     1651.104
737.537     1642.032
735.437     1637.415
734.452     1637.253
734.405     1636.038
734.01     1626.561
731.993     1625.589
730.883     1624.212
730.793     1621.458
730.356     1616.517
728.44     1612.629
727.287     1607.931
727.118     1603.233
726.792     1599.183
724.944     1595.052
723.706     1590.435
723.559     1592.379
723.206     1587.195
721.437     1580.391
720.037     1582.902
719.815     1584.603
719.605     1577.151
717.957     1573.263
716.351     1570.347
716.162     1571.724
715.988     1566.54
714.461     1562.085
712.824     1560.384
712.613     1557.549
712.392     1552.203
710.997     1547.505
709.233     1545.399
708.891     1543.374
708.78     1539.486
707.522     1534.869
705.568     1536.813
705.242     1539.648
705.147     1532.115
704.02     1524.177
702.036     1523.853
701.546     1526.04
701.446     1519.236
700.477     1511.703
698.461     1507.977
697.918     1509.597
697.818     1507.653
696.971     1502.145
694.959     1498.986
694.343     1500.768
694.212     1496.475
693.459     1486.026
691.411     1485.864
690.668     1483.515
690.574     1480.032
690.005     1475.739
687.92     1473.633
686.967     1471.365
686.872     1467.072
686.388     1462.455
684.335     1461.078
683.308     1463.022
683.224     1460.511
682.792     1455.327
680.865     1457.514
679.754     1454.274
679.644     1447.713
679.264     1441.881
677.374     1439.694
676.116     1440.423
675.963     1436.049
675.679     1425.843
673.889     1424.061
672.52     1422.684
672.357     1415.637
672.115     1408.266
670.377     1403.892
668.898     1402.353
668.771     1404.135
668.519     1397.979
666.876     1389.717
665.265     1392.147
665.033     1396.197
663.301     1389.069
661.564     1383.399
661.3     1384.857
661.158     1382.589
659.773     1377.567
657.983     1374.975
657.641     1374.165
657.546     1371.573
656.341     1361.934
654.35     1357.884
653.929     1361.772
653.835     1360.233
652.75     1352.619
650.76     1347.03
650.296     1346.058
650.196     1346.868
649.201     1342.251
647.164     1336.095
646.595     1330.749
646.448     1329.777
645.558     1326.537
643.536     1321.191
642.904     1321.515
642.783     1320.381
641.988     1312.2
639.898     1303.047
639.224     1306.53
639.15     1309.041
638.477     1301.184
636.381     1293.894
635.533     1291.302
635.481     1288.062
634.938     1281.42
632.901     1277.289
631.932     1275.588
631.79     1277.208
631.29     1271.376
629.31     1271.619
628.215     1270.08
628.131     1267.407
627.736     1258.011
625.772     1253.718
624.545     1255.986
624.419     1253.07
624.108     1242.459
622.297     1242.459
620.928     1241.649
620.765     1236.465
620.486     1229.337
618.806     1230.714
617.316     1229.58
617.143     1230.552
616.879     1223.343
615.258     1218.402
613.668     1216.863
613.468     1217.754
613.278     1213.461
611.751     1207.791
610.067     1203.093
609.782     1199.367
609.593     1192.239
608.187     1190.538
606.413     1191.429
606.107     1187.055
605.991     1183.005
604.696     1180.17
602.785     1182.6
602.38     1184.301
602.274     1175.148
601.137     1169.64
599.136     1168.263
598.678     1166.481
598.563     1161.297
597.515     1156.842
595.498     1155.627
594.988     1153.44
594.893     1146.474
594.077     1136.268
591.987     1134.648
591.302     1138.617
591.228     1137.483
590.533     1133.838
588.527     1136.43
587.796     1134.243
587.659     1128.897
586.985     1120.311
584.947     1116.99
584.089     1115.046
584.005     1109.7
583.42     1104.354
581.335     1106.946
580.367     1106.865
580.214     1106.541
579.793     1101.681
577.813     1096.821
576.718     1093.176
576.55     1090.665
576.139     1084.752
574.27     1081.998
572.99     1081.674
572.78     1083.294
572.469     1075.761
570.642     1071.711
569.258     1068.633
569.057     1063.935
568.826     1054.053
567.104     1051.299
565.519     1052.514
565.309     1051.299
565.125     1045.386
563.508     1043.442
561.871     1039.878
561.571     1035.342
561.407     1033.803
559.907     1031.049
558.175     1030.32
557.917     1028.214
557.811     1019.304
554.579     1016.388
554.226     1018.251
554.136     1018.575
552.931     1013.796
550.967     1008.045
550.593     1004.886
550.477     1003.185
549.398     997.92
547.424     995.49
546.918     994.842
546.755     990.468
545.786     984.474
543.749     983.178
543.233     983.421
543.075     979.29
542.148     974.187
540.1     969.489
539.437     968.76
539.368     968.76
538.647     962.766
536.504     955.395
535.704     955.881
535.693     958.473
535.077     954.585
533.003     949.482
532.108     951.102
531.987     943.893
531.46     934.659
529.433     926.316
528.385     925.587
528.254     926.721
527.796     921.294
525.806     915.786
524.721     913.923
524.579     911.979
524.184     909.225
522.32     900.882
521.035     897.561
520.83     898.452
520.519     898.776
518.724     894.402
517.366     894.645
517.218     894.078
517.013     890.109
515.265     883.629
513.728     883.143
513.538     882.9
513.343     877.878
511.758     872.532
510.089     871.317
509.774     872.775
509.626     872.532
508.147     862.407
506.436     855.765
506.162     853.497
506.009     850.905
504.609     841.833
502.808     839.484
502.518     835.272
502.345     828.63
501.092     827.253
499.186     826.362
498.749     824.094
498.633     817.938
497.538     813.888
495.505     818.586
495.032     821.097
494.947     817.614
493.873     813.159
491.773     806.274
491.272     801.819
491.22     795.096
490.351     786.672
488.256     786.429
487.592     790.317
487.482     785.943
486.708     778.248
484.681     771.363
483.949     766.584
483.77     764.397
483.138     764.316
481.016     765.936
480.126     760.833
480.058     755.082
479.505     751.599
477.494     753.705
476.515     758.241
476.399     755.568
475.904     749.817
473.893     748.764
472.845     744.633
472.708     737.991
472.403     731.349
470.544     729.162
469.128     725.031
468.949     725.679
468.649     719.442
466.932     718.227
465.527     717.498
465.384     714.501
465.132     708.993
463.436     705.267
461.862     702.756
461.562     696.762
461.351     692.469
459.84     693.036
458.14     693.765
457.855     692.145
457.618     685.989
456.186     688.176
454.412     690.282
454.096     686.88
453.98     675.621
452.712     672.543
450.795     672.381
450.374     669.06
450.274     664.686
449.152     662.58
446.615     658.935
446.536     655.371
445.551     646.542
443.508     647.595
442.934     649.134
442.824     647.676
441.876     643.059
439.818     640.305
439.223     639.495
439.07     639.414
438.243     630.909
436.153     625.158
435.448     619.245
435.358     616.815
434.674     613.494
432.583     607.905
431.804     609.687
431.73     610.578
431.13     603.936
429.098     597.456
428.203     597.375
428.134     595.269
427.566     589.68
425.523     584.658
424.46     585.711
424.344     585.63
423.865     583.119
421.88     577.854
420.727     575.91
420.616     573.642
420.284     569.106
418.436     561.087
417.089     561.897
416.904     562.14
416.551     556.794
414.798     551.529
413.371     550.152
413.213     547.155
412.95     543.51
411.344     538.65
409.796     539.379
409.465     540.432
409.217     541.485
407.701     532.008
405.974     526.176
405.669     530.631
405.542     532.332
404.142     524.88
402.362     517.59
402.073     517.266
401.815     517.266
400.52     510.057
398.64     506.007
398.245     501.471
398.108     500.58
396.939     493.128
395.028     490.941
394.517     492.642
394.417     493.047
393.354     487.134
391.327     485.433
390.816     483.651
390.679     481.14
389.768     477.9
387.689     471.582
386.989     468.666
386.82     470.853
386.062     467.127
383.977     465.183
383.287     463.644
383.235     461.295
382.54     456.273
380.47     449.874
379.586     446.31
379.465     445.257
378.828     440.964
376.764     434.079
375.811     437.643
375.716     440.964
375.253     427.356
373.268     425.817
372.157     427.275
371.983     426.465
371.509     420.309
369.53     419.256
368.308     417.798
368.161     412.695
367.792     404.433
365.955     402.975
364.66     401.841
364.523     393.336
364.265     386.451
362.475     387.747
361.006     388.314
360.8     382.158
360.574     374.139
358.821     371.547
357.283     373.167
357.099     374.625
356.904     368.955
355.346     367.983
353.656     366.039
353.366     364.5
353.119     361.665
351.724     358.263
349.981     354.294
349.691     350.001
349.502     348.543
348.18     348.867
346.285     346.032
345.864     340.038
345.711     333.396
344.521     327.969
342.578     329.022
342.147     330.48
342.01     321.408
340.951     318.654
338.435     320.841
338.314     319.302
337.255     312.822
335.218     312.012
334.665     312.336
334.549     310.797
333.712     302.13
331.59     299.376
330.932     303.345
330.89     304.236
330.148     297.837
328.036     292.653
327.236     292.653
327.115     289.818
326.399     283.338
324.34     278.154
323.44     275.805
323.324     277.182
322.803     274.752
320.744     267.543
319.744     262.926
319.586     261.306
319.081     260.658
317.164     258.147
316.058     258.228
315.958     256.203
315.595     251.1
313.605     248.994
312.262     249.966
312.089     246.564
311.757     241.704
309.956     236.115
308.619     235.386
308.408     236.601
308.035     232.713
306.244     224.856
304.807     224.046
304.644     225.99
304.496     223.803
302.97     218.7
301.211     215.622
300.837     216.594
300.643     215.136
299.2     210.438
297.462     210.762
297.162     211.896
296.994     207.279
295.704     203.067
293.851     204.606
293.514     200.394
293.35     197.073
292.14     192.942
290.249     187.758
289.807     183.546
289.665     180.954
288.601     177.309
286.601     177.228
286.074     176.904
285.937     175.122
285.005     171.558
282.921     166.941
282.289     166.131
282.22     165.807
281.431     160.38
279.314     159.408
278.519     162
278.44     164.511
277.761     158.274
275.676     151.713
274.844     150.255
274.755     146.043
274.112     140.292
272.017     138.186
271.069     137.781
270.985     135.837
270.506     132.597
268.531     131.301
267.505     130.167
267.378     129.357
266.825     125.55
264.851     120.285
263.724     117.855
263.619     117.531
263.193     113.157
261.323     108.783
260.044     109.188
259.907     107.406
259.681     104.166
258.038     100.116
256.438     97.281
256.09     94.284
255.822     88.938
254.447     87.561
252.647     88.938
252.305     88.209
252.183     84.645
250.862     81.648
248.977     81.243
248.545     81.567
248.387     78.489
247.213     75.249
245.228     75.411
244.755     73.548
244.655     71.847
243.538     61.155
241.511     58.401
241.027     55.404
240.901     49.896
240.021     52.731
238     52.002
237.341     47.709
237.178     43.173
236.394     43.578
234.346     45.765
233.609     47.628
233.493     44.226
232.866     41.391
230.818     39.852
229.712     37.341
229.107     33.129
227.122     30.861
226.111     30.618
226.037     28.512
225.564     22.923
223.558     20.898
222.436     20.574
222.268     20.655
221.873     17.496
219.904     14.256
218.587     14.499
218.477     13.446
218.135     10.53
216.355     11.583
214.944     14.175
214.723     15.147
214.47     11.016
212.722     8.262
211.222     9.801
211.027     11.907
210.785     15.633
209.174     13.608
207.563     11.826
207.326     11.826
207.089     10.854
205.562     9.639
203.793     10.125
203.472     9.396
203.224     8.667
201.861     7.128
200.076     5.265
199.797     4.536
199.644     3.645
198.391     3.159
196.501     4.617
196.085     5.67
195.88     5.751
194.805     7.533
192.8     8.667
192.257     8.424
192.147     8.343
191.188     6.885
189.146     5.67
188.609     6.075
188.503     6.48
187.661     5.751
185.586     5.346
184.834     5.346
184.734     5.022
183.928     3.726
181.833     1.62
181.027     1.377
180.953     0.891
180.306     0.891
178.21     2.916
177.226     4.698
177.168     5.832
176.61     5.184
174.53     4.941
173.519     4.941
173.372     4.536
172.977     3.807
171.018     4.212
169.849     4.293
169.707     4.374
169.339     4.131
167.433     4.293
166.174     4.374
166.059     3.321
165.743     1.782
163.874     0.648
162.499     0.567
162.357     1.215
162.036     2.997
160.283     4.293
158.74     4.374
158.488     5.022
158.251     5.346
156.676     3.969
155.06     3.645
154.828     4.698
154.644     5.67
153.149     5.022
151.364     4.536
151.032     4.374
150.837     3.645
149.537     3.078
147.715     2.106
147.294     1.134
147.084     1.458
145.846     2.754
143.935     3.402
143.53     3.078
143.382     3.078
142.25     3.24
140.255     4.05
139.77     4.536
139.634     5.265
138.702     5.346
136.659     5.103
136.064     5.184
135.974     5.022
135.085     5.184
133.037     5.103
132.305     4.941
132.163     3.321
131.368     2.187
129.304     1.944
128.598     2.592
128.461     2.916
127.761     3.483
125.697     3.24
124.781     3.402
124.681     3.402
124.139     4.455
122.106     4.617
121.048     3.969
120.432     4.698
118.479     5.67
117.32     5.994
117.141     5.427
116.773     4.617
114.92     4.941
113.651     4.455
113.43     3.888
113.098     3.078
111.308     2.43
109.892     3.159
109.702     3.888
109.428     4.212
107.691     4.05
106.159     5.022
105.985     5.103
105.769     4.374
104.163     4.536
102.484     4.86
102.247     5.508
102.047     5.103
100.567     4.536
98.798     4.374
98.498     5.022
98.288     5.832
96.913     4.698
95.05     2.835
94.734     1.944
94.613     3.078
93.46     3.564
91.527     2.835
91.059     3.159
90.864     4.293
89.769     3.807
87.815     4.131
87.299     4.293
87.147     4.455
86.21     4.05
84.146     3.402
83.535     3.888
83.44     4.536
