Distance_nm     Force_uN
0     0.9405
0.164     1.0033
0.629     1.0973
2.758     1.3481
4.976     0.7211
7.736     0.0314
10.44     -0.7838
13.05     -0.7524
15.514     0.2508
17.607     1.2854
19.664     1.0973
22.249     0.0941
24.881     0
27.294     0.1568
29.685     0.9405
31.763     2.1006
33.511     2.5708
33.612     2.5081
33.545     1.787
33.711     1.066
33.898     0.6584
33.879     0.5957
33.775     1.066
33.527     1.1914
33.448     0.5016
33.598     0.0627
33.685     -0.0627
33.654     -0.4389
33.719     -0.2195
33.608     0
33.487     0
33.382     0.2508
33.208     0.5643
33.045     1.6303
32.704     1.8184
32.541     2.0065
32.378     1.5989
32.412     1.2227
32.451     1.1914
32.42     0.8151
32.526     0.5643
32.569     0.2508
32.613     0
32.63     0.3449
32.503     -0.0314
32.531     -0.9092
32.756     -0.8778
32.703     -0.3135
32.46     0.4703
32.215     0.9405
32.04     0.2508
32.185     0.6584
31.963     1.5362
31.582     1.9125
31.413     2.2573
31.28     1.8184
31.382     0.7524
31.686     0.533
31.677     0.627
31.624     0.7211
31.524     0.6584
31.519     0.5643
31.588     0.0941
31.705     -0.2822
31.755     -0.5016
31.761     -0.5643
31.746     -0.533
31.683     -0.4389
31.599     0.1568
31.397     0.627
31.259     0.9405
31.126     1.8184
30.766     1.9125
30.729     1.5362
30.856     1.5362
30.835     1.6303
30.793     1.5676
30.794     1.5049
30.789     1.0033
30.969     1.0033
30.974     1.0033
31.006     0.2822
31.266     -0.0941
31.399     0
31.414     -0.0314
31.398     -0.3449
31.447     -0.4703
31.437     -0.0627
31.304     0.627
31.065     0.8151
31.002     1.0973
30.896     1.1287
30.89     1.0346
30.932     1.4422
30.763     1.4422
30.752     1.7243
30.688     2.1633
30.513     1.5676
30.741     0.9719
30.891     0.8778
30.881     0.1881
31.157     0.0941
31.115     0
31.08     -0.533
31.234     -0.3449
31.17     -0.2508
31.112     0.3762
30.858     0.8465
30.709     0.5016
30.883     0.4703
30.852     0.7211
30.715     0.5643
30.758     1.5049
30.397     1.9125
30.275     1.9752
30.248     1.9438
30.222     1.2854
30.43     0.5016
30.695     0.3449
30.717     0.4703
30.654     0.4703
30.68     0.2822
30.765     -0.2822
31.019     -0.2195
31.044     0.2822
30.817     0.1254
30.781     -0.0941
30.814     0.1568
30.739     0.6897
30.491     0.9719
30.317     1.1287
30.222     1.2854
30.143     1.6616
30.005     1.8497
29.878     2.1006
29.84     1.9752
29.903     1.1287
30.18     0.4703
30.398     0.0627
30.5     -0.2195
30.553     0.0941
30.473     0.5016
30.309     0.4076
30.32     0.4076
30.32     0.2508
30.352     0.1881
30.3     0.0314
30.359     0.0941
30.4     0.8778
30.145     1.7557
29.769     2.1633
29.563     1.787
29.67     1.2854
29.866     1.0973
29.95     0.533
30.11     0.5016
30.064     0.6584
30.016     0.7211
29.979     0.7524
29.885     0.3762
30.043     0.2822
30.054     0.1881
30.024     -0.2195
30.146     0.0627
30.045     0.533
29.922     0.5643
29.875     0.8778
29.691     0.9405
29.612     1.0346
29.533     1.1914
29.464     1.4108
29.374     1.2227
29.391     1.2541
29.37     1.2227
29.386     1.1287
29.36     1.066
29.35     0.6584
29.41     0.533
29.416     0.5016
29.416     0.3135
29.412     -0.1881
29.546     -0.7524
29.716     -0.5957
29.6     0.0314
29.362     0.2822
29.193     0.8151
29.023     1.16
28.89     1.2227
28.817     1.4422
28.68     1.0033
28.797     0.9719
28.85     1.4422
28.654     1.9125
28.473     1.787
28.448     1.5989
28.501     0.9719
28.714     0.8151
28.788     0.3762
28.858     -0.0627
28.96     0.2195
28.844     0.3449
28.843     0.3762
28.827     0.4389
28.8     0.3135
28.853     0.4389
28.832     0.8465
28.641     0.8778
28.62     0.7524
28.694     0.4703
28.79     0.5643
28.732     1.2541
28.503     1.5989
28.402     1.8811
28.322     2.0379
28.248     1.1914
28.519     0.8151
28.626     0.5016
28.727     -0.2822
29.034     -0.2508
29.066     0.2508
28.911     0.2822
28.89     0.2195
28.901     0.2508
28.854     1.1287
28.572     0.7211
28.731     -1.0973
29.368     -1.1287
29.353     0.8465
28.673     2.8216
27.993     4.2638
27.53     3.3546
27.864     0.0314
28.98     -1.2854
29.422     -0.1881
29.029     1.0033
28.682     1.2854
28.623     0.8465
28.746     0.4703
28.873     0.7838
28.757     2.1006
28.3     2.0065
28.316     -0.9092
29.273     -3.0411
29.964     -1.9438
29.613     -0.1568
28.987     1.4422
28.424     3.1038
27.881     2.0692
28.18     0.1568
28.828     0.0627
28.797     0.4076
28.607     0.6584
28.496     0.4076
28.566     0.3762
28.608     0.7211
28.527     1.0973
28.358     0.9405
28.343     -0.1568
28.71     -0.3449
28.748     -0.2508
28.684     -0.5957
28.796     0.1254
28.484     0.8778
28.229     1.16
28.123     1.9752
27.81     1.5989
27.911     0.0314
28.422     -0.1568
28.454     0.4076
28.237     0.9405
28.046     1.9125
27.721     1.7557
27.775     0.9405
28.02     0.1254
28.186     -0.0627
28.203     0.2822
28.07     0.4389
28.017     0.627
27.933     0.8778
27.748     0.0314
27.994     0.1254
27.93     0.7838
27.665     0.6584
27.713     0.8778
27.597     0.9719
27.539     0.9092
27.539     1.5049
27.306     1.5362
27.264     0.0941
27.701     -0.5957
27.893     0.0314
27.623     1.066
27.293     1.4108
27.134     0.9092
27.226     0.4389
27.406     0.1881
27.471     0.0627
27.497     0.2822
27.371     0.0627
27.409     0.533
27.218     1.0346
26.97     0.3449
27.146     -0.0627
27.253     0.3762
27.057     0.2822
27.063     0.4389
27.046     0.9092
26.845     1.066
26.76     1.4735
26.581     0.7524
26.815     -0.1881
27.107     -0.0941
27.018     0.9719
26.683     2.1633
26.232     1.6303
26.324     0.5643
26.669     0.9719
26.505     1.1287
26.379     0.2195
26.64     -0.2508
26.758     -0.4703
26.817     0.5016
26.43     1.5676
26.063     1.3795
26.111     0.6584
26.298     0.1568
26.416     0.0627
26.411     0.1568
26.359     -0.2508
26.465     0.3449
26.237     1.3481
25.803     1.0033
25.884     0.4076
26.059     -0.0941
26.224     0.3135
26.086     1.6616
25.619     2.1633
25.433     1.5676
25.614     0.6897
25.891     0.1881
26.009     0.2822
25.914     0.2822
25.893     -0.0941
25.984     0.3449
25.783     1.0346
25.523     0.8151
25.624     0.4389
25.668     -0.1881
25.875     -0.1568
25.838     0.2822
25.606     0.533
25.427     0.8465
25.284     1.7243
25.018     1.693
24.95     1.6616
24.966     1.4735
25.03     1.1287
25.089     1.4422
24.899     0.7838
25.112     0.5016
25.114     0.0314
25.211     -0.0314
25.305     0.0941
25.215     0.0314
25.216     0.2508
25.115     0.627
24.91     0.5643
24.868     0.1568
24.918     0.0941
24.928     0.1254
24.886     0.7838
24.595     1.5362
24.257     1.8811
24.067     1.9125
24.098     1.3795
24.279     1.3168
24.242     1.0033
24.312     0.3449
24.53     0.8778
24.266     0.9405
24.161     0.7524
24.24     0.6897
24.251     -0.1254
24.428     -0.4389
24.488     -0.2822
24.414     -0.1254
24.308     0.8778
23.979     1.2227
23.825     1.2541
23.783     1.4735
23.688     0.9719
23.874     0.6584
24.022     1.3795
23.741     1.6303
23.624     2.1006
23.455     1.8811
23.545     1.5676
23.661     1.3168
23.71     0.8151
23.875     0.4703
24.018     0.7524
23.938     0.7838
23.927     1.066
23.842     0.9405
23.89     -0.1568
24.267     -0.627
24.379     -0.1254
24.23     0.3762
24.107     0.6897
24.048     0.8778
23.979     1.3481
23.798     1.5049
23.73     1.5676
23.74     1.5989
23.776     1.2227
23.883     1.0033
23.973     1.2227
23.93     1.2227
23.898     0.7211
24.084     0.627
24.137     0.2195
24.327     0.4076
24.269     0.2822
24.306     0.0314
24.422     -0.1254
24.501     -0.533
24.645     -0.8778
24.788     -0.1881
24.57     0.4703
24.414     1.066
24.275     1.5362
24.084     1.1914
24.196     1.0973
24.301     1.4735
24.226     1.2854
24.347     1.4422
24.294     1.8497
24.182     2.1006
24.128     2.1006
24.107     1.5049
24.231     0.5643
24.571     0.0627
24.746     -0.2822
24.884     0.1568
24.855     0.5957
24.711     0.4703
24.728     0.5016
24.681     0.1254
24.819     -0.1881
24.909     0.0941
24.855     0.5643
24.685     0.9719
24.537     1.066
24.474     1.066
24.468     1.2541
24.441     1.5362
24.345     1.7243
24.224     1.5049
24.241     1.3168
24.295     1.2227
24.321     0.9719
24.333     0.1568
24.536     -0.0627
24.595     0.5643
24.383     0.4389
24.383     0.2822
24.426     -0.0314
24.47     0.3135
24.28     -0.0941
24.418     -0.627
24.562     -0.1881
24.366     0.4389
24.122     1.2854
23.752     2.1006
23.408     1.8811
23.451     1.7557
23.415     1.7243
23.384     1.0033
23.612     0.6897
23.63     1.0033
23.466     1.2854
23.287     1.2541
23.245     0.5016
23.495     0.3449
23.585     0.627
23.5     0.2822
23.559     -0.3762
23.741     -1.2854
23.991     -1.2541
23.944     -0.1568
23.557     0.4703
23.334     0.4389
23.323     0.627
23.281     1.2227
23.005     1.2854
22.953     1.1287
22.99     0.8778
23.055     1.1287
22.954     1.4735
22.842     1.1287
22.917     1.3795
22.827     1.3795
22.879     1.1914
22.948     1.1914
22.901     0.9092
22.898     0.2508
23.121     -0.0941
23.248     -0.3762
23.354     -0.5957
23.403     -0.4389
23.391     -0.0941
23.243     0.1254
23.163     -0.0314
23.232     0.0627
23.143     0.6897
22.826     0.7524
22.826     0.7838
22.784     1.3795
22.576     1.4422
22.581     1.2227
22.63     1.4735
22.534     1.3481
22.524     1.3795
22.503     0.9719
22.662     0.5957
22.785     0.5016
22.827     0.4389
22.859     0.1568
22.928     -0.1881
23.029     -0.4076
23.093     -0.0941
22.982     0.1568
22.834     0.1881
22.839     0.1881
22.834     0.5957
22.691     1.2541
22.457     1.4735
22.341     1.3481
22.415     1.2227
22.415     1.2227
22.337     1.1287
22.338     1.4422
22.294     1.3168
22.342     1.1287
22.395     1.16
22.385     0.5643
22.534     0.1881
22.657     -0.1881
22.748     -0.2508
22.737     0
22.647     -0.0627
22.674     -0.1254
22.711     0.0627
22.579     0.8151
22.256     1.2541
22.092     1.2227
22.034     1.0033
22.051     1.0033
22.025     1.5049
21.855     1.1914
21.946     1.2541
21.919     1.5676
21.823     1.6303
21.745     1.8497
21.618     1.1914
21.815     0.4076
22.003     0.3449
21.966     0.0314
22.083     -0.0314
22.131     -0.1881
22.142     -0.2508
22.09     0.1254
21.936     0.5957
21.777     0.6584
21.756     0.5016
21.783     0.2508
21.831     1.2227
21.387     1.5049
21.296     1.3168
21.365     1.4422
21.312     1.3168
21.355     1.0346
21.362     0.7524
21.39     0.4076
21.548     0.3762
21.533     0.0314
21.655     -0.0627
21.64     0.2822
21.434     0.533
21.323     0.3135
21.377     0.1254
21.414     -0.1254
21.52     0.3449
21.366     0.7211
21.291     0.8151
21.217     1.2541
21.021     1.693
20.888     1.693
20.93     1.5989
20.899     0.9092
21.112     0.5957
21.234     0.7524
21.108     0.627
21.176     0.3135
21.319     -0.1254
21.421     -0.0314
21.368     0.1881
21.278     -0.2195
21.442     -0.1568
21.4     -0.1254
21.364     0.0314
21.316     0.5016
21.141     1.0346
21.002     1.066
20.975     1.5049
20.764     1.9125
20.615     1.5676
20.722     1.5676
20.764     1.4108
20.853     1.0973
20.944     1.066
20.928     0.6897
21.077     1.0033
21.002     0.9405
21.013     0.3449
21.168     -0.0314
21.306     -1.1914
21.683     -1.3168
21.673     0
21.206     0.8778
20.882     0.7211
20.951     0.4703
21.089     0.1881
21.2     0.4389
21.099     0.7211
20.936     1.066
20.766     1.5049
20.555     1.4422
20.582     1.3795
20.613     1.4108
20.577     1.4108
20.587     0.9092
20.731     0.4389
20.869     -0.2508
21.088     0.1881
20.897     0.5016
20.78     -0.1881
20.988     -0.1254
20.951     -0.1254
20.925     -0.3762
20.958     -0.2822
20.905     -0.1568
20.8     0
20.721     0.5016
20.561     0.627
20.492     0.7524
20.429     1.0346
20.297     1.3481
20.133     2.0692
19.873     2.0692
19.894     1.6303
20.011     1.0346
20.203     -0.0941
20.585     -0.5957
20.667     -0.3135
20.534     -0.3135
20.529     0.3135
20.285     0.4076
20.227     -0.2508
20.398     -0.0941
20.314     -0.0314
20.251     -0.0941
20.256     0.8151
19.98     1.0973
19.837     0.8151
19.938     1.0033
19.848     1.3481
19.663     2.1319
19.429     2.4141
19.307     1.9752
19.398     1.7243
19.489     0.627
19.855     -0.1254
20.084     -0.4389
20.211     -0.1568
20.09     0.8465
19.708     0.3135
19.883     -0.5643
20.165     -0.8151
20.25     -0.4389
20.149     0.6584
19.719     1.16
19.455     1.1914
19.44     1.5049
19.328     1.1287
19.476     0.533
19.689     0.7211
19.573     0.8151
19.546     1.2854
19.345     1.787
19.159     1.1287
19.335     0.5643
19.542     0.1881
19.592     -0.2195
19.699     -0.2195
19.719     -0.2822
19.767     -0.2195
19.709     0.0627
19.582     -0.0941
19.635     0.2508
19.534     0.2195
19.534     -0.0314
19.52     0.4703
19.324     1.3481
19.115     1.9438
18.845     2.4454
18.618     2.3514
18.712     1.9438
18.72     1.3168
18.964     0.7838
19.134     1.1287
18.986     0.9719
19.054     0.0627
19.389     -0.2195
19.516     -0.9092
19.718     -1.3795
19.857     -0.2822
19.49     0.1254
19.368     0.1881
19.383     0.2508
19.341     0.2508
19.299     0.627
19.13     0.6584
19.182     0.6584
19.15     1.3481
18.838     1.9125
18.657     2.32
18.53     1.9438
18.605     0.627
19.015     0.4703
19.094     1.1287
18.866     0.6897
19.02     0.627
19.051     0.1568
19.179     -0.2508
19.291     0.0314
19.222     -0.2508
19.291     -0.5643
19.366     -0.1881
19.197     0.3449
19.011     1.16
18.761     1.1914
18.776     1.1287
18.772     1.0346
18.793     0.9092
18.783     0.7838
18.763     1.1287
18.698     1.4108
18.645     1.5362
18.613     1.3168
18.656     0.8465
18.815     0.5643
18.937     0.3449
18.943     0
19.034     0.1881
19.038     0
19.071     -0.1254
19.087     -0.3449
19.151     -0.5643
19.21     -0.1568
19.04     0.2195
18.902     0.7838
18.753     1.2541
18.63     1.3795
18.593     1.1287
18.636     1.2854
18.536     1.4735
18.462     1.693
18.418     1.5362
18.492     1.066
18.621     0.9719
18.652     0.9719
18.694     0.6584
18.785     0.1568
18.929     -0.3762
19.089     -0.5016
19.121     -0.0941
18.988     -0.1568
19.009     0.1568
18.866     0.2195
18.855     -0.3449
19.094     0.0941
18.903     1.6303
18.351     2.4768
18.064     2.0379
18.208     1.3481
18.452     1.3481
18.436     0.8151
18.58     0.8151
18.601     0.9092
18.538     0.2508
18.719     0.7211
18.55     0.7838
18.523     0.3762
18.651     0.1568
18.683     -0.3762
18.885     -0.533
19.001     0.1254
18.757     0.4076
18.635     0.7211
18.471     0.9719
18.376     1.16
18.26     1.5676
18.101     1.066
18.297     0.533
18.488     1.0973
18.239     1.2227
18.145     1.2541
18.113     0.9719
18.256     0.0627
18.548     0
18.528     0.4703
18.311     0.5016
18.253     0
18.439     -0.4076
18.525     -0.4076
18.494     0.2508
18.229     0.4703
18.112     0.2508
18.155     0.4076
18.108     0.8778
17.948     1.0973
17.837     0.6897
17.928     0.2195
18.088     0.9092
17.885     1.3795
17.752     0.9719
17.843     1.0033
17.786     1.0033
17.702     0.8778
17.745     0.7524
17.777     -0.3135
18.096     -0.6584
18.244     -0.2195
18.064     0.5643
17.757     0.9092
17.656     -0.2195
18.012     -1.0346
18.288     -0.2508
18.023     0.5643
17.72     1.0973
17.482     1.5362
17.307     1.5989
17.312     1.4422
17.35     0.627
17.642     -0.627
18.088     -0.5957
18.051     0.3762
17.664     1.2541
17.325     1.8184
17.159     1.693
17.238     1.0033
17.493     0.4076
17.638     -0.3762
17.877     -0.4389
17.846     -0.3762
17.736     -0.5016
17.789     -0.7211
17.874     -0.1568
17.641     1.1914
17.153     3.1665
16.441     3.386
16.351     1.16
17.101     -2.226
18.285     -3.4487
18.621     -0.3135
17.49     3.3546
16.268     3.3546
16.211     2.1319
16.635     0.3449
17.22     -1.6616
17.843     -1.9125
17.886     -0.6897
17.44     -0.3449
17.339     -0.3449
17.36     1.7243
16.601     3.5741
15.948     2.6649
16.267     0.627
16.895     -1.6616
17.608     -3.1979
18.118     -0.9719
17.348     2.4454
16.164     2.7276
16.136     1.5676
16.524     1.2227
16.604     0.2508
16.887     -0.2508
17.057     0.0627
16.919     -0.5643
17.074     -0.0941
16.925     2.1006
16.16     1.2227
16.453     -0.1881
16.947     0
16.878     -0.533
17.09     0
16.867     1.3795
16.347     0.7211
16.586     -0.8465
17.149     -0.627
17.033     0.9405
16.439     1.8497
16.162     2.1006
16.145     1.1914
16.427     -0.9405
17.092     -1.2227
17.167     0.2822
16.631     1.16
16.344     0.3449
16.599     -0.1881
16.707     -0.0941
16.664     -0.1568
16.675     0.0627
16.669     0.0314
16.737     -0.0314
16.768     1.0973
16.344     1.2541
16.228     -0.0941
16.69     -0.7838
16.982     -0.7838
16.992     -0.1254
16.785     0.3449
16.578     0.2195
16.563     0.533
16.462     1.2854
16.218     1.5362
16.143     1.4108
16.212     0.6897
16.472     -0.1254
16.717     -1.0033
16.988     -1.5676
17.169     -1.0033
16.952     0.6897
16.378     1.8184
15.99     1.5676
16.054     0.2195
16.527     -1.0033
16.899     -1.0033
16.878     0
16.47     0.2195
16.328     -0.0941
16.419     -0.0314
16.429     0.3762
16.286     0.9719
16.073     1.1914
15.931     0.7524
16.085     1.5049
15.809     2.6962
15.363     2.5395
15.369     0.7211
16.012     -1.5049
16.777     -2.4141
17.096     -1.6303
16.872     0
16.288     1.1914
15.842     0.9405
15.896     0.7211
15.902     0.4389
16.04     -0.4076
16.306     -0.4076
16.259     0.6584
15.882     1.2854
15.737     1.3481
15.716     1.2227
15.758     0.6584
15.944     0.5643
15.924     0.4389
15.951     0.0941
16.057     -0.0941
16.163     0.3449
16.025     0.3449
15.946     0.0627
15.964     -0.2195
16.059     -0.2822
16.117     -0.8151
16.298     -1.787
16.612     -1.2854
16.41     -0.2195
16.028     0.4703
15.799     1.16
15.555     0.4389
15.706     0.6584
15.626     3.4173
14.68     4.7968
14.192     1.0346
15.451     -2.853
16.895     -2.7903
18.44     -1.7557
20.559     0.1254
22.5     3.5427
23.639     3.3233
26.173     0.3449
29.673     -0.4389
31.975     -0.9719
34.583     -2.5708
37.491     -1.5676
39.547     0
41.553     2.0379
43.176     5.0163
44.589     4.2325
47.303     0.4076
53.293     -1.7243
56.387     -1.4108
58.593     -0.4076
60.697     1.4422
62.404     2.6022
64.329     1.0033
67.393     -0.6897
70.316     -0.8465
72.661     -1.7243
75.444     -2.3827
77.975     -0.7524
79.777     0.2822
81.86     0.8778
83.976     1.4108
86.213     0.3762
88.95     -0.7838
91.661     -0.5643
93.999     0.5643
95.955     1.8184
97.848     2.32
100.08     1.7243
102.6     1.6303
105.05     1.9438
107.366     1.9752
109.621     0.8778
112.463     -2.1319
115.901     -3.8876
118.788     -3.4487
121.067     -1.2541
122.641     1.1287
124.162     1.8184
126.362     1.787
128.696     0.4703
131.45     -2.1006
134.765     -2.4141
137.179     -0.3135
138.827     1.5049
140.628     2.6649
142.527     3.1038
144.816     2.7276
147.387     1.8497
149.977     1.066
152.681     0.1881
155.412     -0.8778
158.117     -0.8151
160.571     0.3762
162.485     0.1254
164.91     -0.4703
167.555     -0.3449
169.836     -1.5362
172.61     -2.3514
175.32     -1.8497
177.468     -1.1914
179.725     0.3135
181.637     2.8216
183.079     3.5427
185.341     2.1006
188.226     0.3135
191.182     -0.4076
193.896     -0.7211
196.352     0.0627
198.488     1.5049
200.437     1.8497
202.592     0.8778
205.349     0.4076
207.994     -0.3762
210.572     -1.9125
213.547     -1.6303
215.853     -0.5016
217.914     -0.533
220.441     -0.4389
222.754     -0.3135
225.092     -0.1254
227.566     0.6584
229.587     0.9719
231.945     1.0033
234.451     1.0033
236.817     0.9719
239.323     1.4735
241.57     1.4735
243.889     1.1914
246.496     0.9719
248.993     0.2195
251.644     -0.6584
254.516     -0.9719
257.008     -1.2541
259.527     -0.3449
261.756     -0.0314
263.999     -1.3795
266.931     -2.2573
269.683     -1.4108
271.745     -0.0941
273.842     1.787
275.663     2.1633
277.932     0.8465
280.89     -0.2822
283.69     -0.7838
286.304     -0.1881
288.613     1.6616
290.356     2.8844
292.406     2.1946
295.199     0.1568
298.265     -1.1287
301.181     -1.2227
303.615     0.2195
305.386     0.5957
307.817     -0.3762
310.632     -0.2195
312.934     -0.1881
315.487     -1.066
318.254     -0.0314
320.316     1.0346
322.455     0.627
324.943     0.8778
327.281     0.4076
329.993     -0.627
332.714     -0.1568
335.03     0.7524
337.243     1.6616
339.295     2.2573
341.699     2.2887
344.205     0.7524
347.159     -1.8811
350.615     -2.6649
353.303     -1.4735
355.4     -0.4389
357.645     0.9092
359.595     1.787
361.819     0.5957
364.797     -0.5643
367.67     -1.0346
370.346     -1.5362
372.981     -0.2508
375.062     2.0692
376.901     2.7903
379.168     2.1633
381.814     0.9092
384.803     -0.3449
387.682     -1.2541
390.475     -0.7838
392.927     0.6897
394.839     0.533
397.43     0.3135
400.052     0.3135
402.449     -0.6584
405.321     -1.0033
407.923     -0.3762
410.118     -0.627
412.751     -1.0033
417.833     -0.6897
420.322     0.2508
422.405     0.4703
424.857     0.9092
427.319     1.066
429.637     1.3795
432.089     1.5989
434.552     2.3827
436.756     2.1319
439.415     -0.0941
442.681     -1.2227
445.549     -0.7838
448.031     0.0314
450.152     0.4389
452.551     -0.1568
455.39     -1.6616
458.38     -1.8184
461.018     -1.5049
463.501     -1.0973
465.869     0
468.17     0.8465
470.473     1.2227
472.784     0.6584
475.555     -0.2195
478.405     -0.7211
481.139     -0.4703
483.691     1.5049
485.517     3.3233
487.542     2.7276
490.418     1.066
493.482     -0.533
496.629     -1.9125
499.655     -1.7243
502.025     -0.3135
504.225     0.0941
506.682     0.0627
509.199     -0.3762
512.015     -1.2541
514.85     -1.1287
517.351     -0.533
519.775     -0.2508
522.154     0.1881
524.637     0.8778
526.993     2.2573
529.011     2.7276
531.504     1.8497
534.427     0.533
537.443     -1.16
540.737     -1.4735
543.391     0.7211
545.169     3.0098
547.03     3.7622
549.323     2.1006
552.518     -1.1914
556.359     -3.6054
559.704     -3.6995
562.383     -1.4108
564.218     1.0973
565.874     1.7557
568.361     1.4422
571.057     0.3762
573.924     -1.1914
577.134     0.2822
579.188     1.693
581.279     2.4141
583.765     2.1006
586.45     0.9719
589.444     -0.0314
592.494     -0.5016
595.222     0.0314
597.72     1.0346
600.001     1.1287
602.511     0.7524
605.359     -0.7211
608.449     -2.226
611.512     -2.0692
614.247     -0.5016
616.316     1.2854
618.305     1.4735
620.946     0.4389
623.797     -0.5643
626.758     -1.1287
629.639     -0.2195
631.847     1.693
633.893     2.5081
636.29     2.2573
638.96     1.7557
641.855     0.2822
644.934     -1.2227
648.013     -1.2541
650.796     -0.4389
653.146     0.3135
655.46     1.5049
657.734     1.5676
660.292     0.2822
663.443     -1.4735
666.748     -2.6022
669.621     -2.3827
672.262     -1.0033
674.53     1.066
676.45     2.2887
678.735     1.7557
681.505     1.1914
684.333     0.3135
687.419     -0.5957
690.306     -0.2508
692.868     0.533
695.338     1.3481
697.605     1.9438
699.919     1.2541
702.576     -0.2822
705.692     -1.5676
708.842     -2.0692
711.675     -0.7838
713.944     -0.0941
716.415     -0.1254
719.005     -0.4076
721.763     -1.1914
724.744     -0.9719
727.259     0.1568
729.628     1.0346
732.009     2.1319
734.274     2.0692
737.115     0.5957
740.251     -0.0941
743.137     -0.2195
745.952     0.1568
748.461     1.7557
750.582     2.1319
753.217     1.4108
756.087     0.4076
759.216     -0.7524
762.324     -1.2854
765.188     -1.7243
768.083     -1.3481
770.676     -0.1568
772.982     0.0627
775.649     0.0627
778.233     0.1568
780.906     -0.1254
783.842     -0.1254
786.447     0.9405
788.838     1.9752
791.301     2.1319
793.869     1.1287
797.024     -0.2508
800.243     -0.4389
802.959     0.5643
808.226     1.2227
810.739     1.2227
813.585     0.3449
816.493     -0.2822
819.431     -0.9719
822.484     -1.3168
825.29     -1.0033
827.972     -0.8151
830.675     -0.4703
833.169     -0.1254
835.835     0
838.57     0.0941
841.301     0.3762
843.983     0.7838
846.544     1.4108
849.114     2.0065
851.763     1.5989
854.507     1.0033
857.523     0.2195
860.608     -0.5957
863.526     -0.3135
866.193     0.4076
868.715     -0.4389
871.65     -1.1287
874.75     -1.3481
877.555     -1.066
880.122     -0.3449
882.697     -0.0627
885.29     0.2508
887.884     0.7524
890.507     1.0346
893.079     0.8151
895.957     0.9405
898.74     1.16
901.406     1.2541
904.173     1.3481
906.825     1.2854
909.535     0.7211
912.556     0.0314
915.526     -0.0627
918.33     -0.3135
921.251     -0.7211
924.052     -0.9092
926.935     -1.0973
929.839     -0.6584
932.379     -0.1568
934.997     0.3762
937.62     0.1881
940.383     0.1568
943.261     0.1568
946.038     0.7524
948.598     1.8184
951.083     2.0065
953.765     1.3168
956.672     0.3135
959.842     -0.2508
962.743     0.1881
965.466     0.8151
968.11     0.627
970.857     -0.3449
974.006     -1.4422
977.198     -2.1633
980.131     -1.3168
982.752     -0.2195
985.184     0.4076
987.707     0.7838
990.415     0.4389
993.242     0.1881
996.11     0.1254
998.987     0.3762
1001.601     1.1287
1004.176     1.8811
1006.751     2.1946
1009.355     2.4768
1012.12     1.693
1015.179     -0.0314
1018.526     -1.1914
1021.791     -1.4422
1024.606     -1.2854
1027.357     -0.2195
1029.857     0.0627
1032.466     -0.4389
1035.476     -0.6897
1038.491     -0.7838
1041.237     -0.5957
1044.082     -0.2508
1046.8     0.1568
1049.367     0.4076
1052.216     1.2541
1054.717     1.6303
1057.31     2.0065
1060.085     1.5676
1062.97     0.627
1066.067     0.5016
1069.038     0.3449
1071.864     -0.5957
1075.002     -0.627
1077.858     -0.7524
1080.616     -1.0973
1083.62     -0.6584
1086.338     -0.6897
1089.09     -0.4703
1091.882     -0.3449
1094.627     -0.3762
1097.478     0.533
1100.057     1.16
1102.586     0.9405
1105.438     0.9719
1108.325     0.8465
1111.161     1.1287
1113.906     1.2854
1116.709     1.0346
1119.524     1.0973
1122.385     0.4703
1125.396     -0.7838
1128.312     -0.3135
1130.993     -0.5016
1133.787     -1.5362
1137.031     -1.2227
1139.775     -1.0346
1142.432     -0.4389
1145.133     0.3135
1147.77     -0.4389
1150.756     -0.6897
1153.734     -0.0314
1156.372     0.5957
1158.958     1.693
1161.531     1.6616
1164.293     1.0973
1167.293     0.7524
1170.329     0.0627
1173.314     0.9719
1175.893     1.0346
1178.78     0.9092
1181.595     -0.0627
1184.87     -1.3168
1188.104     -1.1287
1190.844     -0.6584
1193.655     -0.2195
1196.289     0.1881
1199.012     0.1254
1201.994     0.0314
1204.872     -0.5016
1207.924     -0.7524
1210.875     0.2508
1213.261     1.066
1215.882     1.0033
1218.843     1.0033
1221.636     0.2508
1227.708     -0.0627
1230.628     0.7838
1233.255     1.0033
1235.958     0.2195
1238.991     -0.8778
1242.287     -0.533
1244.927     0.0627
1247.597     0.0627
1250.515     -0.1254
1253.414     0.1254
1256.227     -0.3449
1259.201     -0.5016
1262.026     -0.0627
1264.869     0.1881
1267.651     0.2822
1270.459     0.8465
1273.202     0.9405
1275.927     1.2854
1278.666     1.7243
1281.415     1.2227
1284.363     0.1568
1287.575     -0.6584
1290.749     -0.533
1293.532     -0.2195
1296.407     -0.1254
1299.111     0.9092
1301.501     1.4422
1304.302     0.0314
1307.667     -1.1914
1310.964     -1.4735
1314.004     -1.3795
1316.698     0.1568
1319.038     1.7557
1321.42     1.693
1324.209     0.3762
1327.631     0.0941
1330.64     0.5957
1333.248     0.5643
1336.193     0.4703
1339.044     0.9719
1341.401     0.4703
1344.375     -0.1254
1347.412     0.5957
1350.06     1.066
1352.851     0.5957
1355.705     0.0627
1358.83     -0.1881
1361.813     -0.2822
1364.711     -0.1568
1367.634     -0.3135
1370.486     -0.1568
1373.242     -0.1254
1376.223     0.3449
1378.873     0.6584
1381.643     0.3449
1384.663     0.5957
1387.392     1.2854
1390.088     1.3168
1392.928     0.6897
1395.939     -0.0941
1399.249     -0.8151
1402.307     -0.3135
1404.978     0.6897
1407.614     1.0973
1410.316     0.5957
1413.467     -0.7211
1416.853     -1.693
1419.976     -1.4422
1422.82     -0.3135
1425.372     0.9719
1427.719     0.9092
1430.706     -0.3135
1434.044     -0.533
1436.907     0.2822
1439.69     1.5049
1442.194     2.0692
1444.828     1.5362
1448.058     0.9092
1451.105     0.9405
1454.003     0.1881
1457.239     0.3762
1460.011     0.5016
1462.892     0.1254
1465.959     -0.0627
1468.874     0
1471.875     -0.2195
1474.848     -0.2822
1477.647     -0.8465
1480.845     -0.7211
1483.706     -0.4076
1486.476     0.2508
1489.313     0.9719
1491.914     0.8151
1494.834     1.0346
1497.73     0.5016
1500.746     0
1503.944     0.3135
1506.757     0.2822
1509.503     0.5643
1512.431     1.5989
1515.025     1.8497
1517.785     1.6303
1520.872     0.5016
1524.153     -0.8151
1527.502     -1.5989
1530.734     -2.226
1533.792     -0.8151
1536.289     1.7243
1538.405     1.8811
1541.161     0.8465
1544.529     -0.0941
1547.735     -1.2541
1551.026     -0.2195
1553.741     1.0033
1556.234     1.6303
1558.904     2.0065
1561.846     1.0973
1565.016     0.4389
1568.236     0.0941
1571.392     -0.7211
1574.493     0.5643
1577.044     1.8811
1579.584     1.4108
1582.657     1.16
1585.77     -0.2822
1589.198     -2.3514
1592.892     -2.6962
1596.089     -1.3795
1598.514     0.6897
1600.742     3.3546
1602.904     4.0444
1605.573     2.3827
1609.17     -0.627
1613.239     -2.3514
1616.732     -1.2227
1619.414     0.1254
1621.907     1.3795
1624.406     2.5395
1627.088     1.9438
1630.292     0.2195
1633.821     -1.5362
1637.492     -2.0379
1640.581     -0.5643
1643.068     0.8465
1645.675     0.3762
1648.727     0.0314
1651.82     -0.5957
1655.134     -0.9405
1661.214     -0.4703
1663.968     0.6897
1666.561     2.0692
1669.184     2.4768
1671.986     1.9438
1675.179     1.8811
1678.302     1.1287
1681.439     -0.0314
1684.871     -0.2508
1688.036     -0.1254
1690.845     0.533
1693.629     1.0346
1696.508     -0.0314
1699.825     -1.693
1703.395     -2.1319
1706.484     -2.2573
1709.507     -1.6303
1712.334     0.1254
1714.673     1.6303
1717.092     1.8497
1720.088     0.7838
1723.336     -0.2195
1726.694     -0.9092
1729.956     0
1732.488     2.3514
1734.746     3.7308
1737.327     2.6022
1740.66     1.0973
1744.256     -0.533
1747.759     -2.0379
1751.234     -1.2541
1754.054     0.0314
1756.506     0.4389
1759.339     0.4076
1762.393     -0.0941
1765.503     -1.1287
1768.882     -2.1946
1772.235     -2.1633
1775.174     -0.8465
1777.819     0.3135
1780.355     1.5049
1782.88     2.8844
1785.498     2.1006
1788.724     0.627
1792.242     -0.1254
1795.572     0.2822
1798.327     1.5676
1800.935     2.9471
1803.558     3.2292
1806.376     1.7557
1809.966     -1.4735
1814.147     -2.0692
1817.32     -1.6616
1820.293     -0.1254
1822.791     0.7211
1825.485     -0.1254
1828.931     -1.5676
1832.411     -2.1319
1835.657     -1.8184
1838.668     -0.4703
1841.171     1.2227
1843.657     2.0379
1846.482     2.2887
1849.311     2.0692
1852.471     1.2854
1855.78     1.1287
1858.836     1.8497
1861.766     2.7276
1864.502     1.8497
1867.812     -0.1881
1871.563     -1.3795
1874.932     -1.7557
1878.156     -1.7557
1881.294     -1.066
1883.942     -0.8465
1886.98     -0.9092
1890.076     -0.7838
1892.921     -0.5643
1896.047     -0.3762
1899.038     -0.4389
1902.03     0.2822
1904.866     0.8778
1907.609     0.8465
1910.653     1.066
1913.711     1.9125
1916.39     1.7557
1919.477     1.2541
1922.759     0.627
1925.916     0.0941
1929.203     -0.1254
1932.28     -0.5643
1935.384     -0.9405
1938.67     -1.8497
1942.007     -2.6335
1945.322     -1.693
1948.104     -0.4703
1950.661     -0.2822
1953.61     0
1956.61     0.5957
1959.259     0.8151
1962.328     1.4108
1965.112     1.5989
1968.04     1.1914
1971.348     1.2854
1974.339     2.226
1977.023     2.7589
1979.933     1.8811
1983.222     0.4389
1986.755     0.0314
1990.01     -0.5957
1993.178     -1.4108
1996.535     -1.1287
1999.598     -0.9719
2002.49     -1.2854
2005.724     -1.3795
2008.799     -1.3795
2011.854     -1.5989
2015.097     -0.9092
2017.861     0.5016
2020.421     1.4735
2023.225     2.1006
2026.004     2.32
2029.036     2.4768
2032.131     1.5989
2035.421     1.3795
2038.643     1.3795
2041.75     0.8151
2044.923     0.7211
2048.124     0.4703
2051.284     -0.5643
2054.653     -1.8184
2058.237     -1.8184
2061.255     -1.6303
2064.303     -1.6616
2067.519     -1.2854
2070.415     -0.5957
2073.288     -0.1881
2076.209     0.5643
2079.045     0.7211
2082.203     1.3481
2085.055     2.0379
2087.824     2.9157
2090.68     2.7276
2093.735     1.4108
2097.215     0.3449
2100.803     0.4076
2103.758     0.6897
2106.732     0.6897
2109.933     -0.0314
2116.396     -1.0973
2119.817     -2.0379
2123.148     -2.9784
2126.71     -2.6335
2129.71     -1.787
2132.425     -1.6303
2135.526     -0.533
2138.229     0.4389
2141.058     0.5643
2144.216     1.4735
2146.91     2.0379
2149.841     2.5395
2152.825     2.6962
2155.8     2.6335
2159.006     1.6616
2162.443     0.533
2165.843     -0.1254
2169.256     -0.4703
2172.485     -0.3762
2175.549     0.0941
2178.606     -0.9719
2182.033     -2.2887
2185.523     -2.9471
2188.957     -2.5395
2191.847     -1.2541
2194.57     0.1881
2197.209     0.6897
2199.984     1.5049
2202.918     1.6616
2206.04     1.16
2209.243     1.066
2212.492     1.8497
2215.317     2.7276
2218.163     2.6962
2221.379     1.6303
2224.81     0.533
2228.378     -0.0627
2231.739     -0.3135
2234.883     -0.3762
2238.11     -0.9092
2241.398     -1.3795
2244.643     -1.2541
2247.858     -1.6616
2251.14     -1.8184
2254.268     -1.2227
2257.371     -0.3762
2260.165     0.627
2262.89     1.7243
2265.765     2.0692
2268.656     2.0692
2271.888     2.4141
2274.987     2.0065
2278.195     1.5676
2281.571     1.4422
2284.804     1.0346
2288.027     1.0033
2291.27     0.7838
2294.451     -0.2508
2297.903     -1.5362
2301.613     -2.1946
2304.948     -1.9438
2308.037     -1.7243
2311.284     -1.066
2314.141     -0.1254
2316.97     -0.2508
2320.25     -0.5957
2323.401     -0.0941
2326.431     0.8778
2329.25     1.693
2332.107     2.5708
2335.041     2.5081
2338.237     2.0692
2341.591     1.5049
2345.035     1.2854
2348.19     1.4735
2351.28     1.16
2354.603     -0.0627
2358.129     -0.9092
2361.674     -1.5989
2365.135     -1.9438
2368.353     -2.0692
2371.669     -2.32
2374.887     -1.1287
2377.626     0.0314
2380.491     0
2383.598     0
2386.783     -0.0314
2390.088     0.2508
2393.115     1.1287
2396.033     1.5362
2399.148     2.1319
2401.854     2.3514
2404.97     1.9752
2408.215     1.7243
2411.485     0.3135
2415.242     -0.5957
2418.704     -0.9719
2421.995     -1.5676
2425.492     -1.4735
2428.541     -0.8151
2431.555     -0.627
2434.691     -0.3762
2437.635     -0.8151
2441.136     -1.066
2444.484     -0.2195
2447.231     0.3135
2450.355     1.0033
2453.28     1.693
2456.215     1.5989
2459.521     1.5362
2462.633     1.4422
2465.887     1.4422
2469.197     1.4422
2472.288     1.0973
2475.6     0.4076
2479.066     -0.4703
2482.47     -1.3168
2486.015     -1.0346
2489.136     -0.7838
2492.236     -0.1881
2495.276     0.0314
2498.272     -0.4389
2501.642     -0.6584
2504.99     -0.3449
2507.949     0.3762
2510.926     1.0973
2513.955     1.5362
2516.924     2.0379
2519.991     2.1633
2523.17     1.5676
2526.557     1.16
2529.963     0.7211
2533.24     0.2822
2536.547     0.4076
2539.846     0.0941
2543.049     -0.2508
2546.345     -0.0941
2549.561     -0.4076
2552.8     -0.6584
2556.096     -0.7524
2559.339     -1.3481
2562.621     -1.0033
2565.783     -0.1881
2568.692     0.1254
2571.755     0.5957
2574.927     0.9092
2577.964     1.2541
2584.368     1.9438
2587.335     1.5049
2590.71     0.7838
2594.244     0.533
2597.452     0.0314
2600.927     0.2195
2604.111     0.3135
2607.201     -0.2508
2610.697     0.1881
2613.78     -0.0627
2617.077     -0.2195
2620.429     -0.4389
2623.621     -1.4108
2627.182     -0.8151
2630.332     0.1254
2633.178     0.3135
2636.346     0.8151
2639.465     0.9405
2642.623     0.3762
2646.094     0.8151
2649.198     0.533
2652.452     0.1881
2655.89     0.8465
2658.878     0.5643
2662.163     0.5016
2665.532     0.5016
2668.727     -0.1881
2672.219     -0.3762
2675.588     -0.4389
2678.752     -0.7524
2682.101     0
2685.088     0.1254
2688.21     0.1881
2691.514     0.627
2694.639     0.4076
2697.904     0.533
2701.234     0.8151
2704.355     0.6897
2707.634     0.8778
2710.891     0.9092
2714.04     0.8151
2717.356     0.8465
2720.692     0.3135
2723.964     -0.3762
2727.471     -0.1254
2730.665     -0.6897
2734.078     -0.5957
2737.434     -0.0314
2740.548     -0.1568
2743.807     0
2747.069     -0.0314
2750.349     -0.3762
2753.744     0.1568
2756.926     0.5016
2760.01     0.9719
2763.192     1.16
2766.47     0.7524
2769.756     0.9719
2773.045     1.0033
2776.37     0.9092
2779.618     1.0033
2782.965     1.0346
2786.129     0.1881
2789.632     -0.2195
2793.185     -0.2822
2796.391     -0.4703
2799.754     -0.3135
2803.095     -0.533
2806.318     -0.3449
2809.606     -0.3135
2812.942     -0.5957
2816.244     0
2819.389     0.533
2822.524     0.9719
2825.617     1.3795
2828.883     1.4108
2832.115     1.2854
2835.379     0.9405
2838.89     0.4703
2842.307     0.2508
2845.64     0.1881
2849.018     0.533
2852.206     0.3135
2855.675     -0.6897
2859.288     -1.066
2862.7     -1.1914
2866.115     -1.2854
2869.426     -1.0973
2872.647     -0.5643
2875.86     0.5016
2878.751     0.9405
2881.939     1.0346
2885.337     1.3168
2888.442     1.1914
2891.832     1.693
2895.045     2.6022
2898.016     2.0065
2901.643     0.7211
2905.384     0.0627
2908.844     -0.2195
2912.412     0
2915.611     0.1881
2918.852     0.6897
2922.128     0.7211
2925.397     -0.7211
2929.217     -2.0065
2933.098     -2.0692
2936.414     -1.5676
2939.591     -0.7211
2942.656     0.3449
2945.537     1.6303
2948.579     2.1946
2951.745     1.5989
2955.194     0.6897
2958.849     0.4703
2962.156     0.8465
2965.411     1.3168
2968.672     1.4108
2971.846     0.533
2975.516     0.0627
2979.117     -0.0941
2982.412     -0.1881
2985.833     0.1568
2989.083     -0.5643
2992.617     -1.1914
2996.25     -0.9405
2999.501     -0.8465
3002.852     -0.4389
3006.124     0.5016
3009.079     0.4703
3012.426     -0.0627
3015.995     0.7838
3019.029     2.0692
3021.997     2.5708
3025.252     1.7243
3028.797     0.8778
3032.488     0
3036.164     -0.6897
3039.755     -0.7211
3043.186     -1.066
3046.566     -1.2541
3049.971     -0.3449
3053.083     -0.1568
3056.262     -0.7211
3059.889     -0.5016
3063.276     -0.3762
3066.45     -0.1254
3069.785     0.533
3076.25     0.5643
3079.675     0.1568
3083.17     0.533
3086.379     1.3481
3089.627     1.7557
3092.893     1.6616
3096.308     1.693
3099.665     1.0973
3103.136     -0.1568
3106.976     -1.2541
3110.788     -1.2227
3114.109     -0.7838
3117.479     0.2822
3120.517     0.3449
3123.769     -1.0346
3127.72     -0.9092
3131.055     -0.3762
3134.221     -0.5643
3137.747     -0.2822
3140.946     0.3135
3144.195     1.5989
3147.305     2.9157
3150.153     1.787
3153.934     -0.1568
3158.05     -0.8151
3161.583     0.0941
3164.752     1.5049
3167.668     1.1914
3171.189     -0.0314
3175.133     -0.5016
3178.618     -0.6584
3182.065     -1.0346
3185.654     -1.5989
3189.224     -2.1006
3192.782     -0.7524
3195.782     0.5957
3198.64     0.6584
3202.097     0.6584
3205.537     0.9092
3208.763     1.0033
3212.245     0.6897
3215.724     0.4389
3219.15     1.2227
3222.399     1.9438
3225.48     1.787
3228.958     0.6584
3232.813     -0.7524
3236.602     -0.9719
3240.164     -0.4703
3243.471     -0.3135
3246.718     -1.066
3250.403     -1.7557
3254.052     -0.8465
3257.132     0.2822
3260.237     0.1881
3263.632     -0.3135
3267.201     0.2822
3270.492     0.627
3273.701     1.1287
3276.898     1.066
3280.407     0.8465
3283.808     1.7243
3286.904     2.5081
3290.1     1.9438
3293.649     0.9092
3297.451     -0.1881
3301.201     -0.2195
3304.584     0.3135
3307.917     0
3311.35     -1.066
3315.068     -1.1914
3318.567     -0.7211
3321.786     0.1254
3324.961     0
3328.387     -0.2195
3331.771     0.4076
3335.026     0.9405
3338.265     1.0346
3341.548     1.1914
3344.879     1.4735
3348.145     1.8811
3351.359     1.8811
3354.863     0.9405
3358.513     0.7524
3361.939     0.9405
3365.379     1.0033
3368.689     0.3762
3372.332     -0.9405
3376.266     -1.1914
3379.651     -0.627
3382.926     -0.5016
3386.304     -0.2195
3389.555     -0.6584
3393.212     0.0314
3396.362     1.0973
3399.425     1.16
3402.887     1.0033
3406.219     0.7838
3409.718     1.2854
3413     1.2541
3416.326     0.9092
3419.925     0.8465
3423.377     1.5049
3426.511     1.3795
3430.093     0.5016
3433.795     -0.2508
3437.486     -0.627
3441.19     0.0941
3444.339     0.0941
3447.733     -0.1881
3451.39     -0.2822
3454.826     -0.8151
3458.411     -0.5643
3461.855     -0.3135
3465.154     0.2195
3468.549     1.2541
3471.723     1.5049
3475.027     0.6897
3478.822     0.1254
3482.428     0.6897
3485.657     1.3168
3489.062     1.6303
3492.334     1.4422
3495.787     0.9719
3499.476     0.5643
3503.049     0.2508
3506.67     0.2195
3510.121     -0.0627
3513.579     -0.7211
3517.363     -1.0033
3520.91     -0.7211
3524.229     -0.4703
3527.668     0.1568
3530.902     0.7211
3534.162     1.0973
3537.58     1.4735
3540.882     1.7243
3544.28     1.0346
3547.991     0.0314
3551.756     -0.2195
3555.402     0.5957
3558.603     1.5049
3561.642     1.066
3565.388     1.0973
3568.881     1.2854
3572.227     0.5643
3576.027     -1.3481
3580.163     -1.0346
3583.534     0.1881
3586.696     0.5016
3593.523     -0.0627
3597.328     -0.4076
3600.912     -0.2822
3604.383     0.5643
3607.568     0.8778
3610.882     1.0973
3614.41     1.693
3617.691     1.8811
3621.109     1.3795
3624.867     0.7211
3628.499     0.4703
3632.129     0.9405
3635.51     1.5989
3638.717     0.6584
3642.581     -0.5957
3646.552     -0.3762
3649.939     -0.6897
3653.627     -0.9719
3657.195     -0.8465
3660.593     -1.066
3664.301     -0.2195
3667.45     1.1287
3670.413     0.4076
3674.265     -0.6897
3678.094     0.3449
3681.288     1.0973
3684.594     1.16
3687.972     2.3827
3691.024     2.853
3694.373     1.3481
3698.345     0.4703
3702.219     -0.0627
3705.867     -0.4703
3709.54     0.7524
3712.723     1.4108
3715.909     0.1881
3719.895     -0.9405
3723.838     -1.1914
3727.385     -2.0379
3731.238     -2.5395
3734.901     -1.4422
3737.902     -0.1881
3741.001     2.0379
3743.724     4.1384
3746.495     3.5114
3750.352     -0.8778
3755.338     -4.64
3760.07     -1.693
3762.611     3.8876
3764.113     5.706
3767.041     3.48
3771.43     -0.4703
3776.22     -3.2919
3780.779     -2.6335
3784.034     0.4076
3786.391     2.1633
3789.404     0.5643
3793.465     -2.1319
3797.82     -2.1946
3801.449     -0.7524
3804.5     0.1568
3807.654     1.1914
3810.906     1.0346
3814.441     0.3135
3818.273     2.1319
3821.17     2.4768
3824.515     0.1568
3828.946     -0.5957
3832.751     0.5643
3835.762     2.5081
3838.738     3.1979
3841.965     2.0692
3845.883     -1.1287
3850.606     -3.5741
3854.985     -2.0692
3858.026     0.4703
3860.778     0.5643
3864.203     0.3762
3867.827     0.1881
3871.441     -0.4703
3875.158     0.5016
3878.426     1.7557
3881.514     0.9719
3885.294     -0.1881
3889.326     0.0627
3892.724     1.4422
3895.807     2.226
3899.232     1.7243
3902.885     0.5016
3906.887     0.2822
3910.611     1.1287
3913.759     1.5989
3917.14     0.1568
3921.247     -1.9438
3925.389     -2.4454
3929.167     -1.5676
3932.431     -0.1254
3935.403     1.0973
3938.649     0.9092
3942.253     -0.1568
3946.144     -1.2541
3950.134     -1.7557
3953.813     -0.4076
3956.979     2.1319
3959.737     4.5146
3962.422     3.4173
3966.444     0.0314
3971.189     -3.0411
3975.697     -4.9536
3979.922     -4.64
3983.11     -1.6616
3985.578     2.1006
3987.89     4.64
3990.532     4.4833
3994.225     2.1633
3998.583     -1.693
4003.445     -5.3298
4008.354     -5.8001
4012.033     -3.2606
4014.691     0.1881
4017.14     3.9817
4019.337     5.8001
4022.281     4.1698
4026.593     1.5049
4031.016     -1.4422
4035.617     -3.0411
4039.762     -2.4141
4042.975     -0.1254
4045.885     1.8811
4048.865     2.6962
4052.155     1.693
4056.155     -0.1254
4060.358     -1.5362
4064.387     -0.9092
4067.824     1.7243
4070.456     1.8497
4073.948     -0.533
4078.437     -2.6335
4082.678     -4.1071
4086.786     -2.9784
4090.016     0.8151
4092.239     3.5427
4094.979     3.8249
4098.523     2.8216
4102.414     0.9092
4106.764     -0.627
4110.824     -0.533
4118.045     0.2195
4121.314     0.8465
4124.73     0.6897
4128.423     0.5957
4132.031     0.0314
4135.882     -1.0033
4139.904     -1.3168
4143.555     -1.8811
4147.386     -2.5081
4151.196     -1.4422
4154.369     0.5016
4157.355     3.5114
4159.848     5.5806
4162.755     3.6054
4167.147     -0.0627
4171.946     -2.1006
4176.276     -3.6368
4180.431     -2.9157
4183.706     1.2227
4185.931     4.0444
4188.567     3.1979
4192.425     2.0379
4196.536     0.6897
4200.606     -1.2227
4204.868     -1.9438
4208.84     -1.6303
4212.258     -2.4141
4216.163     -2.7589
4219.94     -0.4389
4222.647     1.1287
4225.739     2.6335
4228.925     3.919
4232.003     2.1319
4236.295     -1.0346
4241.029     -2.9157
4245.248     -2.9157
4249.018     -0.4076
4251.713     3.0411
4254.115     4.64
4257.296     3.2292
4261.335     0.6584
4265.856     -1.0973
4270.117     -1.5676
4273.848     -1.3481
4277.444     -0.4703
4280.811     -0.0627
4284.255     -0.3762
4288.047     0.0627
4291.512     0.627
4294.949     0.3449
4298.747     0.2195
4302.34     -0.0941
4306.09     0.0314
4309.776     1.16
4312.965     1.3795
4316.576     1.0973
4320.363     1.1287
4323.809     0.6897
4327.717     0.7838
4331.356     1.3481
4334.7     1.2854
4338.501     0.2195
4342.595     -1.16
4346.728     -2.0065
4350.67     -1.5676
4354.067     -0.5957
4357.449     1.0033
4360.604     -0.2508
4364.585     -1.0973
4368.6     -0.8778
4372.201     0.2508
4375.379     2.0379
4378.491     2.3514
4382.04     1.2541
4386.041     -0.2822
4390.31     -0.9405
4394.188     -0.1881
4397.593     1.0346
4400.896     1.2854
4404.367     1.4422
4408.005     0.7524
4411.977     -0.627
4416.027     -1.066
4419.888     -1.1287
4423.59     -1.2854
4427.074     -1.1287
4430.754     -0.7524
4434.218     0.4076
4437.522     0.6584
4441.212     0.5016
4444.857     0.627
4448.475     0.533
4452.167     0.3762
4455.838     0.2195
4459.656     -0.4389
4463.518     0.2195
4466.835     2.1006
4469.946     2.9471
4473.324     1.6303
4477.431     -0.1568
4481.801     -1.7557
4485.941     -1.5989
4489.6     0
4492.754     0.6897
4496.087     0.3762
4499.931     -1.0973
4504.133     -1.787
4507.969     -1.0033
4511.447     0.3135
4514.614     1.6616
4517.827     0.9405
4521.883     -1.1287
4526.182     -1.4108
4529.922     -0.5957
4533.426     0.9092
4536.545     2.9471
4539.566     3.5741
4543.087     2.32
4547.115     0.6897
4551.411     -0.533
4555.543     -1.3795
4559.433     -0.8151
4562.938     0.2508
4566.216     0.9405
4569.626     0
4573.658     -1.066
4577.658     -1.3481
4581.497     -1.7243
4585.41     -0.3762
4588.509     1.0973
4591.664     0.1881
4595.695     -0.4076
4599.526     0.1568
4603.099     1.2541
4606.408     2.5708
4609.606     2.8844
4613.207     1.5049
4617.335     -0.1568
4621.616     -0.6897
4625.592     0.4703
4628.848     1.6303
4632.121     1.5989
4635.885     0.9719
4639.648     -0.9092
4644.003     -2.1319
4648.13     -1.9438
4655.491     -1.5362
4659.013     0.0314
4662.095     2.0065
4665.19     2.9784
4668.442     1.9752
4672.447     -0.6584
4677.084     -2.5081
4681.293     -1.5989
4684.78     0.8465
4687.7     3.8249
4690.277     5.0163
4693.622     3.2292
4697.977     -0.2195
4702.791     -2.2573
4707.183     -2.0692
4710.769     -0.2822
4713.86     1.3481
4717.108     1.4108
4720.664     0.8778
4724.562     -0.627
4728.836     -1.7243
4732.822     -1.6616
4736.549     -1.16
4740.065     0.5016
4743.11     1.3481
4746.65     1.066
4750.406     0.6584
4754.178     -0.1568
4758.329     -0.4703
4762.126     1.3795
4765.102     1.3168
4768.882     1.6616
4772.473     1.2227
4776.349     0.8778
4780.246     1.2854
4783.721     0.3135
4787.8     -1.3481
4792.106     -1.16
4795.671     -0.1881
4799.086     0.7838
4802.448     0.6897
4806.213     0.2195
4810.22     0.5957
4813.768     0.1881
4817.619     0.0314
4821.447     -0.1254
4825.087     -1.0973
4829.191     -0.9092
4832.934     0.6897
4836.047     1.8184
4839.497     2.2887
4843.008     1.5049
4846.923     -0.2195
4851.303     -0.7524
4855.186     -0.5957
4858.845     0.0627
4862.418     0.4076
4865.961     -0.0314
4869.754     0.1568
4873.507     0.0941
4877.23     -0.3449
4881.107     -0.5016
4884.935     -1.1914
4888.803     -1.3795
4892.626     0.0627
4895.907     1.2541
4899.215     1.5676
4902.894     1.0033
4906.741     0.1568
4910.724     -0.1254
4914.647     0.533
4918.058     1.2541
4921.557     1.0033
4925.438     -0.1568
4929.491     -0.0627
4933.26     0.9719
4936.664     1.6616
4940.043     1.3795
4943.945     -0.4703
4948.321     -2.1946
4952.623     -2.0379
4956.423     -0.8151
4959.721     0.627
4962.965     1.7243
4966.399     1.8184
4970.059     0.9719
4974.11     0.2195
4978.099     -0.0627
4981.975     -0.1254
4985.87     0
4989.576     1.1914
4992.879     2.2887
4996.356     1.8497
5000.175     1.0033
5004.153     -0.1568
5008.436     -1.4735
5012.543     -1.4735
5016.26     -0.5643
5019.821     0.3449
5023.152     0.8151
5026.788     0.627
5030.638     -0.2822
5034.585     -0.627
5038.482     -0.6584
5042.231     0
5045.752     1.0346
5049.223     1.7243
5052.701     1.9125
5056.339     1.1914
5060.421     -0.0627
5064.491     -0.3449
5068.367     0.4076
5071.913     1.3795
5075.223     1.5049
5079.007     0.2195
5083.192     -1.3481
5087.472     -1.7243
5091.442     -0.8465
5094.935     0.627
5098.122     1.5362
5101.652     0.8465
5105.624     -0.1254
5109.713     -1.3795
5114.033     -1.1287
5117.65     0.3762
5120.972     1.4735
5124.406     1.9125
5127.996     1.3168
5132.067     0.627
5136.06     0.1881
5139.926     0.0314
5143.869     0.4703
5147.459     0.9405
5151.064     0.9719
5154.969     0.6897
5158.756     0.2822
5162.737     -0.4389
5166.84     -1.16
5170.771     -0.0314
5174.22     0.4389
5177.872     0.2822
5181.685     0.2508
5185.617     -0.1254
5189.493     -0.0627
5193.205     0.3762
5196.988     0.3762
5204.496     0.3762
5208.334     1.0973
5211.76     1.7243
5215.343     1.1287
5219.424     0.3762
5223.491     -0.4076
5227.599     -0.627
5231.449     -0.1568
5235.012     0.4703
5238.752     0.6584
5242.453     0.0941
5246.403     -0.5957
5250.527     -0.627
5254.25     -0.3135
5257.971     0.1568
5261.717     1.1287
5265.115     1.2854
5268.879     0.533
5272.982     0.0627
5276.843     0.1881
5280.685     0.5643
5284.39     0.9092
5288.022     1.0033
5291.922     0.6584
5295.845     0.4703
5299.673     -0.1254
5303.781     -0.5643
5307.72     -0.2195
5311.41     -0.2508
5315.211     -0.0314
5318.823     -0.0627
5322.786     -0.627
5326.809     -0.5957
5330.558     -0.2508
5334.378     0.1254
5338.052     0.7838
5341.567     1.0033
5345.403     1.2541
5349.046     1.1914
5352.863     0.4703
5356.956     0.627
5360.589     0.533
5364.51     0.6584
5368.373     1.2227
5371.931     0.627
5376.038     0.4703
5379.96     0.2195
5383.831     -0.5016
5387.944     -0.5643
5391.761     -0.4389
5395.509     -0.1254
5399.277     0.6584
5402.76     0.7211
5406.556     0.4389
5410.573     0.627
5414.211     0.0627
5418.292     0.4076
5422.08     1.2541
5425.511     1.5049
5429.326     1.693
5433.027     1.3168
5436.94     0.5016
5441.174     -0.0314
5445.067     -0.5957
5449.023     -0.2195
5452.811     0.533
5456.399     0.1254
5460.396     -0.0314
5464.313     0.0941
5468.014     -0.0941
5472.009     0.0314
5475.809     0.3449
5479.499     0.2822
5483.415     0.7211
5487.026     1.2227
5490.625     1.4108
5494.514     1.066
5498.422     0.627
5502.424     0.6584
5506.313     1.4108
5509.828     1.0033
5513.84     0.2822
5517.995     -0.1881
5521.919     -0.9405
5526.059     -0.9092
5529.891     -0.2822
5533.548     0.1881
5537.294     0.533
5541.014     0.1568
5544.906     -0.4389
5549.082     -0.5957
5552.988     -0.2195
5556.756     0.9405
5560.205     1.693
5563.777     1.5049
5567.825     1.4108
5571.726     0.9092
5575.723     0.4076
5579.898     0.627
5583.677     0.6584
5587.519     0.8778
5591.309     0.533
5595.211     0.2508
5599.175     -0.4703
5603.362     -1.1287
5607.391     -0.8778
5611.191     -0.9405
5615.139     -0.6584
5618.76     0.3135
5622.352     0.4389
5626.168     0.627
5629.864     1.1287
5633.709     0.9092
5637.657     1.2227
5641.357     1.5989
5645.188     1.1287
5649.169     0.9092
5653.154     0.8151
5657.06     0.5957
5660.962     0
5665.053     -0.4389
5669.061     -0.1881
5672.829     -0.1254
5676.744     -0.5957
5680.788     -1.0033
5684.832     -1.5676
5688.997     -1.0033
5692.528     0.0941
5695.983     0.3762
5699.778     0.8465
5703.43     1.2854
5707.212     1.2854
5711.118     1.0033
5714.926     0.7838
5718.927     1.16
5722.72     1.693
5726.315     0.9092
5730.533     -0.2195
5734.769     -0.533
5738.702     -0.8151
5742.735     -0.1881
5746.386     0.2822
5750.111     0.1568
5754.001     -0.3135
5757.878     -0.6584
5761.953     -0.7524
5765.922     -0.4703
5773.569     0.0314
5777.273     0.8151
5780.762     1.1287
5784.587     0.9719
5788.519     1.2227
5792.298     1.3168
5796.208     1.0033
5800.121     1.5049
5803.882     1.1914
5807.863     0.0627
5812.083     -0.0627
5816.083     -0.1254
5820.02     0
5823.847     0.4076
5827.682     -0.1568
5831.716     -0.6584
5835.719     -1.1914
5839.888     -1.3168
5843.758     -0.3762
5847.272     0.2508
5851.043     0.6584
5854.737     1.4108
5858.445     1.4108
5862.371     0.9719
5866.264     0.9092
5870.274     0.533
5874.364     1.0346
5878.116     1.4108
5881.961     0.5957
5886.065     0.4703
5890.018     0
5894.198     -0.2822
5898.157     0.1881
5901.909     0.0314
5905.919     -0.5957
5909.99     -1.0973
5914.139     -1.6303
5918.283     -0.6897
5921.775     0.1254
5925.509     0.5957
5929.229     1.4108
5932.832     0.9092
5937.08     0.533
5941.066     1.3168
5944.69     1.5362
5948.641     1.4108
5952.511     1.3168
5956.485     0.3449
5960.772     0.3135
5964.615     0.5643
5968.472     0.3135
5972.515     0.1254
5976.4     -0.4703
5980.586     -0.8778
5984.536     -0.4703
5988.298     -0.627
5992.403     -1.0033
5996.352     -0.9719
6000.221     -0.4389
6004.003     1.1287
6007.304     1.8497
6011.002     1.2541
6015.12     0.4076
6019.228     0.627
6023.185     1.0973
6026.847     0.5957
6030.954     0.3762
6034.997     1.0346
6038.627     0.7211
6042.66     0.3135
6046.782     -0.3762
6050.832     -1.066
6055.013     -0.8151
6058.854     -0.4389
6062.523     -0.533
6066.512     -0.8778
6070.639     -0.6584
6074.439     0.3135
6078.083     0.7211
6081.782     0.8465
6085.734     1.5676
6089.609     1.8184
6093.398     1.1914
6097.506     1.066
6101.548     0.9719
6105.47     0.8151
6109.454     1.1287
6113.306     0.3449
6117.456     -0.627
6121.795     -0.1254
6125.573     0.4389
6129.214     0.4703
6133.171     -0.4703
6137.385     -1.0346
6141.498     -0.3449
6145.268     -0.0627
6149.026     0.0627
6152.889     0.0627
6156.847     0.0941
6160.736     1.16
6164.416     1.8184
6168.125     1.5049
6172.058     1.4735
6176.12     1.5989
6179.999     1.3481
6183.984     0.627
6188.307     -0.3135
6192.557     -0.3762
6196.536     -0.1881
6200.477     -0.5016
6204.494     -0.1881
6208.387     -0.7211
6212.525     -1.2227
6216.653     -0.9405
6220.641     -0.8778
6224.551     -0.1568
6228.155     0.4703
6231.952     0.6584
6235.83     1.2227
6239.607     1.1287
6243.727     0.9405
6247.66     1.2854
6251.548     1.4108
6255.494     1.2541
6259.406     1.0973
6263.479     0.6584
6267.612     0.5957
6271.481     0.1881
6275.671     -0.3762
6279.82     -0.533
6283.805     -0.4703
6287.851     -0.5643
6291.773     -0.2508
6295.624     -0.1254
6299.617     0.6584
6303.215     1.4108
6306.939     0.8778
6311.104     0.7524
6315.046     0.533
6319.131     0.1568
6323.2     0.5016
6326.863     1.0346
6330.656     1.4735
6334.46     1.9438
6338.222     1.6616
6342.343     0.8465
6346.535     0.4703
6354.651     -0.3762
6358.744     -0.7524
6362.866     -0.5957
6366.833     -0.7524
6370.766     -0.1254
6374.527     0.3135
6378.121     0
6382.112     0.0941
6386.08     -0.1881
6390.086     0.0627
6393.933     0.5643
6397.747     0.7524
6401.599     1.3168
6405.428     1.9438
6409.168     1.3481
6413.197     0.8778
6417.382     0.5957
6421.472     0.2508
6425.447     0.5016
6429.382     0.2508
6433.373     -0.2822
6437.433     -0.7524
6441.665     -1.3795
6445.788     -0.5643
6449.543     -1.0033
6453.675     -0.627
6457.417     -0.4076
6461.337     0
6465.135     1.0973
6468.648     0.627
6472.875     0.1254
6476.908     1.0033
6480.537     1.5989
6484.356     1.5049
6488.298     0.7838
6492.61     0.2822
6496.811     0.4076
6500.627     0.1881
6504.716     -0.0314
6508.754     0.0941
6512.617     -0.3762
6516.807     -0.5957
6520.802     -0.3135
6524.44     -0.2508
6528.366     0.2822
6532.127     0.5643
6536.052     0.2822
6540.121     0.6897
6543.847     1.0973
6547.718     1.5989
6551.569     1.4735
6555.553     0.9092
6559.739     0.9405
6563.67     1.2227
6567.511     1.5676
6571.441     1.693
6575.273     0.3762
6579.724     -0.1881
6583.977     0.0314
6587.792     0.1881
6591.781     0.1254
6595.78     0.3449
6599.601     0.5957
6603.547     0.5016
6607.589     0.533
6611.541     0.1881
6615.709     0.3135
6619.572     0.5957
6623.445     0.627
6627.449     1.16
6631.19     1.2854
6635.048     1.066
6639.142     0.9719
6643.148     0.7838
6647.253     0.6584
6651.316     0.8465
6655.173     1.16
6659.134     1.5049
6662.97     1.2541
6666.997     0.7524
6671.286     0.6584
6675.281     0.4703
6679.308     0.2195
6683.439     0.2195
6687.371     0.1568
6691.381     0.2195
6695.401     0.3135
6699.322     0.533
6703.356     0.7211
6707.303     1.16
6711.091     1.5989
6715.004     1.6303
6718.956     0.9092
6723.216     0.2822
6727.564     0.5643
6731.4     0.5957
6735.42     1.0346
6739.432     1.2227
6743.347     0.9405
6747.515     0.5957
6751.673     0.2508
6755.805     -0.0941
6759.969     0.1568
6763.935     0.5957
6767.765     0.8465
6771.815     0.5957
6775.91     0.5016
6779.968     1.1287
6783.917     1.16
6787.848     0.3449
6792.155     0.2822
6796.296     0.7838
6800.151     1.3481
6804.106     1.6303
6808.067     0.8778
6812.322     0.4703
6816.585     0.8151
6820.519     1.0346
6824.486     0.8778
6828.675     0.7211
6832.758     0.7838
6836.81     1.4108
6840.691     1.066
6844.791     -0.1254
6849.294     -0.3135
6853.435     0.6584
6857.111     1.1287
6861.019     0.9719
6865.129     1.2227
6869.09     1.6303
6873.092     1.5049
6877.072     1.693
6880.976     2.0379
6885.052     2.32
6888.966     1.5049
6893.158     -0.0314
6897.694     -0.5016
6901.848     0.9092
6905.479     2.0379
6909.148     1.6303
6913.218     0.6584
6917.698     -0.2508
6922.058     0
6925.946     0.7211
6929.868     0.6584
6933.894     0.627
6941.93     0.9405
6945.755     1.693
6949.573     2.2887
6953.537     2.2887
6957.459     2.226
6961.511     2.0065
6965.699     0.8465
6970.082     0.9092
6974.248     1.3168
6978.099     1.8811
6981.839     2.1006
6985.926     1.1914
6990.213     0.3762
6994.509     0.4703
6998.623     0.9092
7002.395     1.16
7006.399     1.16
7010.503     1.2541
7014.486     1.8497
7018.419     2.1319
7022.323     2.1319
7026.312     2.5708
7030.356     2.853
7034.312     3.6995
7038.035     3.4487
7042.292     2.1319
7046.743     1.8497
7050.874     1.9438
7054.91     2.3827
7058.734     2.5081
7062.791     2.0065
7067.054     1.2541
7071.324     1.1287
7075.549     1.5989
7079.452     1.9438
7083.397     1.7243
7087.565     1.4422
7091.629     1.787
7095.595     2.0379
7099.676     2.7903
7103.488     3.5114
7107.322     3.5114
7111.384     3.386
7115.368     3.5427
7119.43     3.2919
7123.66     3.1038
7127.744     3.2292
7131.822     2.8216
7136.032     2.4454
7140.238     1.6616
7144.633     1.0346
7148.84     1.4108
7152.749     1.693
7156.814     1.5676
7160.888     1.0346
7165.177     1.0033
7169.276     1.1287
7173.217     1.5676
7177.173     1.6303
7181.156     1.9438
7184.887     2.4141
7188.78     2.3827
7192.779     2.3514
7196.925     2.0065
7201.177     2.1319
7205.139     2.6649
7209.042     2.32
7213.236     1.6303
7217.444     1.0346
7221.817     1.0346
7225.853     1.5676
7229.688     1.6616
7233.76     1.9125
7237.716     1.6303
7241.973     1.0346
7246.321     1.787
7250.06     2.5081
7253.867     2.1006
7258.067     2.2887
7261.951     2.5395
7266.032     2.7589
7270.046     3.1979
7273.845     3.2919
7277.948     2.8216
7282.159     2.7903
7286.143     3.2292
7290.145     3.0725
7294.255     2.1006
7298.709     1.7557
7302.894     2.6022
7306.559     2.4454
7310.69     1.2854
7315.161     1.066
7319.198     1.3795
7323.227     2.0379
7327.04     2.9157
7330.732     1.9438
7335.186     2.6962
7338.977     2.9471
7342.928     3.0725
7346.979     3.6368
7350.787     4.1384
7354.706     4.1384
7358.794     2.9157
7363.171     2.0379
7367.609     2.5395
7371.533     3.1979
7375.246     2.8844
7379.535     2.1319
7383.816     1.2541
7388.107     1.4422
7392.184     2.0379
7395.997     2.1946
7399.98     3.1038
7403.781     4.2325
7407.346     4.5773
7411.27     4.013
7415.55     2.5708
7420.074     2.5395
7424.246     3.5114
7427.984     3.5741
7431.942     3.1979
7436.152     3.0411
7440.288     3.2292
7444.308     3.0411
7448.501     2.7276
7452.565     1.693
7456.994     0.533
7461.501     0.533
7465.469     1.5362
7469.27     2.6022
7472.991     3.2606
7476.742     3.9817
7480.7     3.48
7484.922     2.7903
7489.129     3.6681
7492.993     4.7968
7496.688     4.9849
7500.718     4.1071
7505.114     3.0098
7509.486     3.6681
7513.419     4.7027
7517.24     4.6714
7521.239     3.6054
7525.783     2.32
7530.302     1.9752
7534.428     1.787
7542.716     1.7557
7546.882     1.5049
7551.139     1.7557
7555.09     1.6303
7559.205     1.5362
7563.398     1.8811
7567.286     2.5708
7571.219     3.7935
7574.94     4.4833
7578.721     4.2952
7582.988     4.0757
7587.182     3.1979
7591.547     2.7276
7595.93     3.1979
7599.854     3.3546
7603.868     3.7622
7607.901     3.7308
7611.985     2.9784
7616.406     2.6335
7620.716     2.7589
7624.72     3.1665
7628.748     3.0725
7632.884     2.2573
7637.144     1.787
7641.491     2.3514
7645.44     4.2011
7648.833     5.8941
7652.489     6.4584
7656.412     5.6746
7660.781     4.8909
7665.25     4.3265
7669.493     4.1698
7673.671     4.8595
7677.567     5.9568
7681.216     6.4584
7685.285     5.8941
7689.612     4.9222
7693.967     5.0163
7698.133     5.3298
7702.151     5.2984
7706.281     5.4865
7710.358     5.6746
7714.351     6.0822
7718.364     6.4898
7722.361     6.6152
7726.344     7.2422
7730.235     8.1514
7734.052     8.6844
7737.928     9.2174
7741.961     9.3428
7746.064     9.092
7750.18     8.8412
7754.416     8.5276
7758.595     8.5904
7762.631     9.5623
7766.53     9.5623
7770.556     9.3741
7774.718     9.2487
7778.886     5.6119
7784.175     3.2606
7789.123     3.2919
7793.279     3.8876
7797.056     3.8563
7801.249     4.0757
7805.247     4.5146
7809.223     4.546
7813.363     5.1103
7817.187     5.7374
7821.057     5.7687
7825.26     5.9568
7829.243     5.706
7833.442     5.4865
7837.689     5.7687
7841.655     5.1103
7846.05     4.2325
7850.436     3.919
7854.583     3.6995
7858.856     4.2325
7862.711     4.3265
7866.741     4.4833
7870.907     5.1417
7874.709     4.5773
7879.004     4.1071
7883.33     4.6087
7887.243     5.2984
7891.129     6.1449
7894.977     6.3017
7898.955     5.8314
7903.286     5.7374
7907.479     5.6746
7911.594     5.4552
7915.819     6.2076
7919.585     6.4271
7923.63     6.0822
7928.012     5.3611
7932.309     4.7341
7936.604     5.2984
7940.569     5.8941
7944.398     5.6433
7948.717     5.5179
7952.89     4.9536
7957.138     4.7655
7961.373     5.2671
7965.276     5.706
7969.283     7.0228
7973.15     8.559
7976.634     9.3741
7980.404     9.092
7984.692     7.5557
7989.291     5.6433
7994.189     4.9849
7998.626     5.1103
8002.598     6.333
8006.371     8.4649
8009.82     8.5904
8013.814     7.4303
8018.447     5.9568
8023.113     4.9849
8027.557     4.7341
8031.876     5.706
8035.624     7.0228
8039.36     7.5244
8043.419     7.5871
8047.476     7.5244
8051.638     7.1168
8055.953     7.5244
8059.934     7.9006
8064.015     8.4336
8067.975     8.9666
8071.882     8.8412
8076.18     9.092
8080.204     9.0606
8084.366     9.4368
8088.504     10.2833
8092.3     10.6909
8096.344     10.5028
8100.611     9.719
8104.934     8.9979
8109.439     9.5309
8113.424     10.2833
8117.278     10.879
8121.248     11.6942
8125.06     12.2585
8129.041     13.199
8132.993     13.199
8137.05     12.9482
8141.254     13.2617
8149.45     13.5753
8153.531     14.0769
8157.527     14.5472
8161.415     15.0174
8165.437     14.9547
8169.599     13.9828
8174.027     13.105
8178.533     13.199
8182.642     14.2023
8186.468     15.2056
8190.347     16.3029
8194.037     16.0207
8198.325     14.5472
8202.986     13.4499
8207.378     13.8261
8211.47     15.8326
8214.961     17.4315
8218.507     18.0272
8222.561     17.9331
8226.728     16.7731
8231.173     15.5818
8235.795     16.491
8239.565     17.7137
8243.296     18.2153
8247.371     18.5915
8251.306     18.0899
8255.658     16.3029
8260.477     15.8326
8264.74     15.6445
8269.044     15.0174
8273.444     15.5191
8277.357     15.8012
8281.48     15.5818
8285.679     15.8639
8289.745     15.0801
8294.308     14.7353
8298.523     15.8953
8302.255     16.6791
8306.203     17.2434
8310.053     17.9645
8314.022     18.8737
8317.906     19.6575
8321.76     19.6888
8326.02     20.1278
8329.996     20.8802
8333.814     21.664
8337.84     22.4791
8341.636     22.6359
8345.687     22.5418
8350.021     22.1656
8354.232     22.5418
8358.187     22.824
8362.316     23.3883
8366.16     23.1689
8370.359     22.5105
8374.739     22.3537
8378.87     22.2283
8383.094     23.0121
8386.953     24.1721
8390.722     24.2975
8394.924     24.517
8398.901     24.9246
8402.935     24.0781
8407.482     24.0781
8411.461     24.7678
8415.441     25.3008
8419.494     26.0846
8423.306     27.6208
8427.015     28.8749
8430.735     29.063
8434.749     27.9343
8439.351     27.8403
8443.518     29.2197
8447.259     30.0662
8451.206     31.0068
8454.929     31.5084
8458.93     31.8846
8463.032     32.3549
8466.982     32.9506
8470.993     33.9852
8474.82     34.9257
8478.61     35.0825
8482.822     35.2393
8486.957     35.1452
8491.087     35.0825
8495.39     35.5528
8499.329     35.1766
8503.561     34.8003
8507.933     35.7409
8511.729     36.556
8515.661     37.5593
8519.565     38.3744
8523.414     38.4998
8527.564     38.9387
8531.566     39.8166
8535.393     40.1615
8539.516     41.1647
8543.285     42.9831
8546.804     43.7983
8550.751     44.1118
8554.76     44.1431
8559.02     45.2404
8562.898     46.1496
8566.621     47.6859
8570.303     50.0372
8573.688     51.0405
8577.415     51.981
8581.31     52.8902
8585.153     54.0816
8588.827     56.9346
8592.141     59.0352
8595.611     60.2265
8599.395     62.1076
8603.002     63.9574
8606.442     64.9606
8610.29     67.6882
8613.61     70.3845
8616.815     73.6137
8619.997     75.871
8623.508     78.818
8626.602     81.8592
8629.806     83.6149
8633.351     84.43
8637.205     86.6873
8640.726     90.1046
8643.755     92.8322
8647.003     96.0615
8650.195     98.6636
8653.463     97.7858
8657.938     101.642
8660.881     105.5924
8663.651     107.6616
8667.22     109.9502
8670.637     114.026
8673.406     118.8541
8676.02     122.9298
8678.763     125.1558
8682.206     126.598
8685.988     130.9245
8688.673     136.1916
8691.101     140.6749
8693.847     145.4717
8696.325     148.3247
8699.597     151.5225
8702.742     156.1626
8705.226     160.834
8707.872     165.8816
8714.458     170.4903
8717.151     175.3184
8719.639     180.1779
8722.153     185.0374
8724.714     188.5175
8727.601     192.8754
8730.301     199.1457
8732.441     204.0052
8734.903     208.896
8737.495     214.1004
8739.887     220.5902
8741.76     226.6724
8744.001     230.8422
8746.66     234.9493
8749.382     240.0596
8751.905     244.8877
8754.476     250.4056
8756.778     255.5473
8759.233     260.25
8761.722     265.6112
8764.144     269.9377
8766.891     274.7972
8769.363     282.4157
8771.031     287.8081
8773.374     293.1693
8775.687     298.5931
8778.13     303.1391
8780.776     309.4094
8782.749     315.5857
8784.963     321.3544
8787.18     327.1545
8789.38     332.1394
8791.935     336.4973
8794.598     341.8584
8797.01     347.6584
8799.231     354.7126
8800.913     360.5126
8803.202     365.8424
8805.588     371.9246
8807.635     379.1042
8809.499     385.4058
8811.492     390.1086
8814.101     394.6232
8816.884     400.8622
8818.888     407.5715
8820.848     411.992
8823.569     417.0083
8825.951     422.1813
8828.458     425.9749
8831.344     432.9036
8833.131     439.4874
8835.18     445.601
8837.29     450.3351
8839.805     454.5676
8842.652     456.48
8846.144     460.4303
8849.018     466.2304
8851.281     471.4034
8853.642     476.2002
8856.245     480.4954
8859.055     484.1949
8861.9     488.7095
8864.64     495.5128
8866.464     502.5983
8868.192     508.0221
8870.671     514.1357
8872.75     520.0612
8874.803     527.3975
8876.587     533.6051
8878.66     539.5305
8880.813     545.5187
8882.991     549.8452
8885.639     555.7707
8887.907     562.9189
8889.692     569.0952
8891.707     575.6163
8893.763     582.3883
8895.602     588.7213
8897.601     593.9884
8900.055     600.6036
8901.943     606.2469
8904.202     611.5766
8906.655     617.941
8908.665     625.0265
8910.414     633.3347
8911.842     641.7996
8913.129     646.377
8915.801     651.8949
8918.144     658.2279
8920.101     663.4009
8922.619     669.0756
8924.851     675.1891
8927.034     686.7579
8927.373     695.5677
8928.459     701.5559
8930.638     707.7949
8932.825     716.7301
8933.895     722.7496
8936.151     727.9853
8938.616     736.513
8939.835     744.1001
8941.539     750.339
8943.591     758.0829
8945.08     765.7013
8946.794     772.4106
8948.666     778.2107
8950.892     784.6377
8953.047     790.4064
8955.279     796.2692
8957.505     803.7309
8959.226     810.4088
8961.077     816.7732
8963.148     825.583
8964.349     832.1982
8966.263     838.4058
8968.425     846.2437
8969.96     853.3919
8971.73     861.2298
8973.349     867.6256
8975.348     871.1056
8978.402     872.2029
8982.317     878.0343
8984.449     885.1511
8986.256     891.202
8988.47     896.6572
8990.788     902.4886
8993.071     909.6054
8994.862     915.6876
8997.003     921.9893
8999.117     929.9526
9000.605     937.477
9002.284     944.3744
9004.253     951.0837
9006.172     958.2945
9007.863     964.8784
9009.876     972.2147
9011.529     978.4536
9013.654     985.1629
9015.577     994.1922
9016.615     1001.9987
9018.292     1008.3318
9020.38     1016.0443
9021.838     1023.5373
9023.579     1030.8423
9025.285     1037.8964
9027.071     1044.637
9029.057     1052.3808
9030.547     1059.0587
9036.783     1066.4264
9038.483     1073.1043
9040.459     1079.6568
9042.415     1086.3033
9044.292     1093.138
9046.152     1101.4462
9047.56     1109.4095
9049.121     1117.8117
9050.643     1125.7123
9052.126     1132.4843
9053.992     1137.5946
9056.489     1143.2693
9058.7     1150.1039
9060.607     1157.8791
9062.238     1164.0868
9064.221     1170.0436
9066.447     1178.3518
9067.855     1186.7854
9069.152     1194.3411
9070.898     1203.0882
9072.105     1210.7694
9073.694     1216.9456
9075.845     1222.9652
9077.961     1232.1825
9079.071     1238.4215
9081.195     1244.7546
9083.178     1251.9341
9084.963     1260.0542
9086.456     1267.0769
9088.221     1274.1311
9090.101     1277.7051
9093.092     1282.0944
9095.813     1289.7128
9097.548     1295.8577
9099.59     1302.9432
9101.433     1309.8719
9103.392     1317.7098
9104.87     1325.4851
9106.453     1331.724
9108.614     1336.8657
9111.033     1342.8225
9113.284     1351.3502
9114.576     1360.0973
9115.736     1367.8098
9117.397     1375.0834
9119.103     1383.4229
9120.506     1390.5711
9122.463     1398.2209
9123.99     1405.8393
9125.548     1413.0816
9127.363     1420.8568
9128.884     1428.2558
9130.605     1435.3726
9132.427     1450.4527
9131.482     1457.9458
9133.249     1463.9966
9135.49     1470.8
9137.376     1478.92
9138.9     1487.1655
9140.271     1494.6272
9141.903     1501.3992
9143.936     1508.0771
9145.823     1515.8209
9147.407     1524.4426
9148.739     1531.7162
9150.492     1540.0244
9151.978     1547.6742
9153.693     1554.6343
9155.537     1561.4689
9157.585     1568.7739
9159.317     1575.828
9161.097     1583.227
9162.891     1590.9081
9164.47     1597.5547
9166.43     1605.6434
9167.98     1613.6067
9169.468     1621.6014
9171.061     1629.3139
9172.743     1636.5248
9174.486     1645.0211
9175.888     1653.6741
9177.189     1660.885
9179     1670.0397
9180.214     1678.7241
9181.479     1684.6496
9183.694     1691.735
9185.631     1699.7297
9187.093     1707.2855
9188.803     1713.6185
9190.974     1720.5786
9192.75     1727.9775
9194.513     1736.3798
9196.008     1745.4091
9197.125     1754.1875
9198.446     1762.433
9199.917     1769.1736
9201.83     1775.3499
9204.059     1782.4354
9205.787     1790.2733
9207.307     1796.7944
9209.409     1805.1653
9210.754     1812.6897
9212.464     1819.7752
9214.443     1827.4877
9216.021     1835.8272
9217.46     1843.0067
9219.287     1850.5311
9220.929     1858.2123
9222.606     1865.8934
9224.206     1873.0103
9226.022     1881.4439
9227.528     1888.1845
9229.41     1895.2386
9231.227     1903.2333
9232.877     1910.1933
9234.647     1919.0972
9235.931     1927.6876
9237.327     1934.9611
9239.002     1942.1407
9240.891     1948.6618
9242.973     1956.0921
9244.589     1964.0555
9246.202     1970.3885
9248.337     1979.1983
9249.522     1987.6946
9250.924     1994.4979
9252.831     2001.6147
9254.658     2009.4213
9256.33     2016.1933
9258.201     2023.7804
9259.9     2032.6529
9261.179     2039.9578
9262.869     2048.4228
9264.286     2057.7655
9265.359     2067.171
9266.384     2074.4133
9268.237     2080.2447
9270.473     2087.0793
9272.417     2093.6005
9274.462     2103.8838
9275.143     2113.4147
9276.125     2122.5067
9277.387     2129.5608
9279.095     2136.0506
9281.14     2143.8572
9282.785     2150.7859
9284.608     2158.5611
9290.447     2168.1547
9291.377     2173.8921
9293.781     2181.4478
9295.47     2190.5711
9296.675     2197.9701
9298.469     2206.7486
9299.623     2213.9281
9301.403     2220.2925
9303.501     2228.005
9305.042     2238.79
9305.678     2245.7814
9307.522     2252.522
9309.341     2261.708
9310.498     2269.8281
9311.943     2276.8195
9313.771     2294.0629
9312.218     2302.5592
9313.509     2310.9615
9314.87     2318.3291
9316.711     2325.9476
9318.269     2333.3779
9319.985     2340.1812
9321.96     2347.298
9323.641     2354.5403
9325.457     2361.7511
9327.226     2368.429
9329.097     2376.7686
9330.567     2385.9546
9331.657     2395.5796
9332.54     2401.8499
9334.69     2409.7505
9336.236     2417.9647
9337.697     2426.9939
9338.875     2436.5562
9339.78     2444.3
9341.415     2450.8212
9343.429     2458.3456
9344.992     2465.2116
9346.957     2473.9901
9348.168     2484.0853
9348.887     2491.641
9350.643     2499.4789
9352.169     2507.8498
9353.503     2516.8478
9354.671     2523.6824
9356.521     2531.2068
9358.273     2539.3582
9359.801     2546.5691
9361.445     2553.6546
9363.32     2561.5552
9364.871     2570.7099
9365.84     2579.457
9367.125     2587.389
9368.644     2595.948
9370.009     2603.8172
9371.696     2612.0941
9373.041     2621.0293
9374.184     2628.7104
9375.799     2636.3916
9377.372     2643.8219
9379.083     2651.409
9380.756     2659.0588
9382.318     2666.7086
9383.986     2673.4179
9385.873     2680.5034
9387.679     2689.3132
9388.974     2697.2452
9390.442     2706.682
9391.409     2714.9588
9392.911     2723.1416
9394.293     2733.3309
9395.058     2739.0369
9397.384     2746.1851
9399.102     2755.716
9400.152     2763.3658
9401.82     2770.7648
9403.4     2779.2297
9404.749     2788.2903
9405.897     2794.4353
9408.011     2799.671
9410.56     2806.8819
9412.235     2813.7792
9414.079     2823.7177
9414.971     2833.5308
9415.738     2841.839
9417.088     2848.3288
9419.18     2855.5083
9420.881     2862.97
9422.565     2870.3063
9424.261     2879.2728
9425.372     2888.2708
9426.666     2898.3973
9427.379     2907.2385
9428.554     2914.2613
9430.533     2922.3186
9431.937     2929.9057
9433.594     2937.7437
9435.219     2946.8356
9436.193     2954.5481
9437.813     2962.1039
9439.518     2969.1894
9441.283     2976.4002
9443.177     2984.1128
9444.761     2994.3334
9445.457     3003.5821
9446.677     3009.5703
9448.85     3016.9379
9450.55     3026.0613
9451.739     3033.2408
9453.482     3041.3609
9454.98     3049.7318
9456.455     3058.4162
9457.672     3065.9406
9459.346     3072.9947
9461.231     3081.3029
9462.581     3089.8305
9463.94     3097.1668
9465.688     3105.0674
9467.317     3114.5983
9468.42     3123.0006
9469.759     3130.9952
9471.247     3139.9305
9472.52     3147.643
9474.182     3154.4776
9476.121     3164.4161
9476.991     3182.7568
9475.009     3191.5666
9476.298     3198.8402
9478.072     3204.6716
9480.278     3211.5376
9482.279     3218.5604
9484.148     3226.461
9485.673     3236.3681
9486.622     3246.3066
9487.451     3254.897
9488.784     3262.3586
9490.541     3270.0398
9492.162     3276.655
9494.154     3283.8345
9496.007     3293.0206
9497.085     3301.3287
9498.561     3310.0132
9499.851     3320.1397
9500.523     3327.6328
9502.311     3334.0285
9504.393     3340.048
9506.587     3346.6005
9512.808     3356.2255
9513.754     3366.1953
9514.677     3372.5597
9516.691     3378.0149
9519.176     3385.1317
9521.081     3393.9729
9522.235     3402.9708
9523.503     3410.0563
9525.356     3418.6153
9526.642     3426.7667
9528.197     3433.4132
9530.116     3439.7149
9532.23     3448.3053
9533.625     3456.394
9535.071     3464.0752
9536.701     3472.352
9538.151     3480.8796
9539.39     3489.1565
9540.908     3496.6809
9542.623     3504.2993
9544.243     3512.6702
9545.729     3521.6681
9546.892     3530.9482
9547.96     3538.8488
9549.6     3546.4046
9551.205     3553.3333
9553.08     3562.7075
9554.2     3571.7054
9555.28     3580.766
9556.443     3587.8201
9558.343     3595.4072
9559.922     3605.1576
9560.899     3611.7414
9562.917     3618.5761
9564.798     3626.8216
9566.342     3634.6908
9567.872     3642.8736
9569.343     3651.2445
9570.86     3661.6533
9571.477     3670.9647
9572.54     3678.2383
9574.334     3685.6686
9575.998     3693.2557
9577.734     3700.8742
9579.412     3709.7467
9580.57     3718.5252
9581.85     3727.3663
9583.061     3735.4864
9584.507     3742.9794
9586.238     3751.6325
9587.492     3760.4423
9588.703     3768.5624
9590.222     3775.3657
9590.855     3780.0057
9591.235     3783.2036
9591.989     3786.182
9592.671     3788.408
9593.624     3790.3518
9594.615     3792.9226
9595.263     3796.0578
9595.656     3800.5724
9595.578     3804.1152
9595.849     3806.9995
9596.265     3808.6611
9597.049     3811.9217
9597.223     3814.1163
9597.779     3816.3109
9598.268     3819.4461
9598.427     3821.2645
9599.053     3823.4278
9599.541     3826.9705
9599.499     3829.3532
9599.851     3829.604
9600.888     3829.8862
9601.863     3833.7111
9601.637     3837.0344
9601.586     3839.229
9601.886     3839.5739
9602.798     3841.0474
9603.311     3843.4928
9603.474     3846.2518
9603.526     3848.5718
9603.622     3849.1048
9604.381     3850.6724
9604.868     3852.8356
9605.038     3855.3751
9605.091     3856.0021
9605.761     3861.0498
9604.911     3862.5233
9605.33     3865.439
9605.167     3868.3547
9604.967     3870.2358
9605.113     3870.3298
9605.953     3871.5212
9606.348     3873.4023
9606.535     3874.2488
9606.995     3876.0985
9607.13     3877.0077
9607.631     3878.5753
9607.888     3880.2997
9608.019     3881.491
9608.309     3883.4348
9608.345     3883.9365
9608.911     3885.6608
9609.042     3886.7268
9609.396     3886.7268
9610.074     3887.8868
9610.386     3889.8619
9610.39     3891.6803
9610.39     3892.0252
9610.936     3891.4295
9611.822     3891.8371
9612.352     3893.8122
9612.309     3895.3171
9612.431     3896.7593
9612.548     3899.3301
9612.261     3901.8696
9612.042     3902.8102
9612.339     3902.1831
9613.147     3902.9669
9613.451     3905.381
9613.243     3907.1994
9613.227     3909.394
9613.068     3910.6481
9613.186     3909.5508
9614.164     3911.087
9614.238     3912.4665
9614.303     3913.2816
9614.591     3916.0092
9614.209     3916.5735
9614.566     3917.4514
9614.817     3918.1098
9615.157     3917.6081
9615.928     3917.0124
9616.751     3919.4579
9616.455     3921.6838
9616.207     3923.1887
9616.266     3923.6903
9616.639     3925.0385
9616.693     3926.3552
9616.785     3928.0169
9616.733     3929.0515
9616.915     3930.8699
9616.842     3932.8764
9616.605     3933.7856
9616.756     3935.1337
9616.837     3936.7326
9618.869     3939.9619
9620.526     3945.1662
9621.597     3951.2484
9622.245     3957.5501
9622.913     3960.748
9624.685     3965.294
9625.932     3971.8151
9626.729     3977.3017
9627.814     3984.8888
9628.187     3991.1591
9629.173     3996.3635
9630.385     4002.1322
9631.395     4008.9041
9632.248     4013.889
9633.68     4020.128
9634.714     4026.3357
9635.821     4031.3833
9637.154     4037.3714
9638.361     4043.2655
9639.611     4048.658
9640.947     4056.1197
9641.701     4065.0236
9641.926     4071.1058
9643.059     4077.5956
9644.227     4085.4335
9644.865     4090.6692
9646.369     4096.0617
9647.992     4103.4294
9648.8     4111.3613
9649.515     4117.1614
9650.932     4123.8393
9650.976     4128.1658
9650.731     4130.2037
9651.111     4130.9875
9651.926     4132.2729
9652.545     4134.6556
9652.667     4134.781
9653.533     4135.4394
9654.255     4138.3237
9654.18     4141.9919
9653.835     4145.9422
9653.399     4148.2622
9653.417     4148.6071
9654.114     4148.8893
9654.802     4151.1779
9654.752     4153.4666
9654.785     4153.5293
9655.568     4154.5639
9655.995     4154.9088
9656.599     4159.298
9655.837     4161.9942
9655.643     4163.0288
9656.024     4163.1543
9656.66     4163.5618
9657.132     4164.7845
9657.407     4166.8537
9657.385     4168.39
9657.558     4168.6721
9658.183     4169.9889
9658.369     4168.484
9659.448     4169.3619
