Distance_nm     Force_uN
0.113     -1.458
1.033     -0.324
3.29     -0.243
3.306     -0.081
5.806     1.701
6.311     1.134
6.956     1.053
8.779     0.081
9.306     -0.324
9.892     0.972
12.305     1.134
12.289     -0.567
14.552     -2.025
15.213     -0.405
15.6     0.567
18.267     0.972
18.24     1.134
20.325     0.81
21.266     0.243
21.53     0.972
24.271     1.863
24.255     1.782
26.05     0.486
27.384     -0.081
27.475     -1.134
30.276     0.243
30.297     1.053
31.754     2.349
33.307     -1.539
33.35     -2.106
36.081     0.891
36.253     2.754
37.414     1.944
39.328     -1.215
39.253     -1.377
41.978     -0.405
42.22     0.324
43.15     -2.349
44.876     -3.321
45.252     1.539
47.779     3.078
48.219     0.891
48.956     -1.701
50.848     -0.243
51.267     2.916
53.778     0
54.412     -2.349
54.794     -0.486
57.379     3.321
57.352     2.106
59.508     -0.81
60.325     -0.162
60.734     0.648
62.491     1.053
63.443     0.567
63.755     -0.405
66.539     0.891
66.491     1.215
68.249     0
69.474     -0.405
69.641     0
72.485     0.81
72.571     1.377
75.484     0.405
75.559     -1.053
76.898     -1.296
78.623     1.296
78.645     2.592
81.516     0.81
81.747     0.162
82.865     -1.62
84.902     -0.243
84.87     0.081
87.531     2.592
87.848     2.349
88.66     0.891
90.493     -0.324
90.977     -0.243
93.439     1.62
93.955     2.187
94.567     0.567
96.508     -0.243
97.051     -0.324
99.416     2.187
100.126     2.43
100.518     0.567
103.254     0
103.545     0.081
105.324     0.324
106.372     1.053
106.614     0.324
108.334     -0.324
109.409     0.081
111.264     3.483
112.382     5.508
112.527     6.723
115.468     8.424
115.537     11.097
117.113     9.315
118.585     9.72
118.752     11.664
121.698     21.384
121.859     19.602
123.117     22.113
124.982     27.378
124.982     31.59
127.81     39.528
128.025     38.718
129.052     43.092
130.928     46.413
131.25     43.011
133.96     52.488
134.368     53.46
135.078     55.971
136.954     61.56
137.464     59.535
139.996     67.716
140.598     70.308
141.082     75.087
143.759     86.346
143.7     88.533
144.136     87.723
146.893     91.53
147.296     92.745
149.086     99.306
150.108     101.817
150.366     106.758
153.263     111.132
153.532     116.073
155.198     123.282
156.408     124.011
156.537     123.606
159.536     135.675
159.612     134.298
161.171     143.37
162.665     154.062
162.703     150.093
165.864     158.517
165.923     157.707
168.799     159.408
168.933     163.215
170.078     166.293
171.836     168.237
172.148     173.988
174.932     179.01
175.298     185.085
176.185     189.864
178.061     193.104
178.453     196.425
179.206     194.805
181.689     203.148
181.684     200.799
184.243     203.391
184.845     206.226
185.393     212.787
187.36     218.862
188.048     226.314
188.532     227.043
191.139     233.361
191.505     236.277
193.472     245.187
194.429     242.757
196.494     251.262
197.552     256.365
197.832     261.468
199.558     266.976
200.805     267.705
202.697     273.375
204.014     273.375
204.191     274.752
205.718     280.827
207.164     283.338
207.315     283.743
210.352     297.189
210.465     300.672
211.755     304.56
213.588     306.342
213.674     307.557
216.679     318.006
216.905     319.14
217.926     324.648
220.13     325.053
220.248     327.564
223     342.225
223.393     341.091
224.14     341.496
226.548     347.571
226.521     346.842
229.177     358.749
229.806     366.12
230.542     364.014
233.166     371.628
233.128     369.279
235.547     381.105
236.348     383.535
236.735     385.965
239.546     395.28
239.509     396.009
241.756     401.679
242.831     402.165
243.127     405.243
244.879     411.48
246.088     413.019
247.868     421.443
249.174     427.032
249.507     427.761
251.012     430.677
252.475     435.213
254.071     442.584
255.673     445.905
257.141     450.198
258.732     457.002
259.092     460.242
260.339     461.214
262.059     462.915
262.339     466.884
265.236     473.688
265.591     479.601
266.542     478.305
268.838     484.218
269.725     489.24
271.665     493.128
272.058     498.798
272.789     500.58
275.332     516.942
275.928     512.001
278.568     520.02
278.562     522.288
281.04     522.693
281.938     528.12
282.32     529.335
285.115     538.65
285.513     544.644
288.373     552.663
288.421     551.934
290.539     552.825
291.7     562.302
291.926     565.623
294.92     578.016
294.968     576.801
296.785     589.599
298.269     592.272
298.543     591.462
299.995     593.568
301.683     597.78
301.726     597.294
304.709     607.014
304.978     611.469
306.241     621.027
308.332     620.46
308.305     620.46
311.294     634.878
311.574     636.012
312.536     640.224
314.826     641.439
314.858     642.492
317.664     649.053
318.132     654.075
318.825     657.558
321.411     664.929
321.481     665.496
324.013     675.945
324.803     674.406
325.314     677.727
328.13     686.88
328.512     688.743
330.426     698.301
331.361     702.837
331.71     706.482
334.651     714.744
334.909     718.308
336.796     727.218
338.032     731.916
339.849     737.262
341.182     740.016
341.483     740.664
343.117     749.169
344.692     750.303
346.257     758.565
347.778     760.833
348.047     760.266
351.041     769.014
351.267     769.905
354.368     778.977
354.627     780.111
355.734     780.678
357.916     792.828
358.008     792.747
360.97     800.604
361.378     804.33
362.211     805.95
364.657     813.24
364.684     812.997
367.377     817.452
367.979     825.309
368.694     826.2
371.388     838.593
371.904     838.431
373.893     841.104
374.699     847.179
375.097     847.422
377.956     858.438
377.994     859.086
380.332     863.46
381.418     874.719
381.639     873.585
384.628     879.498
384.66     881.523
386.702     879.498
388.095     893.754
389.858     897.48
391.347     900.639
391.573     903.879
393.078     905.013
394.857     918.216
394.916     918.783
397.943     927.126
398.142     930.123
399.443     923.4
401.238     933.444
401.571     942.192
404.609     950.697
404.936     951.426
405.969     957.825
408.242     969.003
409.097     970.461
411.054     975.645
411.624     970.704
412.425     977.346
415.042     978.318
415.693     988.686
417.714     996.786
418.472     996.543
420.988     1005.615
421.8     1008.207
422.16     1017.846
424.127     1020.276
425.079     1016.874
425.369     1022.058
428.412     1032.345
428.519     1030.482
430.427     1040.769
431.895     1044.009
432.18     1045.629
433.706     1055.025
435.453     1056.321
436.846     1070.334
438.475     1068.714
438.781     1071.954
440.055     1080.054
442.125     1079.001
443.339     1086.615
445.199     1090.341
445.597     1089.855
448.548     1102.572
448.919     1102.167
451.833     1110.186
452.36     1116.666
453.069     1114.803
455.655     1126.224
455.633     1130.355
458.396     1133.271
459.17     1139.508
459.719     1135.377
462.476     1147.77
462.955     1147.446
464.879     1150.605
465.847     1156.68
468.282     1164.132
469.373     1167.858
469.647     1168.263
472.685     1180.575
472.69     1180.575
474.679     1184.625
476.184     1193.859
476.372     1191.591
479.447     1206.09
479.711     1206.09
481.183     1210.869
483.043     1220.346
483.146     1219.131
486.204     1235.736
486.548     1233.711
487.865     1231.443
489.94     1242.054
491.171     1244.565
493.047     1251.288
493.45     1254.204
494.477     1257.363
496.773     1266.354
497.611     1267.083
499.579     1274.049
500.181     1277.046
502.971     1281.663
503.61     1286.28
504.196     1290.492
506.959     1302.723
507.035     1298.268
509.55     1304.667
510.378     1309.77
510.835     1310.337
513.802     1327.509
514.292     1322.73
516.168     1324.836
517.28     1331.964
519.436     1341.765
520.705     1347.273
521.049     1346.868
524.08     1360.476
524.14     1359.018
526.086     1372.869
527.725     1372.95
527.843     1375.137
530.924     1378.053
531.225     1386.315
532.574     1389.879
534.45     1392.066
535.874     1401.462
537.74     1406.079
538.143     1408.185
541.159     1417.743
541.519     1419.039
542.508     1428.921
544.448     1432.728
544.943     1429.893
547.857     1437.75
548.373     1442.286
551.066     1451.439
551.781     1449.09
552.447     1455.813
555.275     1461.321
555.839     1462.617
557.817     1473.309
558.737     1476.873
559.237     1472.823
562.161     1482.057
562.505     1481.166
564.456     1487.484
565.736     1495.746
567.934     1502.388
569.138     1503.522
569.445     1510.083
571.176     1511.217
572.627     1514.619
574.487     1520.694
576.003     1528.065
576.304     1528.794
579.454     1543.05
579.707     1544.832
581.137     1547.262
583.088     1558.035
584.48     1565.487
586.303     1569.294
586.593     1566.783
587.754     1573.182
590.017     1582.821
590.049     1582.335
593.135     1594.809
593.565     1599.426
594.5     1600.641
597.038     1609.389
597.064     1611.819
599.881     1617.165
600.456     1619.919
601.22     1624.698
603.263     1634.661
604.058     1634.58
606.746     1646.649
607.558     1649.484
608.101     1648.026
611.03     1660.5
611.498     1658.556
613.541     1664.793
614.594     1672.083
616.804     1678.32
618.061     1681.398
618.389     1685.529
621.55     1694.925
621.674     1693.305
623.604     1706.67
625.082     1711.53
625.415     1709.91
628.522     1722.465
628.7     1721.088
630.377     1723.275
632.248     1732.833
632.382     1733.157
635.5     1742.229
635.726     1743.768
637.016     1749.033
639.273     1757.376
640.306     1759.158
642.8     1768.392
642.902     1773.495
645.955     1781.595
646.493     1785.645
647.337     1788.561
649.944     1787.994
652.739     1799.739
653.497     1798.281
654.11     1803.384
657.013     1814.319
657.566     1814.157
659.502     1825.416
660.507     1829.628
662.835     1834.083
663.883     1842.021
664.243     1840.239
666.167     1845.261
667.468     1852.875
669.602     1854.657
671.043     1867.05
671.301     1866.078
674.456     1872.963
674.849     1879.2
676.472     1886.247
678.252     1890.945
679.816     1898.883
681.472     1902.447
681.789     1904.634
685.003     1920.591
685.261     1917.756
686.562     1918.971
688.449     1930.23
688.858     1931.526
691.949     1938.654
692.449     1936.386
693.395     1936.629
695.991     1948.779
696.894     1953.558
698.921     1960.038
699.48     1963.44
700.238     1967.571
703.114     1978.263
703.845     1978.182
705.92     1986.201
706.715     1990.656
707.204     1992.438
710.279     2002.239
710.634     2002.887
713.671     2011.554
713.752     2006.937
716.031     2019.411
717.413     2023.137
719.461     2032.29
720.788     2038.284
721.111     2037.069
724.266     2048.004
724.422     2050.11
726.223     2053.593
727.997     2059.749
729.696     2064.528
731.405     2068.497
731.889     2075.22
734.996     2084.13
735.367     2085.345
738.501     2099.277
738.904     2096.199
740.108     2098.872
742.441     2108.754
742.5     2110.86
745.554     2116.368
746.172     2122.281
747.01     2128.113
749.645     2134.188
750.456     2136.699
753.252     2141.883
753.94     2143.665
756.735     2152.575
757.369     2155.086
760.363     2162.052
760.503     2168.613
762.868     2175.579
763.981     2186.271
764.357     2188.215
767.47     2194.614
767.852     2198.178
771.045     2209.842
771.206     2208.951
773.2     2215.026
774.722     2222.316
776.667     2229.039
778.345     2234.628
778.538     2232.927
781.962     2245.158
782.124     2249.532
783.602     2257.875
785.72     2263.95
787.134     2271.726
789.042     2273.346
789.397     2276.262
792.536     2288.574
792.923     2288.25
793.993     2288.331
796.53     2300.238
797.471     2307.366
799.481     2312.631
800.116     2311.902
803.019     2322.27
803.744     2322.756
804.513     2326.563
807.378     2336.769
808.018     2336.769
810.034     2346.813
811.039     2349.81
813.49     2362.284
814.581     2363.985
815.114     2368.683
818.188     2375.325
818.242     2376.459
820.478     2391.444
821.79     2393.793
822.172     2398.248
823.913     2402.703
825.558     2405.214
827.348     2415.258
828.934     2421.009
829.337     2424.816
832.536     2431.458
832.955     2431.782
834.326     2439.234
836.487     2446.443
837.766     2452.599
839.712     2458.593
840.309     2456.973
843.373     2469.042
843.851     2472.444
844.862     2474.226
847.415     2483.703
847.485     2487.996
850.447     2496.177
851.178     2498.931
851.931     2503.629
854.742     2504.439
857.575     2511
858.543     2523.474
859.059     2522.016
862.069     2532.708
862.644     2537.568
864.639     2540.565
865.827     2552.715
868.143     2549.313
869.428     2554.902
869.831     2563.326
872.949     2566.647
873.105     2567.295
875.094     2574.423
876.793     2576.448
876.981     2575.962
880.201     2586.087
880.566     2590.866
883.91     2603.097
884.114     2605.689
885.566     2607.228
887.775     2624.967
887.92     2621.808
891.027     2630.232
891.592     2631.933
892.694     2637.441
895.08     2647.485
896.22     2654.775
898.268     2660.931
898.87     2661.822
901.719     2667.735
902.423     2671.866
903.251     2679.642
906.111     2689.686
906.219     2693.979
908.955     2697.543
909.869     2707.587
910.438     2715.039
913.459     2718.765
914.008     2721.519
916.024     2727.27
917.201     2721.762
919.566     2741.04
920.786     2747.763
921.206     2743.551
924.49     2759.589
924.716     2760.075
926.726     2765.178
928.344     2768.337
928.581     2774.412
931.828     2784.294
932.166     2790.126
933.688     2794.824
935.741     2800.089
937.268     2811.105
939.445     2810.376
939.558     2812.077
942.66     2821.797
943.154     2823.579
946.261     2835.162
946.766     2836.134
947.901     2843.424
950.46     2844.315
951.395     2845.125
953.432     2854.359
954.206     2859.543
957.045     2869.506
957.937     2876.229
958.63     2876.796
961.625     2885.22
964.264     2890.647
965.205     2898.342
965.898     2901.663
969.043     2911.788
969.328     2913.813
971.026     2916.405
972.886     2931.309
973.091     2934.306
976.429     2941.515
976.773     2936.655
978.187     2938.194
980.428     2949.534
981.842     2947.347
983.783     2957.148
984.197     2971.89
987.325     2974.482
987.782     2979.828
988.9     2976.426
991.454     2988.495
991.566     2988.9
994.62     2997.243
995.276     3002.265
996.034     3005.424
998.942     3012.876
999.678     3018.546
1001.78     3023.811
1002.705     3029.238
1005.425     3033.612
1006.387     3044.142
1006.924     3044.466
1010.058     3059.532
1010.515     3062.529
1012.531     3064.311
1014.009     3074.355
1016.246     3077.595
1017.6     3085.209
1018.106     3088.125
1021.331     3101.409
1021.508     3101.247
1023.374     3110.319
1025.153     3115.341
1026.954     3124.413
1028.626     3125.142
1029.04     3126.762
1032.302     3130.488
1032.604     3131.055
1034.157     3143.691
1036.436     3151.224
1036.522     3153.006
1039.662     3164.427
1040.21     3168.882
1041.29     3177.063
1043.785     3178.44
1044.682     3186.135
1047.585     3197.394
1047.789     3195.936
1050.59     3207.276
1051.526     3211.569
1052.095     3213.918
1055.165     3219.831
1055.799     3225.906
1058.906     3230.928
1059.03     3232.224
1061.374     3242.349
1062.76     3244.212
1063.131     3248.181
1066.405     3253.932
1066.873     3260.412
1070.109     3272.886
1070.544     3272.157
1073.829     3284.307
1074.313     3282.687
1075.839     3288.519
1077.812     3297.996
1079.446     3299.616
1081.301     3307.473
1081.736     3311.199
1084.929     3319.947
1085.515     3326.67
1086.671     3328.695
1089.154     3336.228
1090.353     3333.069
1092.434     3345.138
1093.052     3352.023
1093.906     3354.696
1096.772     3363.444
1096.863     3362.877
1099.61     3369.924
1100.395     3374.298
1101.19     3373.326
1103.308     3380.616
1104.486     3388.23
1107.034     3390.255
1108.136     3404.511
1110.598     3411.315
1111.737     3414.474
1112.291     3416.337
1114.296     3425.814
1115.715     3432.132
1117.833     3437.478
1119.263     3444.687
1119.677     3446.631
1121.429     3450.681
1123.279     3460.644
1123.461     3461.535
1126.751     3470.931
1127.256     3474.738
1130.498     3485.835
1130.987     3486.564
1132.315     3489.804
1134.567     3506.976
1134.755     3506.247
1137.943     3505.518
1138.373     3509.73
1139.534     3511.836
1142.238     3524.634
1142.399     3522.123
1145.463     3537.027
1146.13     3544.479
1149.103     3551.526
1149.802     3552.093
1150.694     3560.436
1152.764     3562.623
1153.65     3563.028
1156.489     3574.692
1157.44     3575.988
1158.096     3588.462
1161.123     3597.777
1161.257     3597.048
1163.789     3609.36
1165.106     3616.083
1167.466     3625.641
1168.756     3627.018
1169.293     3627.423
1172.589     3632.931
1172.97     3637.467
1174.814     3644.595
1176.674     3649.212
1178.453     3658.365
1180.136     3659.823
1182.162     3663.306
1183.958     3670.191
1184.436     3678.372
1185.775     3685.824
1188.076     3688.254
1189.5     3690.36
1191.484     3702.429
1192.027     3704.535
1195.209     3715.956
1195.73     3720.411
1196.8     3717.09
1199.429     3731.994
1199.585     3733.614
1202.654     3740.418
1203.498     3743.415
1204.218     3746.088
1207.105     3754.836
1207.245     3756.456
1210.013     3774.276
1211.223     3774.114
1213.808     3787.803
1214.873     3796.794
1215.486     3787.884
1217.496     3795.903
1218.743     3813.156
1221.151     3805.947
1222.409     3809.673
1222.942     3816.396
1224.791     3822.147
1226.484     3835.431
1228.575     3838.752
1230.215     3842.316
1230.725     3844.827
1232.3     3854.547
1234.316     3853.899
1235.929     3859.569
1237.783     3870.666
1238.353     3872.205
1241.638     3884.436
1241.987     3887.19
1243.439     3889.053
1245.858     3906.873
1245.976     3907.359
1249.18     3910.599
1249.685     3912.138
1250.782     3914.892
1252.932     3920.643
1253.631     3925.908
1256.641     3939.192
1257.324     3938.868
1258.291     3946.401
1261.226     3955.392
1262.006     3958.551
1264.108     3968.595
1265.145     3972.726
1267.854     3978.639
1268.87     3983.661
1269.569     3980.745
1272.762     4001.886
1273.311     4001.238
1275.283     4002.21
1276.746     4001.319
1278.907     4021.002
1280.353     4023.594
1280.869     4027.563
1284.234     4031.37
1284.449     4031.775
1286.336     4044.654
1288.357     4048.542
1288.513     4053.321
1292.13     4060.854
1292.372     4061.259
1295.684     4072.923
1296.28     4075.839
1297.565     4079.079
1299.893     4090.095
1301.29     4090.176
1303.887     4101.111
1303.984     4104.756
1307.23     4114.395
1307.768     4113.099
1308.854     4117.149
1311.644     4129.056
1312.536     4131.81
1314.767     4139.829
1315.681     4144.689
1316.358     4148.496
1319.422     4158.621
1320.239     4158.135
1323.336     4170.204
1323.47     4169.232
1326.168     4177.899
1327.373     4184.622
1327.813     4185.027
1331.039     4197.177
1331.184     4198.311
1333.517     4207.788
1335.156     4212.324
1335.436     4217.184
1338.737     4223.583
1339.258     4226.013
1340.957     4232.817
1342.908     4241.241
1343.139     4241.079
1346.44     4255.983
1347.042     4254.444
1348.456     4262.22
1350.708     4271.616
1352.245     4270.725
1354.224     4276.8
1354.766     4282.956
1358.062     4294.62
1358.621     4298.508
1359.777     4297.455
1361.868     4306.689
1363.534     4313.493
1365.652     4322.16
1366.507     4318.92
1367.356     4316.328
1370.345     4333.014
1370.447     4334.472
1373.301     4347.189
1374.393     4353.183
1374.968     4356.909
1378.086     4371.165
1378.688     4372.785
1380.779     4379.184
1382.133     4387.365
1384.553     4392.954
1385.81     4395.708
1386.434     4398.867
1389.842     4407.291
1389.976     4406.481
1392.078     4414.662
1393.901     4419.927
1394.148     4420.494
1397.481     4434.993
1398.04     4441.068
1401.4     4450.788
1401.733     4448.925
1403.442     4456.377
1405.786     4466.583
1407.125     4469.094
1409.613     4476.303
1410.936     4488.939
1412.952     4498.578
1413.742     4495.095
1416.908     4503.195
1417.521     4505.949
1418.564     4511.862
1421.348     4523.526
1421.445     4520.043
1424.342     4530.735
1425.418     4538.997
1428.31     4541.751
1429.256     4545.072
1429.933     4551.066
1433.126     4564.35
1433.277     4563.783
1436.007     4575.528
1437.249     4574.961
1439.69     4585.41
1440.931     4590.513
1441.582     4593.834
1444.882     4602.987
1445.065     4602.582
1447.328     4616.109
1449.027     4618.539
1449.36     4618.134
1452.639     4633.119
1452.811     4631.742
1454.725     4638.384
1456.779     4648.914
1456.994     4650.615
1460.472     4659.039
1461.031     4661.712
1462.407     4664.304
1464.794     4669.488
1464.939     4670.379
1468.637     4691.601
1468.798     4697.19
1472.061     4704.966
1472.771     4708.125
1473.825     4714.767
1476.609     4723.839
1477.582     4722.948
1479.759     4727.97
1480.619     4730.319
1483.49     4742.469
1484.371     4744.089
1485.323     4746.6
1487.457     4757.778
1488.543     4759.236
1491.252     4766.283
1492.257     4768.794
1493.021     4775.922
1496.267     4787.667
1496.413     4787.91
1498.853     4796.739
1500.46     4800.303
1500.804     4805.649
1504.191     4815.774
1504.745     4817.151
1508.164     4834.161
1508.454     4837.725
1510.319     4843.719
1512.029     4843.395
1512.555     4843.152
1515.84     4857.003
1516.426     4857.975
1519.893     4861.134
1520.474     4868.829
1523.581     4875.228
1524.21     4883.895
1525.258     4885.677
1527.408     4888.836
1528.29     4895.316
1531.214     4900.095
1532.305     4910.139
1532.972     4909.248
1536.111     4922.37
1536.848     4924.476
1538.966     4931.199
1540.293     4945.779
1540.799     4941.729
1544.019     4951.287
1544.556     4957.362
1547.959     4973.238
1548.163     4976.154
1550.308     4979.556
1551.824     4981.662
1552.464     4991.706
1555.893     4998.672
1556.146     5003.937
1558.076     5010.012
1560.14     5006.529
1560.323     5007.744
1563.736     5024.268
1564.166     5025.159
1565.752     5031.639
1568.16     5035.527
1568.343     5039.901
1571.644     5053.671
1572.342     5056.668
1573.557     5063.31
1576.143     5066.307
1577.417     5074.083
1579.535     5082.831
1580.282     5084.856
1583.379     5090.607
1584.05     5092.632
1585.045     5098.869
1588.034     5107.455
1588.184     5111.586
1591.033     5116.527
1591.936     5119.929
1592.624     5128.11
1595.995     5138.478
1596.178     5141.151
1598.78     5158.08
1600.306     5162.373
1600.742     5165.532
1604.042     5174.847
1604.601     5177.844
1606.526     5186.835
1608.267     5186.106
1610.321     5200.929
1611.939     5201.496
1612.476     5198.175
1614.138     5209.92
1616.207     5217.129
1617.943     5225.472
1620.18     5232.195
1620.481     5233.167
1623.883     5241.186
1624.421     5243.049
1625.727     5249.367
1628.221     5254.875
1629.603     5265.891
1631.603     5273.829
1632.425     5273.505
1635.581     5278.932
1636.441     5288.895
1639.564     5292.459
1640.51     5298.615
1641.279     5302.746
1644.268     5311.899
1644.397     5312.061
1647.31     5314.41
1648.412     5321.376
1649.057     5321.862
1652.159     5335.551
1652.954     5338.467
1655.062     5345.028
1656.449     5355.801
1658.905     5358.069
1660.217     5367.627
1660.857     5369.652
1662.77     5372.325
1664.378     5381.235
1666.56     5383.503
1668.151     5386.581
1668.721     5396.22
1672.177     5406.507
1672.462     5406.183
1674.344     5409.504
1676.526     5420.277
1676.72     5424.327
1680.02     5435.262
1680.741     5441.337
1682.052     5450.166
1684.504     5455.35
1684.719     5458.914
1687.971     5471.712
1688.53     5474.385
1689.825     5482.728
1692.54     5487.912
1693.642     5494.311
1695.911     5502.897
1696.771     5498.442
1697.62     5502.897
1700.711     5514.075
1701.49     5517.639
1703.614     5526.225
1704.764     5523.795
1707.683     5538.78
1708.957     5542.425
1709.419     5549.877
1712.65     5560.326
1713.247     5562.189
1716.499     5569.803
1716.714     5570.856
1719.128     5582.52
1720.821     5592.402
1721.149     5590.944
1724.638     5602.77
1725.277     5603.985
1726.997     5610.951
1729.019     5616.702
1729.266     5619.051
1732.717     5627.07
1733.303     5627.313
1736.711     5636.952
1737.184     5638.491
1738.705     5648.697
1741.259     5655.987
1741.388     5656.23
1744.656     5671.782
1745.344     5675.346
1746.403     5680.449
1749.166     5686.362
1752.419     5696.163
1753.187     5700.456
1754.278     5701.347
1757.294     5709.69
1757.488     5712.768
1760.417     5718.924
1761.546     5724.675
1762.181     5723.622
1765.32     5737.716
1766.062     5743.791
1768.169     5747.355
1769.491     5754.24
1772.034     5760.639
1773.593     5770.683
1774.05     5772.627
1777.431     5783.481
1777.668     5788.422
1779.839     5791.581
1781.672     5801.787
1782.043     5803.974
1785.43     5815.071
1785.973     5818.878
1789.343     5827.869
1789.806     5829.813
1791.235     5835.078
1793.359     5839.209
1794.036     5843.745
1797.256     5851.845
1797.933     5860.269
1799.084     5861.808
1801.917     5866.911
1802.992     5865.048
1805.126     5869.422
1806.217     5883.759
1809.072     5891.292
1810.061     5900.04
1810.91     5897.691
1814.092     5911.704
1814.367     5912.919
1816.995     5927.661
1818.409     5931.063
1818.861     5936.004
1822.328     5951.232
1823.01     5952.528
1826.419     5967.513
1826.682     5971.644
1828.477     5981.85
1830.784     5985.009
1832.364     5988.654
1834.267     5993.352
1835.014     5994.405
1838.25     6007.608
1838.809     6007.932
1840.153     6017.976
1843.013     6018.948
1844.12     6030.369
1846.297     6031.503
1847.174     6035.067
1850.297     6045.516
1851.071     6047.379
1851.996     6055.155
1855.043     6063.174
1855.904     6068.034
1858.086     6074.676
1859.296     6080.103
1859.908     6088.365
1863.214     6089.823
1863.924     6099.624
1867.224     6103.188
1869.826     6108.777
1871.229     6115.743
1871.885     6118.74
1875.342     6129.27
1875.54     6132.915
1877.718     6140.205
1879.68     6143.445
1880.002     6147.414
1883.453     6158.511
1884.061     6163.047
1887.458     6178.356
1887.856     6179.409
1889.495     6182.406
1891.474     6194.394
1892.183     6198.444
1895.591     6205.491
1896.339     6205.41
1897.457     6207.192
1900.279     6221.205
1901.547     6230.682
1903.768     6234.894
1904.638     6239.997
1905.509     6240.645
1908.6     6251.904
1909.584     6255.387
1912.675     6267.213
1912.852     6270.291
1915.68     6277.5
1916.932     6278.715
1917.508     6284.223
1920.803     6296.454
1921.432     6301.314
1924.748     6311.034
1925.023     6311.115
1927.463     6323.022
1929.216     6333.147
1929.603     6331.77
1933.118     6338.655
1933.699     6348.537
1935.36     6352.83
1937.462     6359.067
1939.354     6364.251
1941.251     6371.055
1941.805     6367.977
1945.294     6382.719
1945.681     6381.504
1947.256     6387.984
1949.68     6398.838
1951.126     6397.218
1953.271     6408.72
1954.094     6410.583
1957.357     6428.727
1957.98     6430.023
1959.098     6436.422
1962.146     6440.31
1962.393     6444.441
1965.415     6457.968
1966.484     6470.361
1969.446     6478.866
1970.516     6480.891
1971.161     6488.424
1974.424     6486.318
1975.257     6498.225
1977.343     6504.543
1978.703     6505.029
1981.208     6520.338
1982.831     6524.388
1983.283     6528.357
1986.696     6536.7
1989.078     6540.75
1990.68     6546.339
1991.341     6550.065
1994.83     6560.352
1995.206     6565.374
1996.996     6566.589
1999.334     6575.661
2000.99     6587.244
2002.979     6595.83
2003.721     6594.453
2006.978     6601.986
2007.532     6604.335
2008.914     6608.142
2011.687     6620.778
2011.913     6623.856
2015.063     6630.984
2015.993     6632.199
2016.923     6630.822
2019.944     6646.536
2020.896     6650.991
2023.971     6664.761
2024.89     6664.599
2027.056     6667.353
2028.4     6681.771
2031.254     6690.276
2032.426     6695.217
2033.211     6699.51
2036.42     6708.177
2037.087     6706.233
2038.995     6711.174
2040.667     6718.059
2041.097     6720.327
2044.543     6732.639
2045.107     6734.421
2046.881     6741.549
2048.951     6752.565
2050.918     6758.883
2053.128     6767.955
2053.396     6768.603
2056.799     6780.429
2057.186     6781.806
2058.831     6786.423
2061.239     6801.813
2062.782     6806.187
2064.889     6813.639
2065.685     6812.343
2069.039     6825.87
2069.615     6828.867
2070.776     6837.615
2073.7     6851.385
2073.91     6851.628
2076.99     6856.083
2078.076     6860.619
2081.005     6875.442
2081.935     6880.869
2082.876     6877.305
2086.144     6897.717
2086.913     6897.474
2089.058     6906.303
2090.456     6910.839
2093.02     6914.646
2094.498     6926.796
2097.089     6943.482
2098.524     6942.834
2099.099     6944.94
2102.696     6953.769
2102.927     6955.713
2105.029     6966.972
2107.335     6968.025
2110.759     6979.608
2111.162     6978.393
2112.963     6987.303
2115.328     6996.213
2115.581     6997.752
2119.005     7008.606
2119.677     7011.846
2123.069     7023.915
2123.596     7023.753
2124.902     7031.853
2127.654     7037.199
2127.918     7039.629
2131.068     7047
2131.928     7051.536
2135.148     7070.085
2135.927     7072.353
2136.841     7075.026
2139.938     7088.472
2140.201     7090.335
2143.125     7097.787
2144.383     7101.756
2145.05     7107.831
2148.318     7122.006
2149.033     7120.791
2152.318     7138.773
2152.565     7142.58
2155.054     7145.577
2156.785     7148.493
2157.145     7151.976
2160.671     7163.235
2161.279     7164.531
2164.735     7180.893
2165.009     7177.491
2167.009     7182.675
2169.213     7190.775
2169.53     7195.23
2172.901     7212.483
2173.578     7209.405
2176.954     7221.96
2177.475     7221.96
2179.034     7222.77
2181.684     7231.113
2183.087     7236.216
2185.2     7247.232
2185.985     7245.369
2189.264     7260.354
2190.097     7265.376
2193.048     7278.012
2194.075     7277.364
2194.914     7281.009
2198.203     7293.402
2198.456     7293.726
2201.155     7305.795
2202.429     7310.817
2203.133     7308.792
2206.498     7323.534
2207.191     7327.179
2209.223     7332.849
2210.9     7333.335
2213.153     7346.295
2214.803     7351.965
2215.394     7355.61
2218.872     7363.71
2219.534     7363.953
2221.093     7371.81
2223.329     7376.994
2225.054     7387.848
2227.532     7392.789
2229.048     7395.381
2231.688     7409.313
2233.037     7415.874
2235.155     7422.111
2236.069     7432.803
2239.24     7443.576
2239.972     7444.71
2241.057     7453.62
2244.164     7463.178
2244.347     7463.988
2247.336     7477.191
2248.46     7476.543
2249.132     7475.895
2252.4     7492.176
2253.201     7496.064
2255.373     7502.382
2256.7     7509.024
2259.275     7518.015
2260.786     7522.308
2261.27     7522.146
2264.726     7531.38
2265.403     7539.804
2267.296     7543.206
2269.112     7544.097
2271.338     7555.761
2273.026     7558.11
2273.746     7563.213
2277.235     7575.525
2277.869     7572.447
2279.434     7577.145
2281.793     7581.519
2283.401     7592.13
2285.374     7599.096
2286.094     7603.389
2289.55     7623.477
2290.346     7622.181
2291.448     7624.53
2294.157     7633.845
2295.431     7634.655
2297.592     7644.618
2298.565     7650.45
2301.737     7651.017
2302.769     7665.759
2303.591     7670.781
2306.715     7676.937
2307.645     7680.501
2309.816     7686.009
2311.074     7694.028
2313.778     7704.801
2314.907     7704.153
2315.616     7708.77
2318.998     7721.487
2319.191     7723.836
2321.729     7729.911
2323.406     7737.363
2323.836     7741.656
2327.255     7752.672
2327.841     7752.024
2331.356     7764.255
2331.738     7765.065
2333.662     7773.408
2335.947     7777.944
2336.216     7781.022
2339.683     7799.166
2340.376     7799.49
2341.774     7803.216
2344.188     7812.288
2345.854     7820.631
2348.44     7825.896
2349.843     7830.108
2352.627     7843.716
2352.789     7845.822
2356.035     7854.894
2356.976     7864.371
2360.035     7864.695
2360.873     7870.77
2361.922     7877.088
2365.013     7887.699
2365.244     7890.372
2368.071     7893.45
2369.324     7911.189
2369.963     7909.893
2373.334     7924.797
2374.076     7925.85
2377.446     7935.408
2377.618     7936.623
2380.139     7939.944
2381.892     7948.449
2382.236     7953.147
2385.676     7964.811
2386.407     7968.294
2389.853     7982.145
2390.149     7982.469
2392.079     7995.024
2394.283     8001.261
2394.551     8004.825
2398.013     8015.031
2398.787     8010.738
2400.217     8016.003
2402.642     8028.315
2404.141     8032.932
2406.27     8038.845
2406.963     8041.761
2410.307     8053.344
2410.947     8057.313
2412.183     8064.927
2415.064     8075.457
2416.29     8082.099
2418.451     8086.473
2419.451     8091.333
2420.263     8096.679
2423.359     8104.698
2424.289     8114.175
2426.439     8117.253
2427.767     8117.577
2430.492     8132.319
2431.911     8134.02
2432.46     8139.69
2435.766     8148.114
2436.561     8153.622
2440.066     8163.666
2440.319     8164.152
2442.625     8177.598
2444.442     8183.025
2444.732     8185.617
2448.232     8201.25
2448.893     8206.272
2450.592     8212.104
2452.731     8217.45
2454.543     8232.921
2456.924     8230.491
2457.15     8230.977
2460.477     8246.124
2461.219     8249.121
2462.482     8254.062
2465.116     8263.134
2468.761     8265.807
2469.438     8272.206
2470.626     8269.128
2473.465     8282.979
2473.674     8284.194
2476.733     8290.836
2477.792     8297.883
2478.593     8303.715
2481.877     8316.675
2482.711     8325.18
2484.818     8328.501
2486.081     8335.386
2488.887     8344.944
2490.048     8352.963
2490.817     8358.147
2494.15     8364.87
2494.408     8366.652
2496.854     8369.163
2498.563     8377.101
2502.477     8410.311
2501.17     8411.283
2499.38     8402.049
2499.187     8399.538
2496.23     8386.011
2495.87     8387.955
2494.908     8387.307
2492.747     8375.157
2492.817     8373.861
2490.059     8363.007
2489.634     8360.901
2488.925     8357.661
2486.506     8346.888
2486.49     8348.265
2483.861     8347.293
2483.27     8341.38
2482.942     8336.925
2480.109     8324.937
2479.818     8324.451
2478.055     8322.507
2476.921     8312.463
2475.061     8304.201
2473.814     8301.285
2473.572     8302.662
2472.056     8297.397
2470.578     8289.945
2469.003     8283.384
2467.498     8276.58
2467.272     8278.524
2464.31     8263.701
2464.181     8264.997
2462.821     8257.545
2461.165     8249.688
2460.886     8250.093
2458.031     8246.529
2457.763     8244.828
2456.806     8232.597
2454.881     8232.759
2454.596     8223.444
2451.78     8216.073
2450.661     8218.503
2448.796     8209.917
2448.21     8203.518
2447.63     8203.275
2444.985     8199.387
2444.485     8198.577
2442.534     8191.854
2441.781     8190.315
2439.475     8183.349
2438.566     8177.274
2438.174     8178.165
2436.298     8176.14
2435.384     8168.283
2433.277     8157.024
2432.159     8151.678
2432.024     8149.167
2430.353     8144.388
2428.907     8144.631
2427.165     8136.855
2425.783     8132.319
2425.52     8129.484
2422.542     8118.306
2422.413     8115.228
2420.929     8113.932
2419.096     8108.505
2419.091     8108.991
2416.156     8095.869
2415.93     8094.33
2414.758     8093.52
2412.662     8084.61
2412.694     8086.635
2409.893     8078.373
2409.528     8073.351
2408.625     8070.759
2406.168     8064.684
2405.534     8055.288
2403.577     8051.967
2403.012     8047.512
2400.513     8037.468
2399.873     8037.63
2399.33     8034.876
2396.562     8023.617
2396.519     8022.564
2394.229     8015.436
2393.304     8014.221
2392.906     8008.227
2390.041     7998.183
2389.703     7993.89
2387.955     7988.139
2386.687     7987.329
2386.558     7989.759
2383.521     7971.615
2383.413     7972.992
2381.731     7967.565
2380.258     7959.627
2378.645     7955.172
2377.097     7948.53
2376.962     7946.424
2375.619     7938.648
2373.764     7934.436
2372.565     7932.168
2370.813     7926.417
2370.533     7923.42
2367.587     7919.208
2367.147     7920.423
2366.297     7917.183
2363.857     7905.114
2363.862     7903.899
2361.201     7894.26
2360.685     7892.478
2359.938     7893.369
2357.433     7889.481
2354.842     7874.253
2354.089     7873.524
2353.579     7868.016
2351.606     7858.782
2350.708     7861.374
2348.488     7857.486
2347.451     7850.196
2347.074     7852.545
2344.155     7842.582
2344.171     7841.043
2342.215     7834.401
2340.806     7822.413
2340.602     7822.98
2337.667     7816.662
2337.457     7818.201
2335.839     7813.017
2334.227     7807.185
2332.722     7793.253
2331.098     7787.502
2330.872     7787.502
2327.867     7782.075
2327.652     7778.025
2326.421     7768.71
2324.303     7761.582
2324.26     7759.071
2321.438     7751.376
2321.003     7752.186
2320.057     7748.217
2317.697     7739.064
2316.847     7741.251
2314.864     7731.531
2314.332     7728.129
2313.697     7725.213
2310.988     7716.303
2310.359     7714.926
2308.359     7709.094
2307.655     7708.851
2305.252     7695.891
2304.349     7692.651
2304.075     7696.296
2301.135     7676.289
2301.156     7675.236
2298.866     7669.485
2297.753     7666.893
2297.501     7666.083
2294.469     7651.503
2294.372     7649.883
2292.502     7647.048
2291.056     7648.02
2290.991     7648.344
2287.911     7636.923
2287.626     7637.652
2286.196     7631.496
2284.454     7622.91
2282.998     7622.019
2281.294     7614.324
2281.009     7616.349
2279.794     7611.327
2277.703     7596.342
2276.654     7595.856
2274.784     7594.398
2274.359     7585.731
2271.51     7573.824
2271.048     7573.905
2270.236     7571.556
2267.699     7565.805
2267.709     7564.995
2265.027     7557.3
2264.403     7556.328
2263.721     7546.041
2260.974     7542.153
2260.485     7542.396
2257.544     7523.28
2257.2     7528.221
2255.297     7527.978
2254.314     7518.744
2253.937     7521.66
2250.943     7510.563
2250.621     7506.351
2248.83     7504.974
2247.465     7492.257
2247.347     7488.855
2244.25     7480.836
2244.078     7481.97
2242.514     7480.593
2240.789     7467.066
2239.257     7459.857
2237.639     7456.374
2237.289     7456.212
2234.214     7446.33
2233.962     7444.305
2232.752     7438.554
2230.656     7433.451
2230.613     7433.451
2227.683     7422.516
2227.264     7423.974
2226.334     7418.952
2223.985     7407.45
2223.114     7404.129
2221.119     7400.079
2220.469     7399.593
2219.781     7394.571
2217.195     7387.767
2216.604     7376.103
2214.545     7372.458
2213.776     7370.757
2211.384     7359.498
2210.465     7356.906
2210.094     7357.473
2207.078     7349.859
2207.025     7351.641
2204.837     7343.946
2203.751     7338.438
2203.294     7333.578
2200.311     7327.017
2200.241     7324.02
2198.316     7313.976
2196.843     7312.356
2196.693     7313.004
2193.521     7299.477
2193.166     7299.72
2190.092     7289.19
2189.909     7288.704
2188.576     7279.065
2186.522     7274.853
2186.415     7273.233
2183.41     7262.946
2183.109     7267.077
2182.05     7258.572
2179.754     7255.251
2179.69     7255.818
2176.841     7246.746
2176.384     7239.699
2175.599     7235.892
2172.933     7229.25
2172.191     7224.147
2170.148     7215.561
2169.493     7213.293
2166.858     7205.517
2166.101     7204.302
2163.579     7193.448
2162.66     7189.479
2162.284     7190.046
2159.376     7176.6
2158.913     7174.818
2157.059     7173.522
2155.892     7160.724
2153.737     7160.157
2152.484     7153.677
2152.162     7149.141
2149.21     7143.39
2148.829     7140.312
2147.195     7135.614
2145.544     7126.38
2145.421     7124.193
2142.287     7116.498
2142.023     7116.984
2140.647     7119.576
2138.621     7103.052
2137.438     7099.974
2135.594     7092.198
2135.18     7093.98
2132.251     7080.21
2131.858     7074.702
2130.794     7076.889
2128.816     7068.546
2128.337     7066.035
2125.488     7060.122
2124.865     7053.237
2124.042     7052.508
2121.494     7043.436
2121.505     7041.087
2118.779     7032.42
2118.027     7027.965
2117.505     7027.722
2114.624     7020.756
2114.124     7016.544
2112.21     7009.335
2111.114     7006.743
2108.888     6999.291
2107.76     6996.699
2107.405     6991.596
2104.335     6980.904
2104.212     6980.175
2102.314     6974.586
2100.691     6968.025
2100.476     6966.162
2097.417     6961.464
2097.293     6960.816
2095.648     6952.554
2093.735     6948.099
2092.278     6936.759
2090.563     6931.008
2090.192     6932.547
2089.02     6925.905
2086.838     6919.506
2085.65     6918.858
2083.688     6916.185
2083.263     6910.11
2080.403     6904.521
2079.973     6903.225
2079.119     6893.667
2077.027     6886.944
2076.415     6884.514
2073.668     6875.928
2072.99     6877.386
2072.324     6869.853
2069.582     6862.239
2069.555     6858.432
2066.98     6846.363
2066.104     6843.042
2063.583     6842.556
2062.503     6838.83
2060.245     6835.104
2059.073     6826.113
2058.681     6827.004
2055.541     6814.125
2055.461     6813.72
2053.482     6809.913
2052.079     6802.866
2051.784     6801.327
2048.687     6791.769
2048.526     6790.959
2046.946     6785.694
2045.086     6778.566
2044.951     6776.703
2041.834     6766.902
2041.5     6754.509
2040.285     6754.266
2038.087     6757.668
2036.953     6755.967
2034.964     6745.356
2034.555     6739.281
2031.615     6729.156
2031.125     6725.349
2030.19     6726.402
2028.099     6716.277
2027.567     6710.931
2024.755     6709.716
2024.153     6704.289
2023.455     6703.074
2020.6     6688.818
2020.562     6689.952
2018.047     6683.634
2017.084     6679.179
2016.638     6672.375
2013.558     6663.06
2013.515     6665.085
2011.225     6662.493
2009.951     6649.776
2009.698     6650.019
2006.64     6639.165
2006.274     6634.71
2004.527     6626.61
2002.984     6621.831
2001.253     6613.569
1999.678     6610.329
1999.318     6607.089
1996.098     6597.855
1995.878     6598.341
1994.378     6582.87
1992.636     6580.845
1992.335     6578.01
1989.169     6568.533
1988.922     6569.343
1987.718     6558.327
1985.369     6554.844
1985.288     6551.766
1982.369     6538.158
1981.869     6547.635
1980.966     6539.778
1978.337     6532.812
1978.284     6531.84
1975.429     6521.229
1974.757     6521.472
1972.107     6510.456
1971.29     6506.73
1970.629     6509.241
1968.656     6505.434
1967.651     6503.328
1965.183     6489.882
1964.092     6488.262
1961.877     6482.916
1960.593     6479.595
1960.308     6480.729
1957.163     6460.641
1956.862     6459.021
1955.147     6460.479
1953.524     6457.077
1951.793     6447.843
1950.159     6435.612
1949.906     6432.453
1948.422     6428.079
1946.503     6420.06
1945.02     6416.334
1942.939     6405.723
1942.875     6408.396
1939.784     6398.676
1939.327     6398.352
1938.3     6396.084
1935.881     6391.71
1934.86     6383.772
1932.882     6376.482
1932.199     6375.591
1929.371     6365.871
1928.742     6362.226
1928.001     6363.684
1925.227     6351.534
1925.205     6352.02
1922.544     6339.627
1921.679     6332.013
1921.125     6332.175
1918.239     6322.05
1917.653     6320.268
1915.691     6311.034
1914.497     6304.878
1912.239     6303.987
1911.078     6296.292
1910.767     6297.183
1907.52     6285.6
1907.186     6279.93
1905.461     6274.017
1903.784     6270.453
1901.945     6268.428
1900.445     6259.113
1900.107     6250.77
1898.661     6250.446
1896.64     6244.371
1895.188     6247.287
1893.36     6237.324
1893.022     6231.168
1889.893     6219.585
1889.549     6217.074
1888.286     6216.588
1885.953     6207.921
1884.932     6199.173
1882.862     6198.12
1882.271     6194.718
1879.277     6183.054
1878.696     6181.92
1877.965     6171.066
1875.202     6171.066
1875.186     6171.228
1872.546     6160.131
1871.708     6159.645
1871.004     6146.766
1868.042     6144.498
1867.509     6143.445
1865.537     6139.881
1864.332     6136.884
1864.026     6128.865
1860.914     6123.6
1858.736     6109.668
1857.436     6105.051
1857.081     6107.238
1853.839     6096.627
1853.694     6093.549
1851.866     6084.639
1850.082     6079.293
1848.405     6072.408
1846.738     6064.389
1846.303     6060.987
1843.196     6052.239
1842.857     6048.837
1841.519     6045.516
1839.288     6038.874
1839.207     6039.036
1836.121     6031.746
1835.713     6031.989
1834.659     6034.176
1832.111     6021.216
1831.117     6015.141
1829.047     6005.016
1828.413     6005.583
1825.661     5992.866
1824.946     5987.763
1824.172     5986.305
1821.312     5979.339
1821.247     5981.526
1818.646     5962.167
1817.549     5964.516
1817.087     5962.572
1814.049     5946.939
1813.592     5945.643
1811.63     5941.917
1810.313     5935.194
1809.926     5930.982
1806.798     5917.617
1806.411     5915.835
1803.293     5912.352
1803.137     5909.76
1801.288     5901.579
1799.482     5899.311
1799.304     5898.582
1796.246     5886.351
1795.794     5876.55
1794.402     5873.715
1792.268     5868.936
1790.854     5866.182
1788.967     5856.543
1788.569     5848.848
1785.398     5841.234
1785     5839.857
1783.914     5836.131
1781.925     5829.003
1781.28     5828.274
1778.415     5816.043
1777.764     5812.56
1777.205     5812.884
1774.227     5803.569
1774.125     5804.055
1771.647     5798.385
1770.545     5790.69
1770.093     5789.313
1766.986     5781.456
1766.54     5776.839
1764.68     5765.58
1763.266     5765.904
1761.234     5762.502
1759.794     5751.324
1759.434     5748.246
1756.165     5743.062
1754.235     5738.526
1752.596     5731.155
1752.139     5733.504
1748.919     5716.818
1748.661     5713.659
1747.242     5707.017
1745     5697.378
1744.844     5695.92
1741.737     5688.144
1741.216     5683.851
1738.114     5672.592
1737.603     5672.673
1736.641     5669.352
1734.056     5661.333
1733.126     5654.934
1730.336     5644.404
1730.293     5644.89
1727.508     5634.846
1726.632     5631.849
1725.955     5628.69
1723.025     5621.319
1722.337     5619.456
1720.316     5608.521
1719.289     5607.225
1716.816     5597.1
1715.698     5596.209
1715.182     5597.343
1712.086     5582.115
1711.58     5577.741
1709.774     5571.099
1708.226     5560.245
1706.232     5551.578
1704.764     5550.12
1704.318     5552.631
1701.071     5540.076
1700.851     5536.431
1699.265     5528.088
1697.265     5523.066
1697.136     5526.144
1693.863     5518.53
1693.481     5511.564
1690.379     5498.442
1689.992     5501.277
1688.826     5497.146
1686.364     5482.647
1686.315     5480.946
1683.267     5474.223
1682.59     5473.494
1681.757     5471.55
1678.983     5458.752
1678.886     5457.78
1676.032     5456.808
1675.231     5450.652
1674.591     5449.437
1671.618     5433.399
1671.07     5430.969
1669.022     5422.707
1667.899     5418.252
1665.447     5407.803
1664.313     5408.37
1663.743     5404.32
1660.529     5393.709
1660.421     5397.435
1658.298     5389.578
1656.696     5382.045
1656.508     5379.939
1653.272     5366.493
1652.89     5363.739
1651.299     5359.041
1649.208     5357.34
1645.912     5351.508
1645.488     5344.056
1644.149     5342.274
1641.994     5329.881
1641.892     5326.965
1638.65     5323.563
1638.123     5307.849
1635.075     5300.964
1634.597     5297.319
1633.533     5292.621
1630.856     5288.652
1630.802     5287.599
1627.845     5277.231
1627.066     5278.446
1626.324     5272.128
1623.432     5258.925
1623.357     5259.654
1620.642     5247.099
1619.653     5245.965
1617.046     5237.379
1616.03     5232.843
1615.449     5227.092
1613.455     5220.774
1612.192     5215.914
1610.117     5206.599
1608.509     5203.116
1608.257     5204.25
1605.031     5190.318
1604.591     5187.888
1602.967     5185.458
1601.07     5178.654
1599.554     5172.093
1597.742     5166.909
1597.301     5172.012
1594.081     5158.323
1593.721     5155.974
1592.356     5145.363
1590.044     5137.587
1589.931     5142.123
1586.846     5134.509
1586.351     5132.403
1585.276     5122.44
1582.567     5116.932
1581.68     5116.527
1579.578     5110.614
1578.852     5111.748
1578.153     5107.212
1575.149     5093.766
1574.455     5084.532
1572.38     5078.214
1571.439     5077.161
1568.854     5062.743
1567.763     5060.961
1567.252     5059.989
1564.021     5052.294
1563.86     5052.861
1561.65     5051.322
1560.145     5045.328
1559.86     5040.468
1556.538     5027.913
1556.162     5025.969
1552.921     5016.735
1552.673     5017.464
1550.878     5010.822
1549.158     5003.856
1548.679     4997.7
1545.459     4988.709
1544.975     4982.391
1543.675     4978.422
1541.272     4973.967
1540.154     4969.755
1537.665     4959.63
1536.595     4959.144
1533.88     4945.131
1533.762     4942.377
1530.784     4938.732
1530.037     4929.417
1529.209     4927.554
1526.403     4915.89
1525.656     4916.619
1523.527     4917.024
1522.533     4905.441
1519.818     4898.394
1518.942     4895.721
1518.34     4894.101
1515.206     4883.166
1515.12     4881.465
1512.641     4877.415
1511.373     4866.642
1510.997     4868.1
1507.712     4855.302
1507.266     4853.682
1505.438     4848.984
1503.815     4841.451
1501.847     4832.946
1500.315     4830.111
1499.756     4828.005
1496.547     4814.316
1496.262     4812.939
1495.569     4812.858
1492.499     4801.761
1492.343     4804.758
1489.838     4792.203
1488.527     4788.963
1488.193     4789.044
1484.957     4780.539
1484.495     4775.76
1481.28     4766.445
1481.125     4764.339
1479.109     4753.08
1477.587     4748.139
1477.184     4744.413
1473.878     4730.157
1473.491     4735.098
1471.943     4733.964
1469.879     4724.406
1468.261     4712.499
1466.39     4706.424
1465.998     4711.689
1462.692     4697.352
1462.332     4695.327
1461.084     4683.501
1458.547     4685.121
1458.44     4685.202
1455.359     4670.379
1454.693     4667.625
1451.699     4660.578
1451.064     4655.961
1450.151     4649.805
1447.269     4645.836
1447.178     4646.97
1444.35     4634.01
1443.286     4627.287
1442.743     4623.804
1439.7     4614.732
1439.114     4611.168
1437.023     4604.85
1435.728     4596.102
1432.11     4582.494
1431.675     4582.332
1429.745     4580.793
1428.202     4573.908
1426.159     4570.182
1424.633     4564.269
1424.063     4559.004
1420.757     4546.773
1420.477     4540.212
1418.816     4546.368
1416.779     4535.19
1416.58     4532.274
1413.349     4522.878
1412.833     4514.373
1411.559     4513.968
1409.194     4503.357
1407.818     4503.438
1405.334     4491.369
1405.157     4491.774
1402.007     4487.562
1401.459     4482.135
1400.459     4476.06
1397.707     4462.695
1396.841     4463.991
1394.745     4460.67
1393.804     4451.112
1390.944     4446.819
1390.084     4439.529
1389.428     4438.476
1386.337     4429.242
1386.224     4428.432
1383.687     4421.142
1382.456     4410.207
1382.09     4406.967
1378.758     4398.057
1378.263     4395.789
1376.382     4387.851
1374.774     4387.527
1372.775     4373.028
1371.226     4371.084
1370.796     4370.598
1367.383     4360.797
1367.007     4356.99
1365.458     4350.51
1363.389     4344.597
1361.787     4339.899
1359.906     4337.307
1359.422     4330.098
1356.159     4315.68
1355.756     4314.87
1354.471     4308.876
1351.934     4303.53
1351.772     4301.586
1348.644     4284.657
1348.074     4284.657
1347.096     4276.962
1344.23     4267.242
1343.456     4266.918
1341.29     4265.136
1340.371     4258.899
1337.565     4252.014
1336.597     4247.154
1336.081     4243.185
1332.969     4241.97
1332.216     4234.275
1330.173     4224.96
1328.958     4221.639
1326.55     4206.978
1325.292     4206.249
1322.787     4205.763
1321.304     4189.725
1319.218     4183.407
1317.718     4177.575
1317.186     4181.139
1313.95     4167.369
1313.708     4164.858
1311.934     4162.428
1309.827     4151.574
1309.655     4151.007
1306.397     4141.287
1305.881     4144.608
1304.575     4142.34
1302.193     4128.165
1300.903     4127.517
1298.925     4118.283
1298.194     4113.504
1295.108     4107.429
1294.539     4103.46
1293.437     4101.03
1290.609     4091.067
1290.48     4091.796
1287.545     4083.129
1286.669     4075.839
1285.975     4074.948
1282.992     4063.122
1282.234     4058.829
1279.1     4048.218
1279.052     4047.813
1276.477     4039.065
1275.138     4032.585
1274.654     4031.37
1271.445     4020.354
1270.918     4014.036
1267.677     4001.562
1267.446     4001.157
1265.236     3999.618
1263.586     3986.901
1263.296     3986.496
1259.995     3973.941
1259.528     3970.458
1257.888     3968.352
1256.012     3964.221
1254.157     3962.439
1252.362     3953.61
1251.884     3947.373
1248.712     3939.03
1248.303     3940.326
1246.831     3926.475
1244.39     3919.671
1243.052     3914.082
1241.03     3907.764
1240.423     3907.602
1237.413     3898.773
1236.784     3896.748
1235.859     3890.754
1232.876     3887.676
1232.032     3874.959
1229.876     3872.448
1228.908     3866.616
1226.215     3855.357
1225.269     3855.843
1224.565     3845.799
1221.426     3840.858
1221.264     3841.02
1218.835     3829.194
1217.383     3826.197
1216.985     3821.337
1213.642     3813.237
1211.287     3807.891
1209.669     3804.894
1209.406     3801.411
1206.094     3788.856
1205.578     3786.912
1203.891     3783.51
1201.912     3777.678
1200.251     3770.793
1198.413     3762.531
1197.865     3758.886
1194.559     3752.406
1193.978     3750.462
1192.801     3747.384
1190.296     3734.586
1190.172     3733.614
1187.092     3723.651
1186.372     3721.383
1183.2     3711.744
1182.528     3707.127
1181.566     3702.753
1178.695     3690.198
1178.545     3694.086
1175.615     3681.693
1174.723     3677.076
1173.975     3677.643
1170.858     3663.873
1170.223     3661.443
1168.111     3654.963
1166.831     3652.695
1164.337     3645.729
1162.999     3638.439
1162.574     3636.9
1159.3     3620.133
1158.849     3625.398
1156.978     3620.214
1155.344     3608.226
1153.263     3603.447
1151.656     3593.97
1151.162     3593.484
1147.893     3582.468
1147.576     3582.063
1145.969     3580.686
1143.749     3570.318
1142.217     3563.352
1140.303     3556.548
1139.615     3558.006
1138.422     3554.442
1135.943     3539.457
1134.653     3534.354
1132.008     3530.142
1131.896     3529.818
1128.853     3517.587
1128.122     3513.861
1127.208     3512.16
1124.246     3499.524
1123.348     3499.443
1121.198     3491.343
1120.3     3489.561
1117.494     3469.473
1116.349     3473.604
1115.785     3462.75
1112.646     3453.03
1112.479     3454.812
1109.867     3440.313
1108.474     3437.802
1106.163     3432.375
1104.797     3431.16
1104.152     3422.898
1100.895     3419.415
1100.4     3418.362
1097.046     3402.81
1096.589     3406.779
1093.283     3396.654
1092.912     3395.277
1091.477     3387.744
1089.031     3382.641
1088.848     3384.099
1085.547     3369.195
1084.892     3361.176
1083.849     3358.179
1081.252     3349.026
1080.193     3344.571
1078.065     3337.848
1077.14     3332.34
1074.237     3321.081
1073.372     3316.545
1072.635     3316.869
1069.448     3303.261
1069.319     3304.881
1066.642     3294.027
1065.319     3282.12
1062.873     3279.285
1061.621     3275.883
1061.089     3273.21
1057.675     3263.895
1057.175     3254.013
1055.364     3248.505
1053.627     3241.134
1051.558     3233.763
1049.94     3227.202
1049.44     3226.959
1046.139     3212.298
1045.58     3217.158
1044.182     3214.728
1041.968     3207.924
1040.479     3200.553
1038.538     3196.098
1038.006     3192.372
1034.652     3178.764
1034.055     3176.172
1032.91     3177.63
1030.104     3169.206
1029.9     3170.34
1026.9     3151.71
1026.094     3149.037
1025.309     3148.875
1022.336     3139.317
1021.438     3134.7
1019.299     3127.653
1018.159     3121.497
1015.515     3114.774
1014.359     3111.858
1013.784     3107.484
1010.424     3098.088
1009.897     3090.636
1006.532     3080.754
1006.365     3083.184
1004.124     3070.791
1002.694     3064.392
1002.146     3063.582
998.85     3050.379
998.297     3050.622
996.598     3045.438
994.62     3035.961
992.975     3031.425
991.099     3024.783
990.518     3024.783
987.277     3009.96
986.648     3010.041
983.417     2994.327
982.697     2999.187
981.53     2998.215
978.95     2984.526
977.778     2981.124
975.074     2967.192
974.934     2966.301
971.87     2955.69
970.989     2952.612
970.139     2951.235
967.221     2941.191
966.28     2933.172
964.108     2923.776
963.103     2922.642
960.34     2919.078
959.286     2908.791
958.668     2907.171
955.384     2896.884
954.787     2891.295
952.911     2882.79
951.406     2886.273
949.099     2876.715
947.363     2864.97
946.971     2865.942
943.611     2857.437
943.127     2852.901
941.525     2849.337
939.552     2844.315
937.789     2837.025
935.983     2831.274
935.333     2821.797
932.054     2817.18
931.624     2816.208
930.167     2810.133
927.576     2802.357
927.398     2803.815
924.216     2789.964
923.56     2786.805
922.55     2784.618
919.835     2773.44
918.754     2769.633
916.588     2763.639
915.599     2761.452
912.594     2746.224
911.755     2741.364
910.954     2737.476
907.885     2726.217
907.197     2731.158
905.074     2723.868
903.719     2716.092
901.149     2709.288
899.972     2706.777
899.456     2699.163
896.199     2687.175
895.967     2689.605
893.71     2676.321
891.957     2672.19
891.662     2673.162
888.307     2658.096
887.732     2661.255
884.372     2650.401
884.098     2646.594
882.276     2636.226
880.163     2632.176
879.921     2632.095
876.621     2613.222
876.067     2613.06
874.702     2606.175
872.062     2600.91
868.864     2596.779
868.1     2589.084
867.058     2587.788
864.284     2574.261
863.305     2571.669
861.128     2565.432
860.241     2557.413
857.285     2554.659
856.435     2550.366
855.581     2546.397
852.49     2529.549
851.818     2525.337
849.652     2518.614
848.361     2515.536
845.824     2503.305
844.394     2497.473
843.943     2494.962
840.68     2488.077
840.153     2484.756
838.223     2474.307
836.573     2472.687
834.439     2462.886
832.783     2459.889
832.305     2459.727
828.939     2442.15
828.601     2441.178
826.902     2437.29
824.644     2430.567
824.44     2427.813
821.134     2419.308
820.5     2414.853
817.199     2403.108
816.705     2404.08
815.501     2398.977
812.716     2388.366
812.555     2389.824
809.475     2382.939
808.647     2376.621
805.986     2362.689
804.878     2360.745
804.18     2354.994
800.895     2348.109
800.686     2346.489
798.315     2337.579
796.724     2330.937
796.31     2331.909
792.869     2316.114
792.353     2311.983
790.628     2307.852
788.693     2303.154
786.817     2293.515
785.145     2288.736
784.532     2286.144
781.264     2279.907
780.877     2279.583
779.167     2267.757
776.877     2260.791
775.399     2251.233
773.34     2246.13
772.695     2250.342
769.443     2233.089
768.76     2230.497
767.712     2221.668
764.873     2213.73
763.847     2209.032
761.713     2201.175
760.75     2196.882
757.848     2186.352
756.821     2182.707
754.004     2178.252
752.821     2172.258
752.225     2175.255
749.134     2161.971
748.419     2156.058
745.043     2151.846
744.866     2153.061
742.393     2144.313
740.893     2135.16
740.511     2134.836
737.136     2119.77
736.625     2119.041
734.824     2117.421
733.018     2103.327
731.029     2098.467
729.282     2088.504
728.658     2083.563
725.336     2076.03
725.035     2071.656
723.337     2071.332
721.095     2061.531
719.595     2057.967
717.536     2051.406
716.897     2043.468
713.634     2033.424
713.01     2033.262
711.967     2026.863
709.193     2017.548
708.086     2007.585
705.952     2003.211
705.022     2001.672
702.065     1989.522
701.028     1992.843
700.297     1987.983
697.141     1972.917
696.308     1965.708
694.185     1959.066
693.056     1960.362
690.336     1944
689.132     1943.433
688.562     1935.9
685.159     1936.548
684.638     1929.906
682.746     1921.725
681.063     1920.267
678.929     1911.033
677.435     1906.821
676.752     1901.07
673.435     1892.241
672.806     1887.543
671.237     1881.792
669.14     1875.555
667.447     1868.103
665.576     1864.701
664.974     1863.729
661.69     1853.523
661.163     1856.439
659.862     1843.884
657.19     1835.46
655.959     1831.977
653.82     1825.983
653.046     1825.173
649.928     1812.294
649.073     1810.107
648.229     1802.817
645.224     1792.287
644.343     1794.069
641.322     1791.477
640.467     1786.374
637.306     1766.772
636.629     1770.984
634.532     1769.526
633.065     1758.267
630.656     1756.242
629.307     1746.36
628.721     1739.556
625.404     1729.836
624.872     1726.596
623.018     1722.141
621.163     1714.284
619.163     1713.636
617.497     1707.642
616.922     1699.542
613.438     1685.205
612.949     1681.479
611.536     1678.725
609.16     1672.65
607.611     1666.656
605.59     1659.933
605.047     1658.718
601.843     1644.381
601.048     1642.518
600.026     1641.465
597.253     1628.343
596.188     1625.832
593.259     1609.47
593.124     1610.199
590.109     1603.638
589.028     1599.912
588.345     1599.021
585.217     1588.734
584.437     1585.17
582.298     1580.715
581.083     1574.154
578.535     1562.814
577.073     1552.203
576.61     1553.094
573.358     1551.069
572.686     1539.243
570.778     1523.853
569.106     1523.772
566.961     1515.267
565.112     1520.613
564.854     1512.108
561.484     1497.447
560.914     1501.497
557.559     1487.079
557.151     1484.325
555.474     1485.54
553.227     1471.446
553.055     1469.259
549.679     1453.059
549.055     1455.084
545.83     1450.062
545.228     1449.09
544.26     1439.208
541.245     1433.376
541.099     1435.725
538.24     1421.793
537.154     1414.746
534.316     1402.758
533.283     1402.758
532.579     1401.219
529.381     1398.627
529.214     1391.904
525.414     1373.598
524.769     1372.14
521.382     1364.202
521.188     1363.878
518.979     1360.071
517.194     1346.787
516.845     1348.974
513.448     1335.852
512.872     1334.799
511.217     1336.014
509.174     1326.375
507.405     1319.166
505.519     1311.633
504.981     1306.611
501.659     1293.894
501.014     1289.358
499.826     1289.196
497.278     1279.719
495.869     1275.831
493.203     1267.083
493.085     1267.245
489.978     1258.497
489.021     1254.447
488.204     1256.715
485.301     1242.297
484.344     1236.303
481.302     1223.262
481.119     1219.374
478.248     1217.349
477.06     1209.168
476.426     1208.358
473.276     1195.803
472.566     1193.373
470.572     1188.513
469.04     1180.332
466.589     1175.634
465.277     1165.59
464.809     1170.126
461.45     1154.979
460.858     1153.44
459.084     1152.225
457.117     1140.804
455.166     1135.782
453.193     1128.33
452.94     1127.601
449.532     1118.853
448.941     1111.725
447.581     1108.323
445.124     1100.466
443.753     1093.257
441.221     1083.942
441.06     1081.755
437.846     1067.823
437.023     1065.474
436.034     1060.857
433.26     1056.726
432.239     1047.897
429.234     1032.912
429.089     1032.426
426.154     1025.298
425.116     1028.052
422.289     1019.385
421.364     1017.684
420.569     1003.347
417.349     997.596
417.123     1000.188
414.532     986.904
413.193     988.686
409.522     979.857
409.237     974.916
406.995     968.679
405.151     960.741
404.797     959.364
401.415     945.27
400.835     941.868
397.448     934.416
397.158     931.338
395.395     930.609
393.094     917.082
391.53     915.705
389.498     908.739
388.955     902.745
385.638     888.489
385.117     882.738
383.816     883.71
381.09     872.208
379.956     872.451
377.774     863.865
376.951     858.843
373.85     857.709
373.118     850.905
372.14     849.933
369.205     844.911
368.356     831.627
366.205     821.988
364.98     819.558
362.383     818.019
361.104     810.729
360.626     805.302
357.223     794.853
356.675     796.23
354.766     789.021
353.073     784.566
350.923     775.737
349.122     765.531
348.81     767.232
345.467     756.702
344.811     756.783
343.209     752.49
341.204     735.723
339.65     734.913
337.21     726.165
336.957     725.841
333.63     712.071
332.974     711.018
329.813     701.217
329.189     702.189
328.007     700.974
325.195     683.883
325.045     682.668
322.013     679.185
320.975     669.465
318.207     659.421
317.277     658.611
316.498     654.075
313.321     637.875
313.176     640.791
310.601     632.61
309.176     626.778
306.596     619.893
305.273     614.385
304.795     605.961
301.425     605.556
300.892     596.322
299.086     587.979
297.215     587.412
293.555     577.53
293.259     577.125
291.496     573.156
289.254     563.841
287.599     557.604
285.733     552.177
285.153     554.445
281.814     540.837
281.186     535.005
277.971     529.902
277.208     528.201
273.359     517.347
272.321     508.194
269.445     499.446
268.445     502.362
265.553     492.642
264.591     482.193
261.543     473.445
260.721     470.772
257.501     458.703
257.372     457.65
253.614     436.914
253.464     441.207
250.975     432.054
249.459     424.926
247.233     415.692
245.486     408.969
243.32     412.452
241.465     402.489
241.186     405.324
237.762     397.062
237.224     388.395
233.94     379.485
233.402     374.787
232.418     372.033
229.784     363.285
228.731     359.964
226.667     355.833
225.704     346.437
222.662     341.658
221.705     336.15
220.958     335.016
217.867     322.866
217.055     318.006
213.953     311.202
213.174     307.233
211.169     300.996
209.852     298.647
207.341     290.547
205.788     282.771
203.482     272.322
202.009     265.032
201.498     267.057
198.192     254.097
197.639     245.916
195.999     243.81
193.983     238.95
192.225     225.99
190.027     226.314
189.774     228.015
186.533     216.675
185.936     214.488
184.571     209.871
182.157     202.014
178.808     196.263
178.082     185.895
176.991     185.976
174.212     171.315
173.131     172.692
170.352     162.243
170.218     160.38
167.299     152.604
166.326     150.012
163.471     139.806
162.455     138.996
159.73     127.899
158.44     126.441
155.908     117.126
154.414     113.076
152.048     105.948
150.764     101.736
148.398     94.689
146.931     92.016
146.366     85.941
143.028     75.249
142.415     77.436
138.738     63.423
137.051     57.915
134.949     55.485
133.406     51.273
131.051     46.818
127.665     30.861
126.853     28.593
123.902     26.163
122.047     21.546
119.322     12.474
118.284     13.851
115.247     4.617
112.387     10.125
110.753     5.67
107.721     1.458
106.98     -1.377
103.846     -0.648
103.093     -1.782
99.932     -2.511
99.341     -2.025
96.056     -0.567
95.508     -1.053
92.32     -1.62
91.783     -2.025
88.498     -1.539
87.886     -0.81
84.612     -1.863
83.999     -1.782
80.784     -0.729
80.236     -0.405
76.522     -1.053
75.183     -0.891
72.775     0.324
71.479     -0.891
68.668     -0.243
65.636     -0.972
64.824     -1.296
61.965     -0.972
61.056     0.162
58.272     0.486
57.347     0.081
56.498     -0.972
53.455     -1.215
52.778     -0.891
49.724     -1.377
49.117     -0.324
47.203     0.162
45.779     -0.729
43.521     -0.648
41.984     -0.243
39.941     -0.567
38.065     -0.081
37.823     -0.81
34.603     -1.296
34.06     -0.162
30.883     -1.863
30.367     -0.162
29.05     0.324
26.857     -0.243
25.443     0.243
22.954     0.972
21.777     -0.162
19.272     -0.729
19.068     0.648
16.235     0
15.369     -1.134
12.579     -2.43
11.682     -0.486
9.257     1.134
8.182     0.486
7.478     -0.567
4.462     0.648
3.806     -0.405
0.646     -0.243
0.457     -0.324
-1.429     -1.053
