Distance_nm     Force_uN
0     0.405
-0.091     1.134
0.774     2.511
2.853     3.888
2.933     3.564
7.007     0.486
7.607     -0.081
8.377     0.243
10.738     1.701
10.67     1.863
11.759     0.648
14.913     -0.324
14.729     2.349
16.874     2.43
17.842     1.782
18.385     1.701
21.386     1.944
21.526     1.215
23.724     2.349
25.07     1.377
26.203     -1.782
28.129     -1.377
29.057     -0.648
29.131     -0.081
32.069     1.053
32.069     1.215
34.354     0.405
35.586     1.296
35.175     3.564
36.924     3.402
39.322     0.486
41.305     -0.486
43.337     -1.458
43.457     -1.296
44.59     -0.081
46.515     0.486
46.883     -1.053
49.935     -0.162
49.626     1.701
50.402     3.321
52.242     3.888
52.679     3.159
54.586     0.081
56.956     0.891
58.052     0.081
60.118     0.162
61.02     -1.215
61.763     -1.134
64.719     -1.863
64.273     -0.486
66.536     1.863
66.894     3.159
67.684     2.268
70.923     1.296
70.936     1.134
73.604     1.215
74.609     0.972
77.175     0
78.844     -2.025
78.555     0.081
81.626     0.81
81.944     -0.243
83.932     0.243
85.321     0.567
85.188     1.701
86.931     1.701
88.1     3.483
88.518     2.349
92.511     -0.243
92.669     -0.243
94.395     -0.729
96.517     -1.701
96.461     -0.648
97.513     0.324
99.897     -0.648
101.132     -0.729
103.006     -0.243
103     1.053
103.87     1.863
106.646     1.377
106.796     0.405
109.932     0.162
110.523     -0.324
111.305     0
114.53     -1.782
114.262     -1.053
116.846     0.162
117.371     0.81
117.867     1.134
120.169     0.81
120.779     1.458
121.23     1.701
124.394     1.377
124.882     0.891
127.288     -0.324
128.763     -1.782
128.709     -0.648
131.906     -0.162
132.063     -0.729
134.312     -0.648
135.434     0.81
135.099     2.43
138.349     2.673
138.817     1.053
140.787     0.405
142.153     1.701
142.64     0.648
144.172     0.729
146.833     -1.782
147.094     -2.511
149.831     -0.324
150.108     -0.567
151.019     0.729
152.918     1.458
153.104     1.944
154.409     1.215
157.061     0.81
156.99     1.053
160.541     -0.405
160.925     -0.162
160.898     -0.081
163.974     0.081
165.042     -1.782
165.967     -2.43
167.865     -1.215
167.422     2.835
170.235     2.916
171.261     2.025
172.116     0.891
174.039     1.944
175.123     1.701
175.693     1.134
179.272     -0.405
179.553     -1.458
183.078     -1.134
182.811     0.162
183.094     0.081
186.687     -0.648
186.693     -0.486
188.197     1.701
189.61     2.025
189.875     1.944
191.665     1.944
193.839     0.324
193.909     0.405
197.408     -0.243
197.725     -0.729
199.581     -1.701
201.334     -0.81
201.453     -0.162
202.803     -0.081
204.904     0.324
205.891     0.81
207.87     1.539
208.178     1.863
209.186     1.701
212.563     -0.81
212.432     -0.567
215.517     -0.324
215.734     0.729
216.973     -0.891
219.232     -1.053
219.828     -0.648
222.187     1.134
222.944     1.458
223.667     0.729
225.689     1.296
226.259     2.754
227.229     0.891
230.805     -0.729
230.573     0.324
232.8     1.215
234.296     0.405
234.579     0.324
236.842     -0.81
238.419     -1.215
238.707     -1.134
241.668     0.324
241.495     1.863
243.144     2.187
245.376     0.486
245.541     0.324
248.735     1.296
249.106     0.567
250.572     1.215
252.85     0
253.208     -0.567
256.5     -0.324
256.802     -0.729
257.58     1.134
259.399     2.187
260.169     1.053
261.099     1.458
263.899     0.972
263.926     1.053
267.156     0.729
267.72     0.324
268.631     0.162
271.589     0.243
271.565     0.243
274.404     0.729
275.037     1.539
276.074     -0.162
278.952     0.972
278.56     2.511
281.323     2.025
282.67     0.891
284.069     -2.673
286.081     -2.592
286.801     -0.648
286.848     0.405
290.223     0.243
292.348     0.81
293.683     1.539
294.461     -0.648
296.244     -0.324
297.852     0.405
297.717     1.458
301.256     1.296
301.653     0.243
303.88     -1.782
305.865     -1.944
305.99     -1.296
307.045     -0.243
308.75     1.782
308.789     2.025
312.916     -0.729
313.249     -0.567
315.784     2.106
316.522     1.134
317.845     -0.162
320.032     0.081
320.85     -0.891
321.673     -0.972
324.739     -1.296
324.592     -0.972
326.539     2.835
327.445     2.511
328.659     0.324
331.762     0.729
331.888     0.486
334.699     0.162
335.641     0.567
336.049     0.405
339.264     0.729
339.411     0.405
341.756     0.81
343.096     0.972
343.279     1.539
345.253     1.215
346.988     0.648
346.917     1.782
350.67     1.296
351.113     0
353.43     -1.701
354.823     -0.324
354.43     1.944
356.043     1.701
358.862     -0.972
360.2     -0.324
362.1     1.134
362.102     1.215
365.427     1.539
365.914     1.215
367.925     -1.863
370.166     -2.187
370.414     -1.296
371.346     -0.81
373.788     0.324
374.761     0.405
376.955     0.648
377.956     -0.648
378.674     -0.405
381.38     1.215
381.158     1.863
383.976     2.268
386.2     -2.43
386.921     -3.564
389.597     -1.377
389.25     0.405
391.827     0.162
393.167     -0.081
393.221     0.81
396.831     0.405
396.93     1.377
398.875     1.458
400.736     0.486
402.717     0.729
404.422     0.891
404.922     -0.324
408.911     -1.944
409.102     -2.025
410.449     -0.567
412.259     0.729
412.23     0.972
415.344     2.268
415.565     2.349
417.445     0.648
420.116     0.081
419.936     0.891
423.369     0.648
423.566     1.458
425.014     0.081
428.907     -3.888
428.859     -3.483
430.909     0.486
431.289     1.701
432.127     1.539
435.281     0.729
435.531     -0.162
438.092     1.296
438.873     1.62
439.674     1.053
442.24     0.081
443.623     -1.215
446.266     -1.134
447.064     0.243
447.631     -0.243
449.77     -0.162
450.935     0.729
451.003     1.701
454.64     0.81
454.558     2.187
456.276     2.754
458.443     1.296
459.005     -0.081
462.745     -1.134
462.763     -0.405
464.736     -1.134
466.633     -0.324
466.803     -0.486
470.12     0.324
470.103     1.458
471.596     1.296
473.565     1.539
474.357     0.162
475.593     0.081
477.969     0.729
479.303     0.324
481.554     0.486
482.452     -0.648
485.615     -0.81
486.243     -0.891
486.745     0.324
488.714     1.701
489.552     1.701
490.739     -0.405
494.028     -0.405
494.605     -0.972
496.501     0.405
497.024     2.268
497.63     1.863
501.871     -1.134
502.286     -1.053
504.272     -0.648
505.352     0.972
505.262     2.106
509.026     1.215
509.434     0.162
511.475     0.405
513.464     -0.405
513.529     -0.081
516.943     1.296
517.104     1.215
521.189     -0.81
521.583     -1.377
522.745     0.162
524.593     0.81
525.067     0.648
528.593     0.081
528.997     0.162
530.302     0.162
532.535     0.162
532.873     0.648
536.791     -1.458
537.341     -1.539
537.774     0.729
540.074     0.729
540.433     1.863
541.47     0.891
544.604     0.972
545.281     1.053
547.825     0
548.861     -0.081
549.293     0.324
552.674     0.162
552.896     -0.486
555.479     0.162
556.601     0.324
556.924     0.729
560.103     1.782
560.25     1.458
563.089     -0.243
564.608     -0.567
565.251     -1.296
566.721     0.567
568.799     -0.648
568.939     -0.648
572.822     -1.62
572.606     0.486
574.12     1.134
576.223     1.215
576.468     0.891
579.964     0.729
580.47     0.405
582.01     0
584.21     0.81
584.258     0.972
588.207     -0.567
588.731     -1.215
589.751     -0.486
592.613     -0.567
592.356     0.648
595.32     1.62
595.763     2.187
597.254     0.081
599.435     0.324
599.993     1.053
600.706     0.972
604.407     -0.729
605.242     -1.377
607.619     -1.62
608.066     0.324
608.605     0.486
611.853     1.053
611.892     1.296
614.333     1.701
616.299     -0.324
616.692     -0.567
620.079     0
619.969     0.891
622.626     -0.081
624.396     -1.053
624.79     -1.458
626.653     -1.458
628.145     0.162
628.021     1.377
631.489     1.62
632.141     0.405
635.692     0.243
635.759     1.701
637.204     0.81
639.878     0.729
640.003     0.648
643.701     -0.405
644.169     0.162
645.008     0.567
648.515     -1.134
648.513     -0.648
651.057     1.215
652.014     0.81
652.928     0
655.9     1.215
656.167     2.673
659.367     -0.972
660.782     -2.025
660.733     0.162
663.839     1.377
664.269     0.081
666.862     -0.243
668.09     0.891
668.624     0.162
672.281     -0.486
672.161     0.486
674.513     0.567
676.253     0.324
676.551     0.162
680.523     -1.053
680.381     0.729
682.207     0.324
684.307     0.486
684.46     0.729
688.409     -0.81
688.731     -0.81
689.686     0.891
692.524     0.081
692.871     -0.81
695.885     1.134
696.64     -0.081
698.188     -1.539
700.398     1.053
700.41     1.053
704.152     -0.324
704.252     1.782
705.208     1.134
708.675     0.081
708.784     0.243
711.587     0.567
712.728     -0.162
713.153     0.405
716.577     0.243
717.272     0.324
719.619     0.081
720.455     1.701
721.032     0.972
724.999     -0.567
724.975     1.458
727.4     0.081
729.241     -0.972
730.91     1.053
732.615     0.648
733.052     0.648
734.891     0.648
737.091     0
739.11     -0.81
740.854     0
741.042     0.729
744.986     -0.405
744.784     1.539
746.594     0.486
749.676     -1.377
752.94     -0.324
753.607     -0.891
754.561     -0.324
756.562     0.729
757.476     -0.081
760.871     -0.567
762.093     -2.349
762.15     0.648
764.944     2.187
765.279     1.296
768.532     0.567
769.911     -0.891
770.656     -1.296
773.572     0.243
773.949     0.81
776.123     1.215
777.625     0.567
778.509     -0.972
782.415     -2.511
782.149     0.648
784.04     1.458
785.832     0.405
788.454     -0.324
790.106     -0.486
790.612     -0.972
794.217     -0.972
793.93     0.81
796.032     0.486
798.313     -0.648
798.797     -1.053
801.895     1.053
802.26     1.62
804.008     0.324
806.851     -0.891
808.271     -0.891
811.248     -2.106
812.146     -0.81
814.847     -0.648
814.864     -0.486
818.39     -1.053
818.566     1.134
822.325     -0.81
822.803     0.972
826.169     -0.567
827.389     -1.296
830.14     -0.162
831.449     -0.972
832.032     -1.134
835.83     -2.106
835.698     0.162
838.971     1.296
839.81     0.243
842.247     -0.972
843.537     0.243
845.838     0.081
847.594     -0.243
847.695     0.81
852.01     -1.782
852.346     -1.539
853.749     -0.243
855.823     0.081
857.344     0.729
859.739     1.215
861.497     0.405
863.605     0.648
864.484     -0.486
867.971     -0.567
868.589     -0.243
869.875     -0.81
873.161     -2.025
876.362     -1.782
876.468     0.891
877.449     0.243
880.57     0.648
880.921     2.268
885.521     -2.349
885.282     -1.296
887.681     0.567
889.381     -0.891
892.079     -0.243
893.365     -0.81
893.732     -0.162
897.175     0.243
897.537     -0.729
899.24     2.106
901.367     0.729
902.261     -1.62
905.167     0.729
906.435     -2.025
909.604     0
909.261     2.106
912.538     -2.673
914.306     -0.972
913.798     1.458
918.123     -0.81
918.29     -0.162
918.969     1.458
922.061     0.972
922.93     1.377
925.504     0.648
926.974     -1.134
927.507     -0.081
930.81     -0.405
932.019     -2.025
934.306     1.782
934.359     2.106
937.73     0.162
939.079     -0.729
939.672     -0.405
942.019     4.131
942.678     2.025
946.586     -2.592
947.306     0.648
948.041     -0.81
952.254     -3.159
951.858     -0.081
955.176     1.134
955.528     0.567
957.822     -0.162
959.573     1.377
959.795     1.296
963.447     1.053
964.27     0.081
965.596     0.891
968.64     -1.215
968.988     -2.268
972.411     -1.539
972.718     -0.324
974.129     -0.972
976.217     1.782
977.366     2.025
979.945     0.729
981.134     -0.405
983.769     2.187
984.697     1.62
986.214     -0.243
989.412     -0.243
989.831     -1.539
992.536     -0.324
994.483     -0.729
996.793     -0.81
997.309     1.782
1000.633     0.243
1001.57     1.215
1002.022     1.863
1005.853     0.972
1005.983     2.349
1008.669     0.405
1010.898     -1.944
1011.203     -1.701
1014.394     0.081
1014.892     -0.081
1018.364     0.648
1018.627     0.891
1020.671     0.486
1022.302     1.539
1022.529     2.511
1027.276     -1.134
1027.175     0.405
1028.751     0.324
1032.087     -2.673
1031.834     -0.972
1035.858     -2.997
1035.582     0.243
1036.007     3.159
1039.8     -0.162
1040.786     0.486
1042.667     1.944
1043.863     0.486
1047.014     1.053
1047.79     1.377
1049.349     -1.215
1052.475     -0.486
1052.813     -0.891
1055.764     -1.053
1057.224     -1.863
1058.73     2.916
1059.757     3.888
1061.634     -1.215
1063.636     -0.324
1064.553     2.268
1067.998     -1.134
1069.771     -2.025
1070.107     -1.215
1074.055     -2.43
1074.094     -0.324
1076.296     -1.296
1078.109     -0.972
1077.902     0.648
1081.437     1.296
1081.993     1.215
1083.363     2.268
1086.324     -0.162
1088.42     -1.377
1090.21     0.081
1090.98     -1.053
1095.011     -2.511
1095.025     -0.972
1095.823     1.134
1099.073     -0.081
1099.009     0.729
1101.868     2.592
1103.027     1.458
1103.929     1.215
1107.568     -0.162
1107.792     -0.729
1110.684     0.081
1112.339     -1.62
1113.007     -2.349
1116.171     -0.648
1118.69     0.081
1120.219     0.081
1120.427     1.215
1122.445     1.134
1124.368     0.729
1126.813     0.324
1128.366     1.782
1128.969     0.729
1133.315     -1.458
1133.395     -0.324
1134.902     0.081
1137.382     0
1137.468     0.243
1140.876     1.053
1141.577     0.405
1142.766     1.134
1145.579     0.648
1147.069     0.567
1149.304     0.972
1150.429     -0.81
1151.602     -1.134
1154.676     -1.053
1155.406     -0.081
1157.755     -0.081
1158.781     -0.081
1161.659     1.053
1162.732     0.648
1163.42     0.891
1166.881     1.134
1167.06     1.215
1170.316     0
1171.655     -0.243
1172.143     -0.162
1175.833     -0.729
1176.333     -0.486
1178.49     -0.405
1179.916     0.486
1182.141     1.134
1183.962     0.243
1184.613     -0.081
1187.795     1.782
1188.17     1.377
1190.789     -0.729
1192.632     -0.243
1193.022     0.162
1196.882     -0.405
1197.236     -0.324
1198.776     0.162
1201.377     0.081
1201.541     0.081
1205.16     0.486
1206.097     -0.729
1207.051     0.243
1209.679     1.134
1211.269     -0.162
1213.745     -0.729
1214.512     -0.648
1217.916     -0.486
1218.485     0.567
1219.387     0.486
1222.835     0.324
1223.019     0
1225.73     1.053
1227.079     0.729
1227.69     0.648
1231.24     0.648
1231.596     -0.162
1234.205     0.162
1235.999     -0.81
1236.482     -0.891
1239.945     -0.243
1239.914     0.648
1244.083     0.243
1244.404     1.134
1246.228     1.62
1248.571     0.324
1250.945     -1.134
1252.687     -0.567
1253.23     -0.486
1256.792     0.405
1257.23     0.081
1259.203     -1.215
1261.43     -1.215
1261.59     0.324
1264.818     1.944
1265.252     2.025
1266.944     1.053
1269.938     0.729
1270.473     -0.891
1273.726     -0.162
1274.464     -0.405
1275.573     -0.486
1278.906     -0.81
1278.963     -0.729
1282.323     -0.81
1282.91     0.972
1285.965     1.215
1287.175     0.729
1288.202     -0.162
1290.332     0.567
1291.673     0.729
1295.029     -1.296
1296.401     -0.567
1296.937     -0.891
1300.437     -0.567
1300.631     -0.405
1303.226     -1.215
1305.061     -0.972
1305.162     -0.324
1308.622     0.81
1309.238     0.324
1311.039     0.648
1313.15     0.972
1313.467     0.486
1317.854     -1.782
1317.998     -0.729
1319.323     0.081
1321.975     -0.486
1323.79     -1.053
1326.162     -1.62
1326.59     -0.972
1329.782     0.648
1330.207     1.215
1331.562     0.891
1333.952     0.648
1335.189     -1.053
1338.544     -0.729
1339.563     -1.296
1340.576     -1.134
1343.626     -0.486
1343.803     -0.648
1347.417     -2.592
1348.014     0.243
1348.528     0.729
1352.071     0.486
1352.277     1.944
1354.768     1.296
1357.042     -1.539
1357.445     -1.458
1360.716     0
1361.649     -0.972
1364.054     -1.863
1365.546     -0.972
1369.814     -1.863
1370.086     -1.701
1371.467     0.972
1373.21     1.539
1373.846     1.134
1377.665     0.81
1378.439     0.162
1380.033     0.081
1382.819     -0.81
1383.221     -1.701
1386.897     -1.944
1387.503     -2.349
1388.736     -1.215
1391.291     -0.324
1391.326     0
1394.654     0.972
1395.547     0.648
1396.604     0.486
1399.837     0.405
1401.269     -1.053
1403.812     -1.62
1404.678     -1.134
1407.701     -1.296
1408.921     -2.025
1409.509     -1.134
1412.437     1.134
1412.629     1.053
1415.476     0.891
1416.877     1.053
1417.264     1.377
1421.496     -0.81
1422.329     -1.134
1424.502     -1.134
1426.607     -2.43
1427.077     -2.916
1430.179     -0.891
1430.748     -0.567
1432.429     0.162
1434.363     1.377
1436.3     1.215
1438.628     1.134
1438.964     0.648
1442.94     -0.081
1443.44     -0.567
1445.477     -2.106
1448.183     -1.944
1448.298     -1.944
1451.52     -0.324
1452.373     -0.243
1453.661     -0.567
1455.901     2.025
1456.14     1.539
1460.035     -0.162
1460.61     1.053
1464.344     -0.729
1465.32     -0.972
1466.409     -1.62
1468.704     -1.215
1469.845     -1.053
1473.079     -1.62
1473.824     -0.567
1474.414     -0.162
1477.686     1.296
1477.985     0.81
1481.016     -0.405
1482.383     0
1483.088     -0.729
1486.996     -1.296
1486.835     0.081
1489.437     -0.891
1491.813     -2.268
1492.089     -2.187
1495.245     0.729
1497.141     1.539
1499.129     1.62
1499.98     0.567
1501.397     1.377
1504.206     0.243
1505.822     0.486
1508.317     -0.243
1509.604     -2.43
1512.859     -1.296
1513.408     -1.215
1514.665     -1.377
1516.921     -1.053
1517.604     -0.405
1520.504     1.377
1521.003     2.511
1522.635     0.486
1526.228     -0.81
1526.023     0.324
1529.49     -0.729
1530.758     -1.134
1531.62     -1.863
1535.687     -3.321
1535.924     -1.458
1538.013     -0.891
1539.058     0.972
1541.592     1.62
1543.003     1.701
1543.717     0.891
1545.939     0.729
1548.135     -0.405
1550.309     0.162
1552.814     -1.701
1553.412     -2.916
1557.086     -2.673
1557.38     -2.754
1558.629     -0.243
1560.358     2.106
1562.382     1.296
1564.538     1.134
1564.848     2.43
1566.606     1.458
1569.653     0.162
1569.955     -0.243
1574.302     -3.321
1574.829     -2.43
1575.862     -1.863
1578.821     -1.944
1579.237     0.891
1581.417     1.863
1582.205     2.187
1585.421     2.349
1586.585     1.377
1587.721     0.486
1591.903     -2.43
1592.824     -2.673
1595.228     -2.835
1596.369     -2.106
1596.901     -1.62
1599.67     0.972
1599.639     1.701
1602.142     2.673
1603.644     3.321
1604.19     2.754
1608.472     0.81
1609.471     -0.729
1611.609     -1.215
1613.32     -0.162
1613.908     -1.458
1617.98     -2.754
1617.943     -0.405
1619.669     -0.324
1621.572     1.053
1623.454     1.053
1625.514     2.592
1625.726     2.592
1629.821     0.891
1630.717     -0.648
1632.25     -0.567
1635.422     -1.377
1635.632     -1.62
1639.531     -2.835
1640.131     -2.673
1640.631     -0.243
1642.969     0.162
1643.57     1.458
1646.668     2.268
1647.54     2.025
1648.745     1.377
1652.55     0.081
1652.704     0.162
1655.897     -0.567
1657.706     -2.592
1658.489     -3.321
1661.639     -1.863
1662.232     -1.539
1664.194     -0.405
1665.006     2.673
1665.651     1.62
1669.251     2.025
1670.048     0.972
1672.343     0.243
1674.366     -0.243
1676.901     -1.215
1678.877     -1.863
1679.635     -2.43
1681.423     -2.511
1683.445     -1.944
1684.854     -0.243
1686.713     0.162
1686.645     2.511
1690.613     1.539
1691.251     0.648
1692.448     1.62
1695.054     0.567
1696.436     -1.863
1699.758     -1.458
1700.658     -1.944
1701.892     -2.43
1704.988     -2.43
1705.031     0.891
1707.083     2.187
1707.862     2.997
1708.935     2.025
1712.36     1.701
1713.391     1.134
1716.264     -0.648
1717.9     -2.187
1720.965     -2.754
1722.049     -2.106
1722.469     -1.134
1724.946     -2.025
1725.634     0.972
1727.763     2.754
1729.244     2.754
1730.196     0.891
1734.139     0.081
1734.507     -0.162
1737.015     -1.053
1738.97     -1.944
1740.02     -3.969
1741.8     -3.726
1743.234     -1.134
1744.723     0.405
1747.116     0.648
1747.113     1.458
1750.879     2.268
1751.03     2.43
1755.066     0.972
1755.697     0.405
1757.15     -0.081
1760.351     -1.296
1760.669     -1.944
1764.307     -3.159
1765.005     -2.997
1765.616     -1.215
1768.114     1.458
1768.401     0.972
1771.638     0.648
1772.604     1.215
1773.093     1.701
1777.025     0
1777.356     -0.81
1780.618     -2.025
1782     -2.268
1782.611     -2.511
1786.352     -2.997
1786.417     -1.215
1788.043     0.972
1789.454     1.782
1790.022     0.972
1793.885     0.324
1794.23     -0.081
1796.618     0
1798.752     -0.81
1799.242     -1.782
1803.014     -1.863
1803.52     -2.349
1805.175     -2.43
1807.131     -0.891
1808.793     -0.567
1810.797     0
1811.022     1.134
1814.603     1.134
1815.391     0.162
1816.707     0.324
1819.19     -0.567
1820.384     -2.106
1823.955     -2.592
1824.477     -1.863
1825.501     -1.539
1827.662     -0.81
1828.582     -0.891
1831.801     -0.648
1832.353     0.81
1833.049     1.134
1835.481     0.891
1836.736     0.648
1840.157     -1.053
1841.593     -1.863
1842.27     -1.944
1844.405     -1.62
1845.438     -0.324
1846.114     -0.972
1849.857     -1.215
1850.474     -1.296
1852.25     -0.081
1853.67     1.377
1854.077     1.377
1857.788     1.458
1858.55     0.081
1860.57     -0.486
1862.803     -1.053
1864.938     -1.296
1866.999     -1.377
1867.399     -0.648
1868.805     -0.162
1871.467     -0.81
1872.775     -0.162
1875.721     -0.648
1876.794     0.405
1878.947     0.729
1879.912     0
1883.139     -0.243
1884.157     -0.486
1885.234     -1.134
1887.617     -1.215
1888.67     -1.134
1891.528     -0.972
1892.807     -1.215
1893.328     -0.324
1896.813     0.081
1897.257     -0.81
1899.382     1.053
1900.753     1.377
1901.692     0.243
1905.855     -1.62
1906.125     -1.539
1908.356     -1.053
1910.273     -0.729
1910.518     -0.648
1914.453     -1.539
1914.605     -0.972
1916.175     0.81
1918.764     0
1918.841     0.486
1922.5     0.081
1923.17     0.162
1924.816     -0.729
1927.535     -0.729
1927.933     -1.539
1931.095     0.081
1931.792     -0.486
1933.307     -1.296
1936.178     -0.729
1936.5     -1.458
1939.517     -0.162
1939.93     1.296
1941.214     0.486
1944.903     -0.648
1944.955     -0.567
1948.246     -0.891
1949.323     -0.81
1950.053     -1.296
1953.219     -0.081
1953.516     -0.648
1956.341     -0.405
1957.626     -0.081
1958.343     -0.243
1961.733     0.405
1962.054     1.296
1964.277     0.81
1966.409     -0.081
1966.891     -0.729
1970.845     -1.377
1971.018     -1.296
1972.687     0.729
1975.255     -0.729
1975.365     -0.162
1979.552     -1.296
1979.899     -0.729
1981.554     -1.134
1983.877     -0.648
1983.921     -0.243
1987.795     -0.729
1988.571     -1.134
1989.987     -1.458
1992.682     -0.891
1992.96     -1.296
1996.281     -0.891
1997.269     -1.134
1998.198     -0.567
2001.424     -0.486
2002.42     -0.648
2005.838     -0.972
2006.713     -1.134
2008.784     0
2009.968     -0.162
2010.664     -0.243
2014.307     -0.567
2014.906     -0.081
2017.194     -0.081
2018.844     -0.648
2021.562     -0.324
2023.284     -1.296
2023.416     0.486
2025.552     0.486
2027.66     -0.567
2029.805     0.243
2031.443     0.567
2032.195     0
2036.163     -0.972
2036.479     -1.134
2038.786     -2.592
2040.825     -2.592
2040.902     -0.648
2042.204     0.567
2044.989     -0.405
2046.692     -0.648
2049.343     -0.324
2049.454     -0.081
2053.174     -0.486
2053.565     0.324
2054.871     0
2057.359     -0.405
2058.615     -1.701
2062.097     -1.944
2062.851     -1.701
2063.494     -0.081
2066.802     -0.081
2067.03     -0.324
2070.128     -0.081
2071.081     0.648
2072.046     -0.081
2075.584     -0.081
2076.548     -0.324
2079.15     -1.296
2080.681     -1.782
2081.147     -1.296
2084.998     -2.106
2085.541     -2.025
2087.409     -0.972
2088.928     0
2089.087     1.134
2093.148     -0.162
2093.595     0.324
2095.471     0.162
2097.825     -0.405
2098.235     -1.053
2102.022     -0.891
2102.915     -1.944
2104.637     -2.187
2106.884     -1.053
2106.952     -0.648
2110.527     -0.648
2111.218     -0.324
2112.436     0.162
2115.12     0.567
2116.478     0.891
2118.963     0.243
2120.123     -1.215
2121.471     -1.944
2124.827     -2.673
2125.089     -2.835
2127.879     -0.891
2129.029     -1.701
2133.173     -1.215
2133.175     -0.405
2135.989     0.81
2137.136     0.81
2138.108     0.081
2140.534     -0.324
2142.499     -2.025
2144.913     -0.972
2146.479     -1.539
2147.595     -2.835
2150.995     -1.539
2151.098     -0.81
2153.474     -0.891
2155.264     -1.296
2155.793     -0.891
2157.473     0.162
2159.682     0.162
2162.052     -1.053
2163.991     -0.972
2164.747     -1.215
2166.839     -2.754
2169.155     -2.268
2170.879     -2.268
2172.803     -1.377
2173.226     -0.324
2174.339     0.486
2177.456     -0.324
2178.761     -0.162
2181.227     -0.648
2181.809     0.243
2183.009     0
2186.608     -1.458
2187.869     -1.701
2190.042     -1.134
2191.227     -1.458
2192.259     -2.187
2195.06     -0.081
2196.1     -0.405
2198.318     0.243
2199.734     -0.081
2200.396     -0.081
2204.044     -0.081
2205.142     -1.377
2207.655     -2.106
2209.233     -2.106
2209.447     -1.134
2213.444     -1.782
2214.091     -1.863
2215.867     -0.648
2217.761     -0.081
2218.25     -0.729
2221.442     1.296
2222.242     0.324
2224.433     -0.972
2227.2     -2.268
2227.378     -2.025
2230.938     -1.377
2231.315     -0.081
2232.867     -0.324
2236.117     -2.43
2236.431     -2.673
2239.599     -1.215
2240.159     -0.972
2241.318     -0.081
2244.14     0.648
2244.362     0.567
2248.147     -0.243
2248.983     -0.648
2250.18     -0.81
2253.801     -1.62
2254.029     -1.701
2257.289     -1.863
2258.599     -2.268
2259.271     -1.944
2262.388     0.162
2263.028     0.243
2267.028     -1.215
2267.18     -0.648
2270.056     -0.486
2271.638     -0.567
2272.304     -1.539
2276.135     -1.701
2276.874     -2.106
2279.116     -2.592
2280.852     -2.025
2280.898     -0.81
2284.865     -1.458
2284.863     -0.405
2287.054     -0.243
2289.263     -0.243
2289.498     0.243
2293.593     -0.729
2294.344     -1.863
2296.07     -1.62
2298.424     -0.567
2298.951     -1.863
2302.469     -1.215
2303.209     -1.215
2304.53     -1.296
2307.482     -1.053
2307.272     0.486
2310.932     0.324
2311.926     -0.081
2312.94     -0.081
2316.497     -0.81
2316.323     0.162
2319.915     -0.972
2321.175     -1.782
2322.214     -2.673
2325.542     -1.701
2325.706     -1.701
2328.39     0
2329.595     0.081
2330.56     -0.648
2334.297     -0.891
2334.534     -1.053
2337.32     -0.891
2338.979     -1.377
2339.428     -0.81
2343.292     -0.891
2343.677     -1.377
2346.01     -1.296
2347.865     -0.081
2348.084     0.486
2351.691     0.891
2352.129     0.567
2354.734     -1.053
2356.862     -1.134
2357.345     -0.648
2360.88     0.324
2362.059     -1.458
2363.774     -2.835
2366.194     -1.053
2366.381     -0.891
2370.059     -0.729
2370.346     0.81
2371.641     0.324
2375.322     -1.62
2375.239     -0.648
2378.77     -0.891
2379.409     0.81
2380.243     0.891
2384.458     -1.944
2384.788     -2.43
2387.983     -2.187
2388.792     -0.486
2389.536     -0.567
2393.7     -2.025
2394.082     -1.296
2397.55     -0.324
2398.227     -0.405
2400.664     -1.053
2402.325     -0.729
2404.839     -0.162
2406.636     -0.891
2407.842     -2.592
2411.3     -0.972
2411.413     -0.324
2413.45     0.162
2415.304     0.243
2416.164     -0.567
2420.238     -0.891
2420.392     -0.081
2421.682     1.863
2425.226     -1.296
2425.466     -1.377
2429.137     -1.215
2429.858     -0.891
2431.302     -1.458
2434.304     -1.539
2435.638     -1.215
2438.918     -1.863
2438.958     -1.215
2441.954     0.729
2443.085     -0.324
2444.686     -2.187
2446.874     -1.377
2447.789     -0.486
2451.234     -1.863
2452.92     -2.268
2453.419     -1.863
2457.037     -1.863
2457.05     -0.891
2459.668     -0.648
2461.29     -0.081
2463.774     0.162
2465.532     0.081
2466.695     -1.62
2468.488     -0.81
2470.278     0.081
2473.092     -2.025
2475.36     -2.997
2475.337     -0.567
2479.514     -1.458
2479.719     -0.567
2481.611     -0.81
2483.794     -1.053
2484.218     0.567
2488.509     -1.458
2489.074     -1.458
2490.406     -0.81
2493.33     -0.486
2493.872     -1.539
2497.581     -1.701
2498.379     -1.458
2499.195     -0.81
2499.195     -0.81
2499.193     -0.324
2498.526     0.243
2495.377     -0.0810000000000002
2494.992     -0.162
2492.959     -0.324
2491.275     1.053
2487.809     1.782
2487.736     1.944
2485.806     1.215
2484.965     -0.891
2484.734     -0.729
2481.438     -1.458
2480.829     0.324
2479.079     0.81
2477.229     0.648
2477.15     0.486
2474.018     -0.0810000000000002
2473.556     0.648
2472.11     1.134
2470.027     0.729
2470.036     0.648
2466.978     -0.243
2466.856     -0.81
2463.804     -1.134
2463.25     -0.648
2461.809     1.134
2459.455     1.701
2459.221     0.486
2456.202     0.972
2455.585     1.215
2455.193     -0.162
2452.125     0.486
2452.134     0.567
2449.292     0.729
2448.909     -1.134
2448.353     -1.053
2445.255     -0.972
2444.574     -0.0810000000000002
2442.439     0.162
2441.226     0.729
2439.148     -0.0810000000000002
2437.668     0.324
2437.569     -0.0810000000000002
2433.87     1.296
2434.027     0
2432.234     -0.0810000000000002
2430.691     -0.486
2428.869     -0.162
2427.182     -0.324
2426.687     0.486
2423.186     0.891
2423.081     0.648
2421.711     0.324
2419.143     1.782
2419.131     1.782
2416.446     -0.648
2416.146     -0.729
2415.134     -1.053
2412.557     -0.972
2411.674     -1.053
2409.267     -0.243
2408.173     1.539
2405.184     1.458
2404.651     1.134
2403.823     1.62
2401.283     0.405
2401.785     -1.458
2398.71     -0.486
2396.951     2.673
2396.534     2.349
2394.429     -1.458
2394.204     -2.025
2391.876     -1.215
2389.835     1.863
2387.472     2.187
2386.708     0
2384.735     -0.729
2382.979     -0.243
2380.5     1.701
2378.776     2.43
2379.215     -0.0810000000000002
2377.914     -1.62
2376.043     -1.296
2373.831     0.648
2371.925     0.81
2371.661     0.729
2368.514     -0.0810000000000002
2368.12     0.486
2366.529     1.377
2364.189     1.458
2363.468     -0.162
2361.492     -0.81
2360.597     0.405
2359.67     0.081
2357.103     0.081
2356.287     -0.162
2354.117     -0.0810000000000002
2353.156     1.134
2350.217     0.567
2349.7     0.324
2346.855     -0.162
2345.922     0.081
2345.073     1.377
2343.006     0.729
2342.175     0
2339.673     -0.405
2338.607     -0.324
2337.736     1.782
2334.377     1.701
2334.808     0.243
2332.653     -0.486
2330.863     0.81
2330.693     0.81
2327.559     -0.162
2327.492     -0.729
2325.633     -0.243
2323.646     0.081
2323.438     0.567
2320.048     0.486
2320.258     -1.053
2318.525     -0.243
2316.193     0.648
2314.66     0.729
2312.537     1.134
2312.315     0.648
2309.366     -0.972
2308.765     -0.243
2307.61     0.243
2304.878     0.405
2305.045     -0.405
2301.732     0
2300.779     1.458
2300.153     0.891
2297.348     0.324
2297.12     1.134
2294.523     0.243
2293.758     -0.324
2291.012     0.162
2290.205     -1.134
2289.536     -0.243
2287.503     -0.243
2286.163     0
2283.615     1.134
2282.171     1.134
2282.315     -0.729
2278.594     0.162
2278.112     0.648
2274.584     0.972
2274.611     -0.243
2273.014     -0.243
2270.976     0.162
2270.754     0.405
2267.266     0.486
2266.978     0.567
2265.971     -0.324
2263.66     -0.648
2263.469     0
2259.979     0.567
2259.386     0.972
2258.385     0.81
2256.325     -1.458
2254.885     0.324
2252.516     0.648
2252.135     -0.243
2249.362     -1.296
2248.571     -0.81
2247.503     0.486
2244.371     0.486
2244.733     -0.891
2241.899     -0.486
2240.647     0.567
2240.1     0.891
2236.922     0.243
2237.234     -1.134
2235.029     -1.944
2232.909     0.405
2232.392     1.296
2229.107     0.891
2228.993     0
2227.327     -0.648
2225.716     -0.891
2223.894     0
2221.627     1.377
2222.052     -1.377
2218.773     -1.782
2218.29     -0.972
2216.604     0.162
2214.372     0.405
2213.744     1.053
2210.847     -0.486
2210.448     -0.972
2209.405     -0.405
2206.468     -0.567
2206.605     -0.81
2203.339     0.081
2202.485     0.324
2202.45     -2.025
2199.166     -1.296
2198.019     0.729
2195.995     -0.0810000000000002
2194.859     0.243
2194.383     0
2191.136     0
2190.864     -0.324
2188.361     0.891
2186.93     1.458
2185.025     -0.162
2183.831     -1.377
2183.464     -0.729
2179.685     0.081
2179.166     0.891
2177.489     0.486
2175.72     -0.162
2175.697     -0.486
2171.938     0.729
2171.344     1.863
2168.113     0.891
2168.213     -0.486
2164.923     -1.215
2164.577     -1.215
2160.775     0.162
2160.211     0.729
2159.175     0.243
2157.055     0
2156.545     0
2153.135     0.405
2152.521     0.567
2151.7     0.891
2149.56     0.405
2148.91     -0.162
2146.219     -1.134
2145.031     0
2144.505     -0.486
2141.588     -1.701
2141.243     -0.729
2138.31     0.324
2137.108     0.486
2136.415     1.377
2132.921     1.62
2133.042     0.243
2130.821     0.162
2129.433     -0.324
2129.14     0
2125.829     -0.648
2125.685     -0.972
2124.026     -0.648
2121.443     0.891
2120.01     0.324
2118.027     0
2117.638     0
2113.908     1.377
2113.464     1.701
2112.848     -0.405
2110.677     -2.187
2110.389     -1.539
2106.516     0.648
2106.01     0.405
2105.189     0.162
2102.275     0.162
2102.22     0.324
2099.023     0.567
2097.915     1.377
2095.134     0.81
2094.286     0.486
2093.846     0.405
2091.786     -0.405
2091.016     -1.863
2087.976     -0.162
2086.677     0
2086.13     0.729
2082.53     0.891
2082.611     0.405
2080.183     1.134
2078.614     1.053
2077.083     -1.215
2075.403     -0.972
2074.783     0.081
2073.032     0
2071.204     -0.405
2068.975     0.648
2067.003     0.324
2067.273     -1.053
2063.297     0.567
2062.832     1.377
2061.564     0.486
2059.636     -1.296
2059.488     -0.81
2055.568     1.053
2055.248     0
2052.219     -0.729
2051.512     -0.648
2048.01     0.648
2047.657     -0.648
2046.983     -1.215
2043.36     0.648
2042.662     0.81
2039.75     -0.243
2038.845     0.648
2036.019     -0.729
2035.164     0.405
2032.872     0.648
2031.489     1.053
2029.386     -0.324
2028.106     -0.486
2027.375     0.729
2023.904     0.567
2023.658     0.081
2021.576     0.81
2019.707     1.215
2018.081     -0.243
2016.293     -0.162
2015.888     0.081
2012.172     0.567
2012.151     -0.243
2010.376     0.405
2008.297     0.324
2008.306     -0.891
2004.337     0.972
2003.793     1.053
2002.653     0.891
2000.34     -0.405
1999.023     0.162
1996.641     0.81
1995.927     1.053
1992.886     0.324
1992.345     -0.0810000000000002
1991.578     -0.324
1988.335     0.162
1988.144     0.648
1985.225     0.648
1984.489     -0.324
1981.507     0
1980.413     0.324
1979.946     0.162
1976.64     -0.162
1976.773     -0.891
1974.313     -1.134
1972.873     -0.648
1971.961     0.972
1968.154     2.025
1968.201     0.324
1964.833     -0.567
1964.526     0.243
1962.584     0.243
1960.269     1.296
1960.272     0.648
1956.792     0.405
1956.513     -0.162
1955.06     -0.405
1952.375     0.81
1950.739     1.62
1948.787     0.972
1948.677     -0.324
1945.122     0.648
1944.595     0.486
1941.157     1.134
1940.596     0.891
1939.639     0.567
1936.698     -0.243
1935.967     -0.324
1932.773     0.162
1931.814     0.729
1929.369     1.134
1928.72     -0.324
1925.929     -0.486
1924.498     0.486
1924.096     0.243
1920.771     -0.0810000000000002
1920.102     0.243
1918.203     -0.648
1916.622     0
1913.998     1.053
1912.749     0.162
1912.401     -0.0810000000000002
1908.907     -0.729
1908.785     -0.567
1906.836     -0.972
1904.203     1.458
1902.565     0.567
1901.189     -1.215
1900.622     -0.729
1896.886     0.081
1896.427     0.324
1894.966     0.405
1892.512     0.162
1891.577     -1.134
1889.303     -0.891
1888.446     0.162
1885.266     -0.729
1884.655     -0.486
1883.772     -1.134
1880.741     -0.81
1880.489     0
1876.818     1.701
1876.523     -0.0810000000000002
1876.038     -0.972
1872.68     -0.648
1872.133     -1.215
1869.755     -0.81
1868.275     0.486
1865.464     0.648
1864.287     0.486
1863.943     0
1860.179     0.891
1860.446     -1.296
1858.281     -0.891
1856.165     0.648
1854.334     -0.567
1852.567     -0.405
1851.805     0.972
1849.925     1.377
1848.585     -1.134
1846.281     0.567
1844.276     0.891
1843.941     0.486
1840.166     1.215
1839.85     0.486
1838.282     0.972
1836.159     0.081
1835.302     -1.215
1832.161     -0.405
1832.241     -0.729
1828.893     -0.486
1828.327     -0.891
1827.134     -0.243
1823.961     -0.405
1823.4     -0.648
1820.66     0.729
1819.277     -0.162
1816.159     -0.648
1815.217     0.243
1813.1     0.081
1811.77     0.081
1808.913     1.053
1807.607     0.648
1807.706     -1.134
1803.725     0.729
1803.6     0.81
1801.848     -0.972
1799.638     -0.0810000000000002
1799.195     0.648
1795.863     -0.243
1795.191     0.729
1791.882     -0.405
1792.001     -1.782
1789.798     0.081
1787.41     0
1787.372     -0.243
1783.825     -0.486
1783.098     0.648
1782.159     -0.567
1779.147     0.486
1777.677     1.539
1775.429     1.296
1775.452     -1.134
1772.167     -0.972
1771.161     -0.567
1767.76     0.648
1767.156     -0.162
1766.459     -0.324
1763.092     -0.0810000000000002
1762.102     1.377
1759.935     0.81
1758.958     0.081
1758.251     0.729
1754.88     0.486
1754.642     -0.486
1750.922     -0.0810000000000002
1751.03     -1.053
1748.451     -0.486
1746.855     -0.648
1746.496     -0.324
1742.539     0.81
1742.399     -0.486
1740.616     -0.648
1738.774     -0.891
1736.693     -0.324
1734.636     0.243
1734.511     -0.972
1730.786     -0.729
1730.45     -0.972
1726.721     -0.486
1726.071     0.405
1724.521     0.891
1721.837     0.486
1721.736     0.567
1718.569     -0.324
1717.814     0.162
1716.738     0.486
1714.005     -0.486
1713.257     -1.458
1710.822     -1.296
1709.849     -0.81
1706.659     0
1705.564     0.486
1705.002     -0.162
1701.743     -0.162
1701.005     0.081
1697.712     -0.729
1696.744     0.648
1693.299     0
1693.385     -0.891
1691.04     -0.972
1689.206     -0.243
1688.702     0.486
1685.036     0.648
1684.532     0.648
1682.752     0.243
1680.952     -0.243
1678.921     -0.162
1676.806     -0.243
1676.797     -0.891
1673.223     -1.215
1672.65     -0.729
1671.108     -0.567
1668.562     -0.648
1666.898     0.243
1664.025     0.729
1663.736     1.539
1660.54     0.891
1660.51     -1.296
1659.491     -1.296
1656.42     -1.296
1655.434     -1.377
1652.958     -0.81
1651.92     -0.0810000000000002
1648.853     -0.486
1647.914     -0.81
1646.888     0.486
1643.428     1.215
1643.611     0.324
1640.448     1.215
1639.368     0.486
1636.684     0.081
1635.457     -0.324
1635.095     -0.972
1632.524     0.567
1631.05     0.243
1628.529     0.891
1627.162     -0.972
1626.821     -0.648
1622.881     0.81
1622.195     1.539
1620.582     1.215
1618.531     0.486
1617.012     -0.648
1614.877     -0.243
1614.382     -0.162
1610.825     -0.162
1610.252     0.486
1609.083     -0.891
1606.359     -1.053
1604.661     0.486
1602.342     0.648
1601.751     0.405
1600.652     0.567
1597.789     0.243
1596.746     -0.0810000000000002
1593.792     -0.567
1593.809     -0.972
1590.241     0.324
1589.446     -0.405
1588.614     0.324
1585.198     0.729
1584.839     -0.405
1582.551     -0.567
1581.35     -0.729
1578.431     -0.162
1576.601     -0.243
1574.438     0.243
1572.898     -0.648
1572.593     -0.486
1569.01     -0.567
1568.239     0.162
1564.821     -0.567
1564.426     -0.243
1562.204     1.053
1560.243     -0.0810000000000002
1560.184     -0.567
1556.38     -0.162
1555.737     0.405
1554.464     0.648
1551.916     -0.243
1550.89     -0.81
1548.482     -0.567
1547.737     -0.324
1544.328     -0.0810000000000002
1543.378     0
1540.228     -0.162
1539.227     -0.162
1538.588     -0.405
1534.824     1.053
1534.548     -0.324
1531.085     -0.405
1530.847     0.081
1528.177     -0.243
1526.919     -1.215
1526.299     -0.324
1522.411     0.486
1522.065     -0.243
1520.211     -1.053
1518.189     0
1516.132     -0.891
1514.511     -1.458
1513.889     -0.243
1510.027     0.243
1509.708     0.162
1507.834     0
1505.642     0.162
1505.46     0.162
1501.641     0.324
1501.041     0.729
1499.686     0.486
1497.044     0.243
1496.823     -0.567
1494.831     -0.972
1492.981     -0.567
1490.828     -1.053
1488.589     0.243
1488.351     0.405
1484.975     -0.729
1484.578     -1.377
1480.483     0.162
1480.216     0
1478.59     -0.729
1476.297     -1.053
1476.075     -0.972
1472.204     0.162
1472.04     -1.134
1470.791     -1.458
1467.566     0.324
1466.554     -0.891
1464.208     -0.81
1463.259     -0.324
1459.687     0.486
1459.016     -0.162
1458.515     -1.539
1454.969     -0.486
1451.964     -1.215
1450.947     -0.972
1450.251     -0.729
1446.992     -1.62
1446.809     -1.458
1443.82     -0.81
1442.219     0.162
1441.632     0.567
1437.983     0.891
1437.555     0.081
1434.038     -0.567
1433.827     -0.324
1431.289     0
1429.64     -0.486
1427.37     -0.648
1425.589     -0.729
1425.191     -0.486
1423.098     0.486
1420.689     1.215
1419.198     0
1416.555     0.486
1416.469     0.081
1413.047     -0.81
1412.374     -0.405
1410.851     0.162
1408.921     -2.592
1407.074     -0.81
1404.004     -0.405
1403.983     -0.486
1400.58     -0.243
1399.327     0.972
1398.769     -0.324
1395.792     -1.134
1394.647     -0.162
1392.416     -0.81
1391.107     0.162
1388.02     0.243
1387.153     -0.648
1386.361     -0.162
1382.764     0.081
1382.598     0
1380.038     -0.486
1378.098     1.215
1377.791     0.567
1374.515     -1.215
1373.842     -0.648
1371.679     -0.162
1370.247     -1.782
1367.898     -1.053
1366.041     -1.053
1365.643     -0.972
1361.772     -0.567
1360.624     1.62
1359.091     1.134
1357.145     -0.243
1355.264     0.324
1352.934     -0.405
1352.828     -0.648
1349.285     -0.972
1348.519     -0.648
1347.367     -0.972
1344.008     0.972
1343.114     0
1341.018     -0.972
1340.011     -0.243
1336.819     -0.567
1335.962     -0.243
1335.075     -0.648
1331.646     -0.81
1328.494     -1.053
1327.518     -1.377
1326.359     -0.0810000000000002
1322.88     0.081
1322.673     0.243
1319.854     0.324
1318.667     -1.053
1318.261     -1.215
1314.4     -0.324
1313.783     -0.0810000000000002
1311.861     -0.729
1309.914     -0.162
1308.066     -1.701
1305.543     0
1305.299     0.162
1301.869     -1.134
1301.56     -1.134
1299.231     0.405
1296.987     0.081
1295.892     -2.025
1293.404     -0.891
1292.727     -0.81
1289.211     -1.215
1288.65     -1.134
1287.027     -0.0810000000000002
1284.52     -1.377
1284.377     -1.215
1280.72     -0.486
1279.611     0.486
1276.482     -0.324
1275.599     -0.243
1274.956     -1.134
1271.39     -0.324
1271.207     -0.162
1268.227     -0.891
1267.203     -1.215
1266.451     -0.81
1262.953     -1.053
1262.061     -0.324
1259.566     0.405
1258.128     0.243
1255.827     -1.053
1254.002     -0.0810000000000002
1253.44     0.729
1250.467     -2.349
1249.974     -1.296
1246.989     1.134
1245.614     -1.539
1243.541     -1.458
1241.308     -0.324
1240.595     0.324
1237.685     -2.511
1237.109     -1.944
1234.794     0
1232.364     -0.243
1231.363     -2.43
1228.945     -1.782
1227.423     1.215
1224.228     -0.324
1223.827     -0.891
1222.635     -0.243
1219.671     -1.215
1219.603     -1.62
1216.464     -1.458
1214.929     -0.162
1214.208     0.243
1211.315     -2.43
1210.222     -0.972
1207.673     0.324
1206.334     -0.162
1202.392     -0.81
1201.817     -0.567
1199.788     -0.243
1197.804     -0.405
1195.776     -0.972
1193.821     -0.81
1193.045     0.324
1189.819     -1.62
1189.538     -1.863
1187.573     -0.891
1184.855     -0.486
1184.63     -0.324
1180.98     -0.567
1180.421     -1.296
1176.632     0.486
1175.595     1.053
1175.441     -1.944
1171.831     -0.972
1171.602     -0.567
1168.59     -0.81
1167.388     -0.81
1164.108     0.243
1162.821     0.405
1162.375     -0.243
1160.068     -0.243
1158.412     0.324
1156.031     -0.648
1154.492     -1.458
1153.916     -0.729
1150.027     0.243
1149.638     -0.486
1145.779     -0.0810000000000002
1145.466     0
1143.843     -1.377
1141.449     -0.891
1140.932     0.162
1137.233     -0.0810000000000002
1136.316     0.81
1133.103     -0.891
1132.647     -0.729
1130.86     -0.0810000000000002
1128.481     -1.539
1128.26     -1.053
1124.545     -0.891
1124.063     -1.701
1120.397     -0.972
1119.623     -0.891
1118.141     0.567
1115.84     0
1115.064     -0.729
1111.533     0.243
1110.961     -1.62
1110.294     -1.782
1106.82     -1.296
1106.192     -1.944
1103.757     -1.782
1102.204     -1.215
1099.375     -1.215
1098.067     -1.134
1097.057     0.081
1093.243     0.729
1092.756     0.162
1091.042     -1.215
1089.294     -1.377
1086.598     -0.324
1084.734     -0.162
1084.335     -0.486
1080.461     -0.324
1080.263     -0.648
1078.008     0.567
1075.708     -0.891
1071.682     0.324
1071.01     1.296
1069.554     0.405
1067.346     -1.215
1065.736     -0.891
1063.325     -0.567
1062.841     -1.62
1059.198     -1.458
1058.233     -0.729
1057.173     -0.648
1053.981     -0.81
1052.476     0.648
1049.93     1.134
1049.216     0.081
1045.853     0.81
1045.12     -0.972
1044.569     -1.296
1041.001     -1.458
1040.322     -1.62
1037.888     -1.62
1036.306     -0.81
1033.828     -1.782
1032.085     -0.729
1031.157     0.405
1027.38     0.729
1027.082     0.891
1025.523     -2.025
1023.371     -1.215
1020.962     -0.648
1019.286     -1.377
1018.549     -0.729
1014.607     -0.0810000000000002
1013.777     1.053
1012.249     0.729
1010.006     -0.0810000000000002
1008.332     -0.405
1006.222     -0.729
1005.455     -0.243
1001.878     -0.648
1001.443     -1.701
1000.156     -1.701
996.911     -0.891
995.556     -0.405
992.995     0.162
991.981     0.324
988.734     0.162
987.939     -0.567
987.074     -0.648
983.734     -0.891
983.038     -1.215
979.599     -1.863
979.417     -1.863
976.532     -2.106
974.657     -0.243
973.845     0.891
970.312     0.162
969.961     -0.729
966.149     -0.567
965.87     -0.567
963.199     0
961.737     -1.458
959.313     -0.972
957.301     -1.053
957.177     -1.701
953.247     -1.053
950.724     -0.0810000000000002
947.912     0.243
944.299     -0.162
943.799     -0.972
940.077     -0.648
939.552     -0.729
938.026     -0.0810000000000002
935.341     -1.053
935.341     -1.62
931.589     -0.729
930.767     -0.81
927.054     0.162
926.105     0.486
925.161     0
921.915     -0.486
921.138     -1.053
917.539     -0.486
917.27     0
914.222     -0.567
912.889     -0.324
912.218     -0.243
908.985     -1.458
907.973     -0.324
903.842     1.215
903.728     0.729
901.562     -0.162
899.503     0.162
897.588     -1.215
895.521     -0.405
894.978     -0.486
891.212     -0.405
890.999     -0.972
889.218     -1.944
886.565     -1.053
886.001     0.243
882.279     -0.162
881.755     -0.405
880.304     -0.243
877.611     -0.891
876.629     -2.349
873.112     -0.405
871.978     -0.729
869.473     -0.324
868.916     -1.539
865.458     -1.134
864.28     -0.405
863.449     -0.405
860.071     -0.324
858.998     0.081
856.803     -0.567
855.421     -0.324
852.195     0.486
850.961     0.243
848.314     -1.053
846.993     -0.972
846.609     -1.944
842.586     -0.81
841.564     0.405
839.535     0
837.694     -0.0810000000000002
835.622     -1.053
834.038     -1.782
833.166     -0.81
829.191     -0.243
828.667     -0.486
825.491     -2.916
824.788     -1.944
822.052     1.377
819.816     -0.891
818.419     -1.296
815.795     -1.701
814.011     -0.405
811.1     -0.162
810.129     -1.782
807.821     -2.025
806.997     -2.349
803.425     -1.701
802.007     -0.162
801.076     -0.243
797.745     0
797.459     0.324
795.021     -2.187
793.136     -0.0810000000000002
789.946     0.729
788.92     0
788.425     -1.377
784.78     -1.134
783.658     0.567
781.394     0.567
780.207     -1.377
777.55     -0.972
775.467     0.648
774.872     -0.0810000000000002
771.558     -1.539
770.698     -0.567
768.721     -0.162
766.869     -1.458
764.46     -0.162
762.446     -0.324
762.291     -1.863
758.451     -1.62
757.422     -0.0810000000000002
756.359     -1.377
753.678     -1.701
752.125     -1.863
749.446     -0.648
748.607     -0.324
745.459     -1.701
744.83     -2.187
743.091     -0.0810000000000002
740.182     -1.62
740.277     -2.592
736.83     -2.025
735.104     0.486
732.121     -0.162
731.172     -0.567
730.637     -1.701
726.894     -1.458
726.321     -0.0810000000000002
723.298     0.486
722.49     -1.944
721.986     -1.944
717.81     -0.648
716.917     0.243
715.145     -1.053
713.006     0
710.767     -0.729
709.09     -0.972
708.56     -1.215
704.54     -0.891
703.647     0.567
701.712     1.134
699.716     -0.486
698.336     -2.187
695.827     -0.81
694.832     0.486
691.533     -1.053
690.801     -0.0810000000000002
687.123     -0.81
686.126     0.081
685.114     -0.81
681.989     -0.405
680.735     -0.891
677.655     -0.972
677.317     -0.162
673.989     -0.405
672.91     0
671.882     0.486
668.725     -0.81
667.934     -1.053
665.353     -0.567
663.724     0.486
661.248     -1.539
659.7     -0.81
658.906     0.162
655.467     -1.053
654.721     -0.324
652.4     0.162
650.918     -0.972
648.572     -1.782
646.064     -0.162
645.765     -0.405
642.106     -0.567
641.698     -1.134
639.93     -1.377
637.213     -0.405
635.447     -0.567
633.37     -0.972
632.556     -0.0810000000000002
629.032     -0.567
628.296     0.324
626.976     -0.324
624.266     -0.972
622.872     -0.891
620.438     -0.729
619.54     -0.891
616.429     -2.268
615.478     -1.296
613.986     -0.162
610.889     -1.296
609.871     -0.891
607.172     0.081
605.927     0.243
603.044     -0.648
601.878     -0.324
601.201     -1.134
597.746     -1.377
597.438     -0.972
592.903     -0.243
592.669     -0.162
590.267     -1.215
588.234     -0.648
587.513     0.648
583.931     0.081
583.241     0.324
579.924     -1.215
579.599     -1.134
577.038     0.162
575.052     -0.972
573.072     -0.648
571.145     -1.296
570.304     -0.486
566.52     -0.729
566.019     -0.486
564.256     0.162
561.607     -0.0810000000000002
561.678     -1.053
557.461     -1.215
556.061     -1.134
552.918     -1.296
552.665     -1.053
549.383     -1.539
548.195     -1.134
544.831     -0.81
543.671     0.081
542.749     -0.243
539.117     0.405
538.471     -0.405
534.997     -0.648
534.369     -1.296
532.352     -2.268
530.71     -2.187
527.357     0.324
525.757     0.405
525.449     -0.648
521.619     -0.486
520.719     0.567
518.889     -0.0810000000000002
517.033     -1.134
514.659     -0.405
512.933     -1.215
512.624     -1.944
508.304     -0.243
507.78     -0.486
506.335     -1.215
503.567     -0.486
501.808     0.081
499.474     0.162
498.949     -0.648
495.063     0.405
494.64     -0.648
493.831     -2.511
490.288     -0.81
488.841     -0.162
486.557     -0.567
485.659     -1.134
482.22     -0.486
481.391     -0.972
480.486     -0.81
476.764     -0.486
476.016     -0.891
473.723     -1.215
472.663     -2.43
469.748     -2.106
467.941     -0.405
467.152     -0.405
463.944     -1.782
463.007     -0.567
460.956     -1.296
458.842     -0.972
456.061     0.648
454.375     0.324
453.913     -0.0810000000000002
450.375     -1.134
450.112     -1.215
448.002     -0.972
445.582     -0.891
443.923     -1.134
441.825     -1.458
441.148     -1.539
437.19     -0.648
436.603     -0.405
435.24     -1.053
432.353     -1.377
431.188     -1.539
427.638     -1.134
426.743     -1.215
423.476     -1.458
422.224     -0.405
418.759     -0.567
418.681     -0.729
415.596     -1.134
414.298     -1.296
411.354     -1.296
409.66     0.162
409.17     -0.891
405.445     -0.648
405.233     -2.106
402.925     -1.62
400.718     -0.0810000000000002
398.331     -0.486
396.47     -0.972
396.104     -0.648
392.323     -0.81
391.661     -0.648
389.754     -0.324
387.774     -1.458
386.171     -2.754
383.604     -2.754
383.138     -1.782
378.986     -0.324
378.145     0.486
377.099     -0.486
374.496     -2.106
373.193     -2.43
369.407     0.729
369.416     -0.0810000000000002
366.207     -1.134
365.332     -1.701
361.812     -1.134
360.939     -1.296
359.795     -0.648
356.35     -0.405
356.336     -0.81
353.434     -1.377
351.755     -0.405
349.075     -1.053
347.698     -1.215
347.014     -0.972
343.618     -1.62
343.356     -1.458
340.634     -0.81
339.003     -1.863
336.517     -1.215
334.746     -1.377
334.135     -1.134
330.01     0.243
329.366     0.405
325.86     -0.648
325.62     -1.296
323.931     -1.134
321.2     -1.134
320.814     -0.324
317.283     -0.648
316.771     -1.62
313.073     -1.134
312.214     -0.486
310.581     0.972
307.789     -0.324
307.183     -2.106
303.875     -1.944
303.407     -1.215
299.712     0.648
298.456     -1.539
296.014     -1.215
294.738     -1.458
291.901     -1.701
289.917     0.162
287.343     -0.405
286.031     -0.81
285.332     -0.648
281.569     -0.648
280.691     0.162
278.798     -0.567
277.017     -0.81
275.266     -2.754
273.324     -2.187
272.645     -1.62
268.423     -0.243
267.724     -0.0810000000000002
266.125     -0.162
263.891     -0.729
262.001     -0.243
259.13     0.648
257.795     -0.243
255.84     -1.377
255.51     -2.349
251.682     -1.377
250.922     -1.053
249.523     -0.405
246.579     -1.134
245.406     -0.648
242.901     -0.405
241.731     0
238.379     0.324
237.474     -0.243
236.952     -0.972
233.723     -1.701
232.805     -1.377
230.344     -0.729
229.313     -1.62
226.213     -0.648
224.424     0.324
223.919     0.648
220.279     0.324
219.886     0
216.43     -0.972
216.372     -1.62
214.007     -1.215
212.216     -1.944
211.902     -1.701
207.953     -0.729
207.546     -1.296
203.569     -0.405
203.109     0
201.547     -0.243
199.032     -0.486
199.137     -1.539
195.313     -0.81
194.448     -0.162
191.252     -1.377
191.011     -2.592
189.15     -0.324
186.256     -0.486
186.163     -0.729
182.519     0.324
181.961     -1.134
178.667     -0.729
177.726     -0.729
176.947     -0.405
173.719     -1.134
173.074     -1.539
169.556     -1.458
168.842     -1.215
165.404     -1.458
164.64     -0.729
162.274     0.243
160.669     0.162
158.36     0.081
156.52     0.243
156.319     -0.162
153.003     -1.296
152.545     -1.215
149.186     -2.025
148.857     -1.863
146.983     -1.458
144.493     -1.134
143.011     -1.539
140.781     -1.053
140.168     -0.486
136.648     -0.486
136.171     -0.405
135.168     -0.81
132.499     -1.701
131.545     -2.268
128.391     -1.458
128.334     -1.539
124.764     0.081
124.233     -0.567
123.545     -0.81
120.192     -0.324
119.629     -0.648
116.329     -0.243
116.418     -0.486
113.927     -1.458
112.877     -2.025
112.525     -2.025
108.909     -1.053
108.187     -0.324
104.898     -0.648
104.565     -0.81
102.629     -0.81
100.866     -0.324
99.2400000000001     -1.782
97.3420000000001     -1.377
97.2590000000001     -1.296
93.7600000000001     -1.215
93.9550000000001     -2.835
92.1700000000001     -1.944
89.7060000000001     -0.81
88.3210000000001     0.243
85.8050000000001     0.324
85.7180000000001     0.648
82.9170000000001     -0.729
82.7870000000001     -2.268
79.8750000000001     -2.43
79.2430000000001     -2.43
78.3390000000001     -1.701
75.1710000000001     -1.134
75.2200000000001     -1.296
72.1240000000001     0.162
71.3410000000001     0.162
68.5460000000001     0.81
67.6900000000001     0.243
67.6060000000001     -0.648
64.4540000000001     -1.053
64.5890000000001     -1.215
62.5200000000001     -1.539
61.3340000000001     -2.187
58.9550000000001     -1.053
57.5230000000001     -1.053
55.4950000000001     -0.324
54.0260000000001     -0.162
52.2170000000001     0.567
50.5420000000001     0.567
50.5780000000001     0
47.7550000000001     -1.458
47.7690000000001     -1.782
46.5280000000001     -1.863
44.2710000000001     -1.296
43.5800000000001     -2.349
41.6960000000001     -2.43
41.1990000000001     -1.296
37.8060000000001     0.162
37.5630000000001     0.162
36.7760000000001     -0.162
34.2290000000001     -0.0810000000000002
33.9410000000001     -0.729
31.7150000000001     -1.944
31.7520000000001     -1.944
29.0270000000001     -1.377
28.6100000000001     -1.863
28.3000000000001     -2.43
25.3500000000001     -2.43
24.7810000000001     -1.296
21.7220000000001     -0.729
22.0060000000001     -1.134
19.9290000000001     -1.377
18.9100000000001     -0.972
16.5100000000001     0.405
15.7200000000001     -0.891
15.7170000000001     -0.81
12.8120000000001     -1.296
12.7950000000001     -0.891
11.1380000000001     -0.891
9.96600000000012     -1.458
8.04900000000012     0.243
6.52600000000012     0.081
7.02400000000012     -1.377
3.63900000000012     -0.243
3.77200000000012     -0.243
2.73400000000012     -0.81
0.474000000000117     0.243
0.223000000000116     -2.025
-1.72299999999988     -1.782
-1.83499999999988     -1.296
-4.71699999999988     -1.458
