Distance_nm     Force_uN
-0.016     -0.1881
2.569     -0.3762
4.913     0.627
9.92     0.9092
12.192     0.5957
17.021     -0.0941
19.402     -0.4703
24.169     -0.4389
28.941     0
31.265     -0.0627
36.032     -0.3135
38.282     -0.2508
43.143     -0.5643
45.399     -0.3449
50.234     0.5643
54.969     0.9405
57.308     0.627
62.185     0
64.482     -0.3762
69.291     -1.5362
74.006     0.7838
76.423     1.7557
81.18     3.6054
83.53     5.8314
88.328     14.1396
93.116     23.5451
95.538     26.9624
100.206     37.4025
102.634     40.0047
107.422     50.3821
109.818     54.2384
114.638     60.1952
119.347     68.5974
121.859     72.9239
126.547     85.2138
128.954     88.5371
133.742     95.0896
138.462     104.0248
140.932     109.9502
145.636     116.7222
150.414     124.5915
152.732     128.6985
157.577     140.957
160.01     145.2522
164.803     156.6328
167.33     160.8967
172.019     170.1141
174.484     174.0644
179.277     181.965
181.731     186.1034
186.513     196.9824
191.296     203.9738
193.724     208.896
198.606     221.8756
201.101     226.0767
205.889     233.3817
210.808     239.9342
213.267     247.6153
218.06     257.397
220.535     261.1592
225.505     267.9939
228.038     272.8221
232.784     282.1649
240.203     292.3855
242.73     296.4299
247.628     305.5532
250.171     309.8484
255.094     318.9403
259.934     327.4366
262.451     332.9545
267.385     340.4162
269.99     345.8401
274.773     355.998
277.279     360.8261
282.151     369.2597
287.137     382.6155
289.638     388.8859
294.494     396.9119
297.052     401.7714
301.981     408.8569
306.983     417.071
309.353     422.9651
314.24     432.4647
319.357     442.6539
321.749     448.2972
326.683     459.1449
329.058     463.1266
334.118     470.745
336.598     474.758
341.527     485.6684
346.471     493.7258
348.857     498.5853
353.932     507.3951
356.371     512.5681
361.237     521.3152
366.38     532.2883
368.818     534.1694
373.93     540.8473
376.342     546.0203
381.469     560.2853
386.429     567.0886
389.03     572.293
394.214     583.4229
396.632     588.784
401.795     597.97
406.844     607.062
409.408     612.3604
414.452     620.4805
419.48     632.2687
422.127     635.9682
427.176     654.1522
429.823     657.9457
434.882     668.8875
440.072     679.8605
442.667     685.3784
447.648     693.2163
450.332     698.0758
455.339     708.8608
460.503     718.1722
463.098     722.8436
468.225     732.4372
470.836     738.4254
475.984     747.925
481.179     757.6753
483.691     763.0992
488.713     771.4387
491.24     776.2355
496.404     785.641
501.662     794.1686
504.121     798.3384
509.421     809.9072
511.932     814.5472
517.19     823.0435
519.696     829.1571
524.829     841.3842
530.097     850.0686
532.681     855.0849
537.866     862.7974
543.056     872.391
545.646     879.1316
550.862     888.9133
553.431     893.6474
558.782     903.3664
563.889     911.9254
566.578     916.8163
571.71     927.8207
574.31     935.1884
579.573     944.782
584.68     954.9399
587.337     960.2383
592.512     971.4622
595.148     978.2655
600.229     986.6991
605.434     995.9165
608.014     998.456
615.678     1009.335
620.806     1017.5805
623.479     1022.3146
628.643     1033.3817
633.77     1042.2229
636.464     1049.7159
641.633     1060.3128
644.306     1066.3637
649.418     1075.1735
654.608     1087.3379
657.177     1092.8558
662.398     1102.7316
664.998     1107.8733
670.188     1114.2376
675.467     1125.0853
678.046     1129.2864
683.293     1139.0368
688.582     1151.5148
691.115     1157.3775
696.352     1166.4068
698.832     1173.5863
704.157     1189.2621
706.611     1193.5573
711.822     1205.3455
717.106     1212.337
719.701     1216.7262
725.016     1225.9122
727.507     1230.2387
732.801     1240.5221
737.73     1250.0843
740.356     1254.8811
745.635     1266.8575
748.089     1271.4035
753.509     1282.2511
758.719     1290.9042
761.351     1298.0524
766.692     1308.0849
769.251     1311.9098
774.555     1322.4439
779.756     1334.5457
782.439     1340.6593
787.687     1351.695
790.297     1355.4259
795.681     1362.8562
800.86     1372.9515
803.601     1378.2812
808.833     1390.1949
811.537     1393.2046
816.816     1403.2058
822.053     1413.5832
824.742     1418.2859
830.042     1429.6979
835.414     1440.7651
838.004     1446.0008
843.382     1456.5663
846.045     1460.8928
851.229     1471.3329
856.68     1484.0931
859.202     1489.0153
864.664     1500.2705
869.979     1511.4003
872.631     1516.3226
877.983     1525.2891
883.272     1539.1466
886.008     1544.0688
891.323     1553.0667
894.023     1559.9013
899.39     1568.4917
902.006     1573.602
907.41     1585.3275
910.01     1589.2778
915.524     1601.5677
920.808     1613.3246
923.57     1617.4003
928.885     1624.7679
931.563     1630.6934
936.931     1643.2967
942.366     1653.1725
945.112     1658.5336
950.386     1670.5413
953.158     1675.683
958.547     1685.8096
961.267     1691.0766
966.671     1699.667
971.991     1710.1071
974.738     1716.0012
980.037     1724.8737
982.805     1731.7397
988.13     1747.6037
990.908     1753.7799
996.02     1764.0946
1004.18     1773.7196
1006.854     1780.4602
1012.367     1793.3457
1015.056     1797.296
1020.471     1806.0745
1025.843     1817.5806
1028.543     1823.8509
1034.098     1833.4445
1036.709     1838.5548
1042.201     1849.183
1044.854     1854.3247
1050.399     1866.0816
1055.813     1876.4903
1058.497     1882.886
1064.031     1894.8624
1066.762     1900.0354
1072.234     1910.6009
1077.648     1921.2605
1080.452     1925.8692
1085.856     1937.9082
1091.396     1948.5678
1094.195     1953.0824
1099.572     1965.7485
1102.371     1971.4231
1107.78     1983.0232
1113.205     1992.5228
1115.967     1997.978
1121.402     2008.1672
1127.026     2018.1684
1129.762     2024.4701
1135.244     2036.2897
1137.886     2041.9016
1143.478     2054.3482
1149.018     2062.8759
1151.738     2068.0802
1157.314     2081.5301
1162.864     2093.0048
1165.642     2097.9897
1171.176     2110.5617
1173.975     2114.1358
1179.499     2123.4786
1184.898     2134.8593
1187.743     2140.722
1193.294     2153.0119
1196.129     2158.6865
1201.59     2170.0045
1207.109     2179.7548
1209.892     2185.3354
1215.432     2196.9042
1218.262     2202.2653
1223.749     2214.1162
1229.341     2224.5877
1232.187     2230.6072
1237.664     2240.9532
1243.214     2252.5533
1245.877     2256.4723
1251.615     2267.2573
1254.34     2272.0854
1259.938     2282.3061
1262.747     2290.0186
1268.239     2302.4965
1273.946     2311.8393
1276.609     2317.4199
1282.237     2328.0795
1284.958     2339.1153
1290.581     2351.217
1296.215     2362.5976
1298.925     2367.802
1304.626     2378.7437
1310.161     2386.8638
1313.017     2393.6985
1318.65     2406.7721
1321.423     2412.3527
1327.109     2423.9842
1329.86     2431.6653
1335.546     2442.7638
1341.138     2451.3228
1344.005     2455.9942
1349.607     2468.3154
1352.432     2474.429
1358.196     2485.5902
1360.948     2491.8918
1366.733     2502.5201
1372.403     2514.2142
1375.301     2520.61
1380.935     2532.2728
1383.78     2538.7312
1389.607     2550.4254
1395.225     2563.3109
1398.065     2567.1045
1403.49     2579.7078
1409.155     2590.4301
1414.904     2595.2582
1420.626     2604.9459
1426.234     2620.2455
1429.194     2625.1991
1434.771     2637.0813
1437.731     2642.9127
1443.422     2653.635
1446.289     2660.1875
1451.949     2673.4493
1454.747     2678.7163
1460.423     2688.4667
1466.103     2697.9976
1471.894     2711.8864
1474.724     2719.4421
1480.347     2729.7255
1486.179     2739.7893
1488.936     2745.2759
1494.617     2755.81
1497.431     2761.9236
1503.2     2773.8686
1508.604     2785.5314
1514.384     2797.8212
1517.251     2802.9002
1522.958     2815.2841
1525.829     2820.6766
1531.588     2830.8345
1534.423     2837.1049
1540.151     2847.3569
1545.926     2861.5592
1548.818     2867.2965
1554.598     2877.4231
1557.439     2883.2231
1563.187     2897.206
1568.868     2909.0883
1571.854     2913.258
1577.509     2926.6765
1580.501     2932.1944
1586.307     2944.3589
1589.231     2950.8486
1594.922     2968.0921
1600.66     2979.6608
1603.662     2984.8965
1609.359     2996.0264
1615.133     3010.3541
1621.059     3022.7066
1623.868     3027.7229
1629.727     3037.9749
1632.557     3043.4928
1638.457     3057.6637
1644.351     3068.9817
1647.202     3071.4271
1653.076     3084.8456
1655.89     3090.7711
1661.858     3104.2523
1667.706     3116.887
1670.604     3121.0568
1676.493     3132.1552
1679.318     3138.8331
1685.234     3149.6495
1691.071     3165.6075
1694.042     3169.9653
1699.911     3182.9763
1705.743     3195.9872
1708.745     3200.5959
1714.577     3212.0706
1717.621     3219.0934
1723.375     3230.5681
1729.27     3243.2028
1732.23     3248.6266
1738.062     3261.0732
1744.009     3272.9242
1746.954     3277.9091
1752.87     3287.1892
1758.895     3303.2098
1761.735     3309.1353
1767.734     3319.0424
1770.585     3326.8176
1776.501     3338.6372
1779.347     3343.2773
1785.372     3355.3163
1791.225     3369.6126
1794.196     3374.817
1800.169     3386.3858
1806.032     3397.7664
1809.04     3404.2249
1814.908     3414.665
1817.884     3419.4931
1823.811     3432.1905
1826.687     3440.0598
1832.697     3452.0361
1838.561     3462.4135
1844.607     3469.0601
1850.58     3482.9175
1856.563     3496.8063
1859.524     3503.2334
1865.471     3514.2378
1868.39     3521.0725
1874.446     3532.9861
1877.412     3537.971
1883.406     3552.0479
1889.311     3564.6513
1892.308     3570.3886
1898.26     3582.8979
1904.171     3596.0656
1907.319     3600.5175
1913.24     3617.7923
1916.326     3624.2507
1922.205     3634.7222
1928.22     3646.0715
1931.285     3652.0283
1937.132     3665.0392
1940.223     3671.1215
1946.082     3684.0697
1952.196     3693.8514
1955.161     3700.9055
1961.286     3715.5154
1964.309     3718.776
1970.198     3731.4734
1976.391     3746.0833
1979.299     3751.4757
1985.455     3760.6931
1991.512     3777.3095
1994.435     3784.5831
2000.555     3794.3961
2006.591     3806.5919
2009.64     3813.1758
2015.644     3824.337
2018.704     3831.5478
2024.802     3841.0788
2030.833     3855.5319
2036.921     3870.2044
2039.965     3875.9731
2046.084     3888.6706
2052.224     3901.901
2055.179     3908.5475
2061.387     3921.4017
2067.528     3934.0677
2070.478     3939.1467
2076.649     3947.2041
2079.625     3953.0668
2085.755     3966.9556
2088.71     3973.4768
2094.96     3988.6196
2101.142     4000.0943
2104.113     4008.1203
2110.284     4020.1594
2113.266     4026.1789
2119.406     4038.5628
2125.468     4049.5672
2128.569     4055.43
2134.621     4066.4658
2137.607     4073.6139
2143.815     4087.44
2149.893     4096.7201
2153.052     4101.7991
2159.072     4114.9041
2162.131     4123.6825
2168.23     4136.6621
2174.406     4148.1682
2180.526     4160.6461
2183.57     4167.1046
2189.752     4181.9025
2192.796     4188.988
2198.915     4199.8984
2205.17     4215.6996
2208.167     4221.6251
2214.318     4234.9809
2220.51     4248.3053
2223.575     4253.1648
2229.741     4265.4233
2232.686     4271.9445
2238.972     4293.2322
2245.107     4302.481
2248.177     4308.281
2254.323     4320.759
2257.393     4326.5277
2263.59     4339.5073
2269.668     4352.769
2272.764     4359.541
2278.957     4372.9595
2285.044     4388.0396
2288.203     4394.3727
2297.236     4405.1263
2300.296     4410.8009
2306.566     4425.0346
2312.665     4437.4185
2315.787     4445.1937
2321.933     4457.7344
2327.78     4469.742
2330.892     4474.0999
2337.022     4486.0449
2340.144     4491.406
2346.311     4506.204
2352.367     4520.0301
2355.589     4525.7988
2361.718     4537.587
2367.911     4550.0023
2371.028     4557.3072
2377.288     4568.6565
2380.421     4574.5506
2386.65     4588.941
2392.884     4602.7984
2395.912     4609.2255
2402.287     4622.2051
2405.352     4628.256
2411.722     4638.1004
2418.082     4652.773
2424.269     4669.6715
2427.496     4675.7851
2433.803     4687.2598
2436.962     4693.1852
2443.175     4705.0675
2449.435     4718.925
2455.716     4730.3997
2458.839     4737.6419
2465.083     4752.6907
2468.289     4760.027
2474.414     4772.693
2480.752     4784.4499
2483.822     4791.8802
2490.156     4806.4274
2496.573     4818.3724
2502.786     4832.7628
2506.075     4839.2839
2512.383     4852.4203
2515.541     4858.189
2521.828     4870.3221
2528.166     4882.9254
2531.403     4889.9169
2537.716     4902.8651
2540.953     4910.8598
2547.302     4923.2123
2553.599     4935.6276
2556.81     4941.8979
2563.128     4955.5359
2566.328     4962.2765
2572.63     4974.629
2579.032     4998.7384
2582.452     5004.6012
2581.621     5002.0931
2576.75     4991.3081
2574.39     4985.9783
2569.524     4977.7642
2564.47     4966.3835
2562.146     4963.3738
2557.243     4952.3693
2552.403     4944.8763
2549.955     4938.2611
2545.088     4928.2286
2540.212     4917.569
2537.669     4911.8317
2532.892     4900.2629
2528.093     4888.2552
2525.592     4884.5557
2520.747     4876.6551
2515.787     4865.1804
2513.401     4860.9479
2508.524     4855.2106
2503.527     4845.4916
2501.193     4839.0331
2496.28     4828.06
2491.315     4817.9962
2488.939     4812.9799
2484.036     4806.3961
2479.196     4796.3322
2476.685     4790.5635
2471.824     4780.1234
2466.859     4771.0941
2461.919     4760.2778
2459.575     4754.6031
2454.547     4746.2949
2452.145     4742.7836
2447.274     4731.6851
2442.193     4724.9131
2437.27     4711.7454
2434.826     4707.513
2429.829     4699.1107
2425.015     4691.022
2422.494     4685.6609
2417.633     4669.6715
2415.006     4665.972
2410.104     4656.6919
2405.185     4644.6842
2402.648     4639.4172
2397.792     4627.4408
2395.181     4622.3619
2390.216     4613.8969
2385.235     4604.0839
2380.16     4592.86
2377.758     4586.1821
2372.636     4577.2782
2370.208     4572.8576
2365.133     4564.8002
2360.058     4553.2001
2355.093     4542.0076
2352.555     4538.214
2345.021     4530.1253
2342.614     4525.5166
2337.508     4514.3868
2332.469     4503.6332
2329.916     4497.8958
2324.794     4488.0828
2319.86     4477.9248
2314.717     4471.0902
2312.169     4465.3842
2307.162     4456.1041
2301.967     4446.5105
2299.502     4440.9299
2294.417     4428.3892
2289.227     4418.4821
2286.726     4413.9047
2281.562     4405.1576
2276.461     4394.3727
2273.887     4389.1683
2268.775     4378.4147
2263.726     4368.2881
2261.069     4363.3345
2256.082     4352.3301
2253.409     4347.5333
2248.391     4337.4694
2243.29     4327.9072
2240.659     4322.6714
2235.589     4313.5168
2230.436     4303.014
2227.95     4297.1199
2222.86     4288.1533
2217.565     4278.9359
2215.101     4275.2364
2209.89     4265.6428
2204.815     4253.9173
2202.215     4248.5875
2197.119     4236.9874
2192.07     4226.4532
2189.423     4222.2521
2184.363     4211.9688
2179.2     4198.8951
2176.578     4194.5686
2171.472     4186.4485
2168.794     4180.9306
2163.792     4169.4246
2158.482     4159.2039
2153.276     4148.1368
2148.086     4138.794
2145.387     4133.9032
2140.202     4117.7257
2135.075     4106.6899
2132.339     4102.1439
2127.118     4093.4595
2124.47     4087.7535
2119.385     4077.5956
2114.132     4066.1836
2108.822     4054.27
2106.217     4049.9434
2100.954     4038.2179
2098.354     4031.9476
2093.08     4022.0091
2087.854     4012.7917
2085.301     4007.2425
2080.033     3996.5202
2074.801     3986.0488
2072.18     3980.4368
2066.943     3971.7211
2061.805     3961.7199
2059.012     3956.2961
2053.801     3947.016
2048.595     3933.9423
2045.927     3929.7099
2040.68     3919.8341
2035.292     3909.7389
2032.791     3905.2242
2027.434     3896.6025
2022.181     3882.4943
2019.586     3877.9796
2014.104     3869.8282
2008.81     3858.2908
2006.168     3851.5502
2000.905     3840.4204
1995.647     3828.35
1992.895     3822.1424
1987.658     3813.1444
1982.26     3803.0178
1979.592     3797.4373
1974.313     3786.1507
1968.998     3776.0554
1963.646     3770.7256
1958.456     3757.5266
1953.062     3751.6325
1950.379     3746.8357
1945.074     3736.0194
1942.359     3730.1566
1937.132     3717.2397
1931.666     3705.0753
1929.123     3700.1531
1923.776     3692.566
1918.435     3684.4459
1915.856     3676.7961
1910.358     3666.889
1907.732     3661.7473
1902.281     3652.5613
1897.018     3641.839
1891.859     3631.493
1889.066     3627.2605
1883.85     3613.5912
1881.119     3608.5749
1875.762     3597.5705
1870.447     3589.0742
1867.695     3582.2709
1862.364     3571.7367
1856.965     3555.5593
1851.468     3545.9343
1848.883     3539.2251
1843.411     3532.0142
1838.08     3520.4454
1835.297     3515.3978
1829.852     3504.801
1824.573     3493.1381
1821.816     3488.9997
1816.517     3478.591
1811.071     3466.3011
1808.356     3460.6265
1802.915     3449.2458
1797.339     3438.4295
1791.862     3428.8359
1789.152     3422.6283
1783.727     3411.5925
1781.059     3406.1373
1775.535     3395.6032
1770.121     3383.2193
1767.343     3375.2559
1761.934     3364.6904
1756.524     3355.379
1753.684     3352.6514
1748.207     3340.2361
1742.72     3329.2944
1737.06     3317.9765
1734.397     3313.744
1728.93     3302.8963
1726.252     3297.5979
1720.707     3286.28
1715.172     3275.9966
1709.784     3264.8354
1706.933     3260.9792
1701.555     3249.3164
1696.115     3239.0644
1693.311     3232.5746
1687.902     3223.7334
1684.999     3216.3658
1679.48     3206.9916
1674.071     3195.5796
1671.303     3190.532
1665.79     3179.5903
1660.208     3171.188
1657.587     3166.1718
1652.011     3153.976
1649.296     3147.0159
1643.699     3135.5099
1638.133     3125.1325
1635.46     3122.1854
1629.946     3111.181
1627.142     3104.8793
1621.587     3093.0597
1616.057     3083.3094
1610.606     3071.772
1607.782     3066.5362
1602.2     3053.9642
1596.666     3042.6463
1593.872     3036.8776
1588.38     3027.4407
1582.809     3017.0006
1580.104     3010.2287
1574.444     2999.6318
1568.821     2989.3798
1566.09     2983.5484
1557.752     2968.6564
1552.045     2957.3384
1549.346     2952.5416
1543.686     2940.4399
1537.974     2931.1912
1535.259     2924.5446
1529.479     2910.6872
1523.923     2899.1498
1518.347     2891.7508
1515.428     2885.1983
1509.863     2874.7582
1506.954     2867.5473
1501.373     2859.0197
1495.666     2847.012
1489.871     2835.3178
1487.171     2827.3545
1481.417     2815.3468
1475.831     2805.471
1472.969     2799.2948
1467.273     2789.1995
1464.485     2781.3616
1458.663     2772.4578
1453.066     2763.7107
1450.142     2757.9419
1444.519     2744.8683
1438.854     2734.3655
1435.956     2727.7503
1430.286     2715.2724
1424.61     2705.3025
1421.848     2699.7219
1416.199     2688.6234
1410.654     2679.6882
1407.918     2674.233
1402.227     2664.2946
1396.546     2651.8793
1393.763     2645.703
1388.035     2635.3883
1382.412     2623.6942
1379.608     2618.1449
1373.938     2606.0432
1368.237     2595.0074
1365.297     2588.3295
1359.789     2576.9489
1354.024     2566.7596
1348.265     2557.3854
1345.477     2553.2784
1339.744     2542.2739
1334.001     2529.3257
1331.145     2522.8986
1325.339     2513.0229
1319.679     2502.1438
1316.677     2495.4659
1310.954     2483.4269
1305.216     2469.8516
1302.303     2465.9013
1296.638     2453.8936
1290.732     2443.9552
1287.908     2439.1897
1282.185     2425.3009
1279.272     2418.3095
1273.497     2408.5278
1267.66     2396.8023
1264.846     2392.3817
1258.987     2380.5935
1253.145     2363.9771
1247.386     2355.1359
1244.41     2348.3013
1238.651     2337.2969
1232.944     2324.9443
1229.978     2319.0502
1224.276     2308.5787
1218.444     2295.2229
1212.57     2282.212
1209.814     2278.0109
1203.961     2265.9405
1198.296     2255.6885
1195.398     2251.3306
1189.717     2239.323
1184.094     2228.3185
1181.092     2224.2115
1175.442     2212.2665
1169.683     2201.5442
1163.919     2189.0036
1161.146     2183.1094
1155.335     2171.0704
1152.563     2165.8033
1146.72     2154.7362
1138.11     2143.575
1135.254     2138.2766
1129.401     2128.9338
1123.663     2117.9921
1117.836     2103.3195
1114.959     2097.6448
1109.091     2089.1172
1103.389     2075.1344
1100.444     2069.5224
1094.68     2057.5774
1088.817     2047.6703
1085.888     2042.1211
1080.118     2029.2669
1074.14     2018.3565
1071.315     2012.8073
1065.483     2001.2385
1059.557     1989.8579
1056.706     1983.4308
1050.801     1973.4296
1045.042     1961.2652
1042.071     1954.4619
1036.249     1938.9741
1030.438     1929.6314
1027.561     1924.2075
1021.802     1911.9804
1015.991     1901.0073
1013.077     1895.5835
1007.282     1884.4223
1004.358     1878.5282
998.661     1867.6178
992.694     1859.9053
986.893     1844.5116
984.34     1838.2413
978.575     1828.7104
975.725     1823.9449
969.699     1813.254
963.898     1799.8355
958.27     1788.4862
955.289     1782.2472
949.498     1772.685
943.713     1763.2795
937.818     1745.3464
934.957     1738.5744
929.068     1727.6954
926.196     1722.3342
920.285     1710.7028
914.302     1700.9211
911.482     1694.2118
905.462     1683.8658
899.677     1670.5727
896.712     1664.271
890.859     1650.6017
885     1636.5561
882.029     1630.568
876.171     1621.0998
870.261     1609.6251
867.248     1602.7591
861.468     1591.786
855.453     1580.5307
849.501     1568.1468
846.572     1563.8203
840.635     1552.1888
834.793     1540.3066
831.796     1534.0676
826     1520.7118
820.158     1509.7701
814.284     1499.4554
811.407     1495.2229
805.549     1482.1179
799.523     1468.4172
796.678     1463.4637
790.715     1451.3306
784.846     1440.1067
781.902     1434.6515
775.976     1425.246
770.19     1416.593
767.183     1410.2286
761.393     1396.2771
755.597     1384.4575
752.595     1376.9645
746.805     1364.173
740.852     1352.3848
735.02     1344.3274
732.185     1338.4019
726.222     1328.7456
720.401     1314.8255
717.404     1307.9908
711.499     1297.6134
702.816     1285.5744
700.069     1280.809
694.096     1264.1612
688.254     1252.8119
682.416     1243.2183
679.451     1236.4777
673.624     1224.7522
670.595     1218.2938
664.742     1209.2331
658.832     1196.5357
652.968     1186.2524
650.102     1180.0761
644.171     1170.5452
638.328     1157.9105
632.454     1144.8055
629.316     1137.5633
623.484     1122.5458
617.563     1111.6041
614.598     1105.4592
608.661     1093.671
602.688     1080.6287
599.79     1073.1356
593.796     1061.755
587.896     1051.2522
585.045     1045.5775
579.124     1034.3536
573.209     1025.7633
570.274     1018.0194
564.317     1005.949
558.594     994.7252
552.585     986.0721
549.661     980.0526
543.756     967.4179
540.837     962.2448
534.974     948.795
529.068     934.624
523.252     923.9018
520.276     916.0012
514.339     907.0973
508.57     899.4788
505.635     892.3307
499.809     882.016
494.081     867.6256
491.173     861.4806
485.325     851.3541
479.514     841.2902
476.621     834.3301
470.768     822.2284
464.837     809.531
459.036     797.8995
456.117     791.5978
450.254     778.9004
444.416     770.6236
438.516     757.644
435.593     752.5023
429.682     740.9962
426.711     733.9735
420.879     725.0069
414.953     712.9679
409.142     700.6467
406.254     694.0628
400.365     680.707
394.548     672.5242
391.551     667.9469
385.74     656.4095
379.898     642.0504
376.895     635.4039
371.001     623.9919
365.101     610.5734
362.151     604.2404
356.277     594.5527
350.382     584.0812
344.482     568.4995
341.563     564.8
335.742     555.0183
329.847     544.3901
326.782     537.0851
321.007     525.8612
315.217     511.9097
312.183     507.5519
306.252     489.7755
300.368     475.7613
294.426     467.5158
291.502     461.9352
285.597     447.921
279.754     437.7631
270.935     426.1003
267.918     420.6764
262.028     410.6753
256.253     399.5141
253.267     393.0556
247.377     382.9291
241.488     370.263
235.551     358.318
229.803     346.8747
226.795     342.3914
221.02     331.1988
218.029     326.1199
212.118     315.6171
206.448     307.2148
203.441     300.8191
197.593     289.2503
191.823     277.8383
185.944     266.4577
183.135     260.2814
177.272     249.9667
174.405     244.3861
168.547     233.1309
162.678     222.8162
156.919     211.9372
153.964     207.736
148.111     194.8505
142.389     183.7834
139.418     178.1087
133.716     168.1075
127.879     160.1129
122.015     149.7355
119.227     142.7127
113.285     131.1126
107.521     122.679
104.691     117.2552
98.885     106.3448
93.137     95.1836
90.207     90.9825
84.454     79.7272
78.71     68.5974
75.781     64.3336
70.054     50.2567
64.279     41.2274
61.423     36.8068
55.627     27.37
49.821     16.3029
47.08     12.5407
41.222     6.5211
35.499     -0.1568
29.887     -1.7557
26.837     -1.7243
21.251     -1.6303
15.518     -1.9438
9.691     -1.9125
6.96     -1.4735
1.164     -1.5362
