Distance_nm     Force_uN
0.136     -0.5957
2.224     0
22.113     -1.1287
33.375     -1.6616
55.027     -1.1287
65.934     -1.0033
89.008     -3.2919
101.122     -5.6119
112.092     -5.6433
131.1     0.4703
141.166     2.3827
164.866     -0.8778
189.162     -5.079
199.202     -3.0098
214.302     11.4434
218.28     25.7397
224.465     58.126
226.369     76.6548
227.271     119.6065
228.276     140.0478
230.171     181.3693
231.563     201.3403
231.049     247.3018
231.756     268.5269
235.475     306.5251
236.688     326.9664
238.39     367.8176
238.994     387.475
240.539     429.8311
241.131     451.5265
243.407     492.8479
244.088     514.3865
244.796     559.2507
244.338     583.2347
246.896     623.7724
247.594     643.5553
247.456     689.5168
247.342     712.9052
245.741     762.6602
246.004     785.5156
249.319     825.9906
250.627     846.714
250.583     893.9296
251.39     939.5776
252.771     960.4891
254.968     1003.5036
254.75     1027.7698
255.484     1073.7627
255.751     1097.0883
257.144     1142.2347
258.112     1163.836
258.616     1209.9856
258.142     1235.0042
259.884     1279.6489
260.941     1301.5951
261.361     1349.2183
261.503     1373.1396
262.294     1420.167
264.914     1463.6831
266.133     1485.5979
266.912     1508.5787
266.277     1558.71
267.427     1580.9383
270.773     1623.5138
272.948     1643.673
275.244     1688.4431
276.029     1711.2985
278.43     1754.0621
279.325     1801.8734
279.943     1850.343
281.214     1872.8535
281.346     1922.4832
281.864     1946.4672
283.198     1993.2125
282.891     2017.5414
282.271     2068.9267
282.345     2093.914
281.765     2120.2494
282.19     2169.9104
282.661     2194.4901
283.31     2244.1511
283.488     2269.2324
283.411     2320.1789
283.626     2345.2602
285.263     2393.2282
284.746     2420.0652
286.273     2468.4408
286.2     2494.4
286.353     2545.7853
286.499     2571.4623
286.333     2623.4747
286.584     2648.8382
287.264     2699.5965
287.27     2725.587
287.714     2750.8878
289.063     2800.7369
288.98     2826.9783
288.557     2880.4955
289.284     2905.2634
289.07     2958.4044
288.919     2985.1787
289.729     3036.5954
289.149     3064.2789
288.152     3119.2697
288.366     3145.6051
288.581     3198.4953
289.375     3250.2883
289.009     3277.8464
289.631     3330.4231
290.018     3356.3822
290.091     3409.9309
290.912     3435.4198
290.839     3489.47
290.922     3516.3384
289.982     3570.2946
290.803     3595.3132
291.581     3648.2034
291.414     3675.7929
290.405     3732.3826
291.106     3758.3417
290.63     3814.0223
290.765     3841.2669
290.588     3868.386
291.006     3920.7119
291.44     3947.2981
291.915     4001.6306
292.145     4028.8751
291.919     4084.6811
291.726     4112.7408
291.626     4168.484
291.573     4196.3556
291.996     4251.3778
291.886     4279.4689
291.473     4308.2497
292.491     4362.2686
292.485     4390.391
292.484     4446.6359
292.923     4473.9745
292.338     4529.8118
292.379     4557.4326
292.316     4613.7088
292.331     4641.9253
278.964     4725.3834
278.629     4754.415
279.756     4808.9982
280.069     4836.8072
279.384     4866.7793
279.341     4924.2783
279.121     4953.3099
278.952     5011.185
278.246     5041.408
278.83     5097.7469
278.516     5127.1861
279.57     5183.1175
279.235     5212.6507
278.094     5272.5324
277.665     5302.3792
278.688     5358.2164
278.933     5386.7464
279.282     5415.2764
278.847     5474.5311
279.232     5532.0927
279.826     5560.1211
280.206     5617.8708
280.09     5647.5295
278.913     5708.5084
279.299     5737.1325
293.822     5796.4185
293.372     5826.7042
292.9     5886.6485
292.957     5914.5828
292.903     5973.0537
292.599     6003.3707
292.215     6063.5032
292.59     6092.4721
292.609     6151.9148
292.54     6181.887
293.144     6240.3892
293.608     6269.0759
293.893     6328.7695
294.56     6387.3971
294.454     6417.6514
294.279     6478.2228
293.865     6509.2296
292.776     6571.8702
292.399     6602.8456
293.128     6661.9748
292.776     6692.8875
292.283     6754.6816
292.515     6815.2217
292.838     6845.0057
293.096     6905.4517
292.807     6936.7407
293.698     6996.1834
293.404     7027.3783
292.701     7090.0816
293.618     7149.9005
294.562     7178.7127
293.175     7243.0776
292.79     7305.9064
292.846     7336.8504
293.35     7397.6099
293.99     7458.4008
293.387     7490.6303
292.224     7555.246
293.174     7584.4031
294.289     7644.4415
294.235     7675.6991
295.836     7734.985
294.307     7800.5727
294.248     7831.9243
294.453     7894.1887
294.117     7926.1047
293.858     7989.5604
278.962     8082.1732
278.454     8114.5595
278.743     8177.2001
277.24     8243.5401
277.327     8274.2334
277.313     8337.1875
277.395     8368.7586
277.47     8431.9009
277.066     8464.5379
277.987     8526.5828
277.351     8591.2926
276.513     8624.8076
276.238     8687.7303
275.952     8751.1547
276.248     8782.475
276.26     8846.1816
276.676     8877.5019
276.516     8941.616
276.31     8974.0963
276.019     9038.9629
276.012     9071.0669
276.227     9135.0243
275.831     9200.2985
275.145     9234.0015
274.921     9298.9307
275.478     9330.157
276.326     9393.5814
276.363     9458.1031
276.304     9489.8936
276.165     9553.318
276.241     9585.4848
275.746     9651.386
275.409     9684.556
275.63     9749.2658
275.476     9781.997
275.989     9846.2365
274.516     9914.6771
274.734     9946.9693
275.492     10010.7386
274.706     10045.0373
274.39     10078.5836
275.274     10142.4469
275.392     10175.2094
274.891     10241.8943
275.89     10305.4128
292.664     10337.7363
292.205     10404.578
293.028     10435.961
292.297     10503.4298
291.542     10538.0107
290.66     10606.0437
290.838     10672.1017
291.353     10704.2057
290.878     10771.6431
290.275     10806.0359
290.071     10873.0657
289.739     10907.1136
290.445     10972.7953
290.921     11038.5711
291.363     11071.0514
290.669     11135.6985
290.087     11169.8405
290.505     11235.5222
290.033     11269.9149
288.455     11339.9232
289.498     11371.2121
289.649     11437.8657
290.086     11470.5968
290.086     11537.564
290.745     11603.4024
273.384     11671.655
274.209     11737.3367
273.872     11771.6667
273.481     11839.8252
273.828     11872.8699
272.574     11943.0662
272.133     11977.8038
273.225     12043.4855
273.29     12077.3453
272.908     12146.2249
274.238     12177.5765
273.569     12246.7696
273.3     12281.2878
273.362     12349.1014
272.989     12383.4628
274.458     12445.3196
274.654     12478.521
273.463     12548.5293
272.671     12584.082
272.859     12651.8643
273.572     12684.5954
273.87     12752.1269
273.313     12787.3661
272.827     12856.6219
272.124     12892.2374
272.714     12959.3613
272.873     12993.1584
272.737     13062.0066
272.217     13097.2145
272.745     13164.5892
272.146     13200.1106
272.036     13268.8021
272.153     13302.8813
273.073     13369.629
272.689     13404.6801
272.359     13474.1867
273.26     13506.7924
273.913     13574.3239
273.366     13609.6886
271.929     13681.4838
271.863     13716.1588
271.377     13785.6967
271.625     13819.5252
271.758     13853.7925
272.123     13922.0137
272.07     13991.2068
271.686     14025.9758
269.685     14098.0219
269.739     14132.446
271.212     14198.5353
270.441     14234.5583
270.744     14303.0303
270.537     14337.8933
270.798     14406.428
271.085     14474.9628
271.004     14509.7944
271.855     14577.1064
271.136     14613.0981
271.47     14681.4761
272.151     14714.7402
272.877     14782.1462
271.97     14818.5455
270.893     14889.651
271.857     14922.2254
270.979     14992.9861
270.979     14992.9861
272.752     14985.7439
274.059     14968.1869
273.876     14928.3076
273.649     14908.462
273.33     14868.1752
273.296     14847.2636
272.576     14806.2243
272.781     14763.0844
273.008     14741.1383
272.895     14697.9984
272.443     14677.1182
273.03     14632.3167
274.102     14586.1357
274.476     14563.2804
274.123     14519.4821
273.677     14498.0376
273.433     14453.9572
272.908     14432.3872
271.839     14389.122
271.801     14366.6115
271.055     14322.7505
271.016     14277.1339
271.087     14254.1218
272.302     14205.5581
272.42     14182.2951
271.419     14137.9325
271.458     14091.5321
270.396     14070.2757
270.895     14022.6839
271.478     13997.9788
271.941     13949.9481
271.521     13927.2181
270.385     13882.1031
258.756     13857.8369
257.364     13812.7846
258.052     13787.5152
258.672     13738.3871
259.339     13713.055
258.768     13665.8394
258.823     13617.3697
258.613     13593.6052
258.292     13545.7626
258.218     13521.4023
258.399     13472.2743
257.797     13449.0114
257.774     13400.0401
257.663     13375.5231
257.782     13325.9248
256.965     13277.9881
256.436     13254.3176
255.562     13206.2242
255.838     13180.798
256.061     13130.5413
256.442     13104.6449
256.879     13053.6357
256.658     13003.818
256.056     12979.7399
267.833     12905.4051
268.553     12853.4241
268.86     12827.4649
268.039     12778.1488
268.346     12726.3559
267.948     12701.5567
269.368     12649.074
270.386     12621.8922
269.486     12572.3879
268.9     12547.8396
268.293     12497.6142
268.021     12446.1035
268.428     12419.4232
268.401     12366.9405
268.411     12340.6365
268.583     12288.1225
269.063     12261.066
268.425     12210.0882
268.038     12158.1386
268.194     12131.3956
268.048     12079.101
268.131     12052.6089
268.193     11999.3738
267.284     11948.1452
266.912     11922.3428
267.273     11895.0669
265.904     11844.3712
266.086     11790.5718
266.023     11763.8602
266.086     11709.9981
265.997     11683.2865
265.589     11630.1454
264.68     11577.9136
265.051     11550.0733
265.887     11494.4241
265.616     11467.8379
263.975     11417.2677
264.706     11389.1766
264.403     11335.4399
264.821     11279.7907
264.456     11253.2359
264.142     11199.217
263.876     11172.7248
264.941     11117.4519
263.991     11091.9003
262.194     11040.3895
262.032     11013.0509
261.269     10959.2828
261.897     10930.2512
262.765     10873.2225
262.848     10845.1942
264.129     10787.0055
264.124     10759.1339
262.484     10706.4945
262.103     10679.1872
261.498     10624.3845
261.347     10596.7323
261.442     10540.2053
261.594     10483.7096
261.15     10456.371
260.132     10402.9478
259.865     10376.6124
260.373     10319.1762
261.315     10260.768
260.887     10233.1472
260.402     10177.5294
260.47     10149.0308
260.069     10092.88
260.069     10064.3186
245.916     10006.9764
258.055     9925.4308
258.087     9896.7127
257.838     9839.8408
257.692     9811.4989
257.887     9753.4356
257.234     9725.9716
258.056     9666.6543
257.211     9610.3467
257.269     9581.3151
257.835     9522.1859
257.664     9493.4991
258.532     9433.8369
258.282     9405.1502
259.246     9344.8609
259.263     9287.4247
259.039     9258.8007
259.39     9199.6087
259.02     9170.9847
257.726     9115.0847
257.963     9055.8928
257.865     9026.6417
257.192     8969.0801
256.906     8940.2365
257.08     8880.6057
257.171     8821.3824
256.587     8792.9465
256.281     8734.2562
255.954     8675.4092
255.767     8646.064
254.907     8588.0948
255.029     8528.5267
255.254     8498.2096
254.671     8441.2437
254.499     8383.5253
254.073     8353.6158
253.845     8294.2044
253.805     8264.389
253.943     8204.0058
254.159     8143.4971
253.012     8085.4025
252.695     8055.9319
253.439     7993.354
253.367     7962.7862
253.366     7871.8664
253.984     7840.1071
254.603     7778.0622
253.915     7748.9679
253.41     7689.4625
254.516     7626.4143
253.644     7597.6021
251.426     7540.887
252.023     7509.0964
252.554     7446.9261
252.294     7416.7345
250.886     7358.2323
250.533     7297.5355
251.397     7265.1492
251.144     7204.1703
251.558     7172.4424
251.974     7109.9586
251.773     7048.6974
251.45     7018.5058
252.582     6954.329
252.265     6924.0746
251.625     6863.4405
250.285     6803.9038
251.332     6770.7651
251.628     6707.9991
267.84     6613.5052
266.399     6585.2887
266.042     6523.7768
265.486     6462.5156
265.226     6431.7283
266.969     6365.8272
266.684     6335.0398
265.658     6274.343
265.739     6211.4203
265.678     6180.194
265.473     6117.8983
266.181     6053.9096
266.183     6022.6206
265.909     5961.1087
265.937     5929.663
266.06     5866.5208
266.623     5802.2813
266.949     5770.0831
266.419     5707.9755
265.461     5646.8084
265.306     5615.4881
265.702     5551.3426
249.596     5520.0537
248.722     5458.3223
248.781     5427.5663
247.958     5367.2771
247.617     5304.4484
247.765     5272.313
247.533     5209.1394
247.046     5146.6242
246.65     5116.1817
245.835     5022.503
245.613     4990.7438
246.667     4924.5291
246.517     4892.7699
246.62     4828.499
247.392     4763.1308
247.164     4731.5283
248.145     4665.3137
248.299     4632.9588
247.279     4570.6944
247.513     4505.9532
247.99     4473.3789
247.137     4411.5221
246.775     4347.8155
247.367     4314.3319
247.983     4248.6502
248.12     4216.3267
247.806     4152.4007
248.029     4087.2519
248.198     4054.7716
248.317     3990.0305
248.196     3925.5401
248.266     3892.8717
248.479     3827.723
248.11     3795.9638
248.569     3730.4075
249.456     3663.7539
250.744     3628.7027
249.661     3565.9367
249.676     3501.0074
249.542     3468.9661
250.356     3402.2811
250.076     3370.2711
250.169     3304.9656
250.1     3239.8795
250.452     3206.7722
268.003     3106.2588
268.044     3041.0474
267.879     3008.7552
267.612     2944.0454
267.64     2911.3143
267.644     2845.9461
267.485     2813.5285
266.517     2750.1981
266.25     2685.1748
266.618     2651.6912
267.108     2585.2571
267.743     2551.1465
268.593     2483.9286
268.324     2451.6364
268.71     2385.2022
268.858     2352.0322
269.542     2285.0023
268.768     2220.8569
267.898     2189.6933
268.592     2122.6008
270.357     2053.4391
270.454     2020.3944
268.807     1957.9106
268.642     1925.4303
268.485     1859.7486
269.033     1792.6247
268.721     1760.3325
266.26     1699.3535
264.968     1636.1172
265.007     1603.104
262.979     1541.0904
260.089     1480.9266
259.14     1449.8884
257.212     1387.4987
256.498     1355.9902
253.143     1296.767
251.747     1233.4366
251.817     1200.1725
250.625     1136.4346
248.362     1074.9854
248.333     1042.0975
248.385     975.945499999999
248.368     909.856299999999
247.801     877.814899999999
245.778     815.863999999999
227.774     752.753199999999
224.602     692.965599999999
223.261     662.617199999999
224.405     594.521399999999
224.067     562.072399999999
221.454     501.344299999999
219.792     438.766399999999
219.183     407.007199999999
218.414     342.861699999999
215.848     281.914099999999
214.909     251.095399999999
212.515     190.147799999999
210.221     129.012099999999
209.606     97.3155999999993
206.606     37.9041999999993
197.571     -9.56220000000067
184.186     -15.4877000000007
151.611     -15.5817000000007
118.382     -14.4844000000007
102.285     -14.8293000000007
69.992     -15.2682000000007
37.213     -14.8293000000007
20.766     -14.4217000000007
