Distance_nm     Force_uN
0.087     -1.215
0.027     -0.972
-0.108     -0.081
-0.135     0
0.302     -1.458
0.545     -2.025
0.264     -1.053
0.587     -1.782
0.501     -1.377
0.29     -0.486
0.436     -0.729
0.624     -1.296
0.43     -0.405
1.034     -2.187
1.018     -2.106
0.672     -0.648
0.699     -0.567
1.098     -1.701
1.038     -1.215
1.038     -1.215
0.768     0.162
0.654     0.729
1.113     -0.648
1.517     -1.863
1.226     -0.729
1.441     -1.053
1.63     -1.782
1.203     0.243
1.306     0
1.781     -1.62
1.689     -1.134
1.883     -1.62
1.883     -1.62
1.736     -0.243
1.709     -0.162
2.054     -1.134
2.167     -1.215
2.075     -0.729
2.048     -0.567
2.237     -0.972
2.21     -0.729
2.679     -1.863
2.517     -1.296
2.77     -2.106
2.467     -0.243
2.742     -1.215
2.99     -1.863
2.974     -1.539
2.887     -0.729
2.962     -0.81
3.037     -0.729
3.134     -0.81
3.183     -0.81
3.318     -1.296
3.571     -1.62
2.96     0.648
3.219     0.162
3.651     -1.296
3.926     -1.782
3.952     -1.458
3.93     -1.296
4     -1.296
3.935     -0.648
4.226     -1.458
4.193     -0.972
4.442     -1.782
4.355     -1.296
4.311     -0.324
4.435     -0.81
4.877     -1.944
4.866     -1.863
4.828     -1.296
4.784     -0.567
4.897     -0.891
5.615     -2.835
5.825     -3.321
5.22     -0.891
5.257     -0.729
5.381     -0.729
5.537     -0.648
5.407     0
6.028     -1.863
6.113     -1.782
5.757     -0.405
5.951     -0.405
6.166     -0.972
6.447     -1.863
6.592     -1.863
6.786     -2.025
6.574     -0.729
6.644     -0.567
6.828     -1.215
6.935     -1.215
6.908     -0.729
6.999     -0.891
7.462     -1.539
7.429     -0.972
7.958     -2.187
7.941     -1.944
7.822     -0.729
7.994     -1.215
8.41     -2.673
8.328     -1.377
8.36     -1.296
8.392     -1.053
8.364     -0.243
8.456     -0.972
8.811     -0.567
9.01     -1.215
9.172     -1.458
9.414     -1.863
9.425     -1.62
9.731     -1.701
9.893     -2.106
9.995     -1.944
10.064     -1.458
9.831     -0.243
10.08     -0.891
10.613     -2.106
10.645     -1.863
10.828     -1.539
10.703     -0.648
10.789     -0.81
11.219     -0.972
11.381     -1.62
11.677     -1.863
11.806     -1.944
11.687     -1.134
12.026     -1.053
12.074     -1.134
12.375     -1.134
12.758     -2.025
12.871     -2.106
12.854     -1.296
12.972     -0.972
13.673     -2.835
13.737     -2.268
13.763     -1.863
13.789     -1.377
13.955     -0.891
14.123     -1.377
14.752     -2.187
14.552     -1.296
14.989     -2.187
15.166     -1.863
14.669     0.324
14.873     0.081
15.6     -1.053
15.779     -1.62
16.224     -1.458
16.413     -1.782
16.418     -1.215
16.804     -0.972
17.123     -1.782
17.439     -1.458
17.633     -1.539
17.606     -1.134
18.035     -0.81
18.359     -1.944
18.422     -0.567
19.242     -2.835
19.182     -2.187
19.698     -1.944
19.649     -1.701
20.171     -2.025
20.202     -1.377
20.148     -0.648
20.626     -0.972
20.895     -0.81
21.165     -1.377
21.701     -0.891
22.514     -1.944
22.918     -2.43
22.837     -1.701
23.245     -1.782
23.584     -1.458
23.697     -1.701
24.142     -0.486
24.454     -1.215
24.755     -1.134
25.163     -0.405
25.119     -0.162
26.147     -0.891
26.147     -0.405
26.599     -0.81
27.594     -2.025
27.831     -1.863
28.114     -0.648
28.502     -1.053
28.749     -0.972
29.75     -1.701
29.922     -2.106
31.014     -2.916
30.446     0.162
30.661     0.081
32.147     -1.863
32.286     -1.296
33.05     -1.458
33.524     -2.106
33.598     -1.377
34.824     -1.701
35.212     -2.511
36.098     -1.215
36.06     -1.215
36.979     -1.215
37.463     -0.972
37.753     -1.296
38.62     -1.944
39.275     -1.539
39.747     -0.648
40.408     -0.567
40.748     -1.296
41.349     -0.891
42.204     -0.729
43.254     -2.025
43.919     -1.539
43.503     0.567
45.548     -1.296
45.904     -2.025
46.5     -2.106
47.413     -0.648
47.526     -1.053
49.037     -1.215
49.176     -0.486
50.377     -2.916
51.328     -2.511
51.203     -0.81
52.826     -1.053
53.165     -0.81
53.773     -1.377
55.004     -1.701
55.413     -1.701
57.009     -1.539
57.676     -1.863
57.696     -1.053
59.66     -1.944
59.692     -1.944
60.938     -0.972
61.745     -1.539
62.143     -2.187
64.078     -1.944
63.992     -1.458
65.228     -1.134
66.259     -0.81
67.329     -0.648
68.68     -1.863
69.868     -1.782
70.69     -1.377
70.651     -0.648
71.559     -0.243
73.135     -1.377
74.022     -0.648
75.253     -0.81
75.587     -1.215
76.301     -0.648
78.162     -2.025
78.985     -2.268
80.043     -1.134
80.576     -1.863
81.286     -2.187
83.027     -1.863
83.424     -1.296
85.059     -1.782
85.78     -2.349
87.466     -1.134
87.993     -0.891
88.229     -0.567
90.649     -1.377
90.622     -1.458
89.528     9.639
89.925     11.016
90.706     9.234
92.451     11.259
92.937     9.396
94.29     10.692
93.762     16.119
93.831     16.524
94.338     24.138
94.581     23.652
95.687     24.543
96.929     24.462
95.794     29.079
95.162     40.905
95.258     41.148
95.556     44.307
96.85     45.036
97.406     43.254
96.958     54.108
97.999     50.949
98.459     52.893
99.655     54.837
100.277     56.052
100.448     61.317
100.204     63.342
100.933     69.822
100.726     72.171
100.706     74.763
101.172     81.162
100.794     82.296
101.94     86.184
101.645     89.424
101.389     92.421
102.993     95.337
102.383     97.524
101.596     108.054
102.5     107.325
102.385     109.107
103.4     114.615
103.156     116.397
103.63     124.254
105.19     118.665
105.101     125.631
105.977     126.198
104.659     131.544
105.786     137.538
107.004     138.915
106.021     147.339
105.032     151.551
106.528     150.66
105.791     159.489
106.45     161.433
107.108     164.511
105.552     171.153
107.781     172.449
106.516     178.362
107.339     177.957
108.146     181.44
107.01     187.677
107.928     193.347
107.92     195.453
105.801     205.092
106.295     209.871
106.746     210.6
106.042     215.055
106.57     222.669
107.65     218.781
107.397     227.448
107.826     228.906
109.757     222.993
109.924     232.146
108.881     236.115
107.653     247.536
108.544     248.184
107.609     252.396
107.3     259.281
110.442     252.315
109.954     260.01
110.586     262.602
112.977     254.664
112.408     267.381
112.029     269.325
110.516     279.936
111.832     281.394
110.503     286.335
111.522     292.734
111.781     292.572
110.966     299.538
110.854     307.395
112.269     302.373
111.441     315.576
112.563     312.741
113.633     312.012
113.618     319.95
112.77     323.028
113.374     330.48
113.901     330.723
113.24     335.097
113.728     340.119
114.162     341.496
113.984     350.73
114.742     350.649
115.059     350.973
114.043     364.581
114.485     362.961
114.233     371.547
114.288     375.03
115.016     373.572
116.315     378.918
114.446     387.099
114.638     392.283
115.615     393.255
115.23     401.112
115.736     404.352
115.466     405.891
116.409     413.1
116.148     414.882
118.063     418.203
117.69     420.633
118.136     429.462
117.276     433.593
117.595     436.752
118.143     441.126
118.768     439.911
118.4     451.494
116.416     460.404
118.205     456.759
119.345     460.89
118.824     465.102
119.777     468.666
120.071     469.638
120.016     479.601
118.188     488.673
118.645     488.673
119.373     495.963
118.86     497.988
121.215     497.502
118.111     512.163
118.477     512.163
119.231     519.615
119.355     519.291
120.345     523.422
118.461     534.519
119.399     531.684
119.705     541.323
119.721     541.728
118.714     556.389
118.697     556.794
118.787     562.464
120.13     563.436
120.41     562.788
121.342     569.997
120.413     574.128
119.867     581.094
121.667     581.418
118.762     596.727
118.77     603.126
121.399     594.378
120.287     602.235
121.033     607.662
120.074     614.142
121.835     615.843
122.164     614.709
121.121     628.56
121.815     627.831
120.295     635.85
121.903     639.657
122.551     636.984
120.877     652.536
121.856     651.807
121.833     653.589
120.412     668.493
121.522     665.577
122.368     673.434
121.531     676.593
120.804     686.637
122.041     686.232
121.267     689.958
121.405     695.952
122.582     696.195
121.348     707.778
123.399     705.186
123.307     706.158
123.234     717.498
124.194     714.42
124.096     720.414
125.336     721.872
124.482     725.355
125.575     733.05
126.007     735.885
125.583     743.985
125.047     747.144
126.8     751.275
126.518     753.381
128.711     748.845
128.809     756.783
125.577     771.768
126.929     773.793
127.147     775.17
127.525     783.432
127.667     785.457
128.07     786.105
126.897     800.361
127.631     797.364
129.564     799.227
128.345     807.084
128.922     806.193
129.184     816.075
126.315     827.658
127.668     829.116
129.542     826.362
129.441     834.219
128.88     840.861
129.327     840.051
128.822     853.335
129.275     852.201
130.985     851.31
128.262     867.186
131.192     862.164
131.891     866.457
130.331     872.451
131.695     878.202
130.225     884.277
129.615     891.081
131.193     893.106
131.793     894.645
131.227     905.175
131.718     903.069
130.426     918.135
129.7     922.671
129.777     925.668
131.032     928.017
129.578     935.307
128.991     940.086
131.593     940.005
130.27     944.946
131.236     950.535
132.205     949.563
130.839     963.738
132.633     960.093
131.611     965.439
131.754     975.807
131.457     977.022
131.361     985.608
130.773     991.683
129.956     995.733
131.979     999.216
131.373     1002.456
131.387     1008.531
132.827     1008.531
130.362     1024.407
130.928     1027.809
132.687     1022.058
133.025     1031.94
132.452     1034.856
132.743     1038.663
131.886     1049.193
133.978     1052.595
132.914     1057.455
131.208     1067.904
131.97     1073.169
131.986     1073.169
130.947     1087.506
131.831     1085.562
132.946     1084.347
132.896     1093.986
134.011     1092.69
135.163     1095.687
133.972     1102.491
134.501     1109.862
134.778     1111.644
134.29     1115.37
132.965     1130.598
134.497     1126.548
133.91     1135.782
133.955     1139.022
135.829     1140.075
134.043     1150.848
134.057     1152.063
135.524     1157.085
134.725     1160.325
134.403     1168.83
134.969     1171.827
134.87     1173.042
135.09     1178.307
134.953     1184.787
135.977     1186.812
135.976     1192.563
134.398     1198.962
136.496     1202.526
135.366     1207.548
136.349     1208.52
135.826     1218.321
134.973     1221.561
136.974     1225.125
135.163     1233.306
134.67     1245.699
134.415     1247.967
136.722     1242.783
135.819     1255.743
135.425     1257.282
135.996     1264.896
135.248     1269.999
134.976     1272.996
134.853     1280.934
134.32     1285.875
134.379     1295.109
134.581     1297.296
134.288     1299.726
134.221     1310.418
134.803     1309.365
136.204     1315.278
136.031     1316.007
134.464     1322.892
135.844     1328.886
134.681     1334.232
134.172     1342.413
136.179     1340.388
135.183     1350.513
136.709     1350.918
135.466     1361.286
136.242     1364.364
135.279     1368.738
136.718     1374.732
136.582     1376.109
135.55     1384.938
138.354     1382.103
138.174     1393.686
137.308     1398.303
138.94     1395.873
137.034     1411.506
136.705     1412.802
138.565     1416.528
137.991     1420.578
137.719     1431.837
138.953     1429.488
139.252     1430.784
137.361     1447.875
137.644     1449.09
137.916     1455.327
137.951     1458.162
139.128     1462.536
138.605     1468.044
138.464     1469.745
139.902     1475.739
139.712     1477.278
138.646     1492.344
138.5     1493.073
139.744     1495.503
139.17     1503.279
139.076     1510.326
137.946     1520.37
138.361     1519.236
138.763     1529.28
138.848     1529.847
138.013     1544.589
138.125     1545.075
137.564     1551.636
137.706     1558.521
137.636     1563.3
137.935     1569.294
138.214     1569.213
138.178     1572.777
137.481     1584.279
137.742     1586.709
139.051     1588.896
138.935     1591.245
137.907     1605.744
138.186     1606.554
138.258     1608.66
138.521     1617.732
138.919     1618.137
139.716     1625.427
139.136     1629.315
139.019     1637.253
140.165     1636.848
140.165     1645.515
140.041     1650.213
140.99     1647.864
140.95     1654.506
140.226     1661.472
140.245     1668.6
140.007     1674.432
139.141     1678.644
140.645     1684.557
140.126     1686.744
138.888     1697.274
139.717     1700.919
139.278     1708.209
139.242     1715.337
139.723     1713.717
139.25     1726.758
139.481     1727.082
140.424     1734.291
140.621     1735.344
141.1     1744.254
140.909     1746.441
140.845     1750.005
140.874     1757.214
140.867     1758.996
140.664     1762.479
140.393     1773.252
141.176     1770.417
139.62     1785.726
138.92     1791.234
140.306     1795.689
140.33     1798.605
140.306     1800.306
140.319     1807.353
140.455     1810.269
141.269     1808.649
141.353     1819.26
141.796     1817.883
141.575     1826.631
140.285     1835.865
140.897     1840.725
142.062     1841.697
141.479     1844.451
141     1857.735
139.612     1863.567
139.295     1876.446
139.948     1874.664
141.323     1875.231
141.094     1882.197
140.909     1884.06
141.636     1892.16
141.024     1895.724
141.723     1904.391
141.36     1906.821
140.778     1912.977
141.626     1918.242
141.936     1920.186
142.553     1925.289
142.21     1928.61
142.673     1937.196
140.969     1945.701
141.145     1947.483
141.824     1954.611
141.146     1959.471
140.986     1967.814
140.739     1971.54
140.324     1981.584
140.487     1984.743
140.882     1991.79
141.266     1994.139
141.232     1995.759
140.354     2010.339
140.143     2011.311
139.103     2022.651
140.355     2022.894
141.351     2026.215
140.675     2033.829
141.003     2033.424
140.962     2045.007
142.717     2039.094
141.554     2049.138
141.551     2056.023
139.969     2066.715
140.074     2072.628
140.327     2072.952
139.36     2080.728
141.321     2081.619
142.572     2087.937
140.621     2096.604
141.416     2097.09
141.043     2107.782
141.45     2108.916
143.163     2109.807
141.622     2117.502
141.783     2126.574
140.97     2132.082
143.394     2132.649
142.11     2140.587
140.348     2149.011
140.249     2159.946
139.708     2162.052
140.012     2169.18
140.53     2171.367
140.475     2172.501
140.764     2182.464
140.152     2186.352
140.263     2197.125
139.247     2201.094
138.883     2209.032
138.882     2214.297
138.179     2217.699
139.126     2225.718
139.023     2226.852
138.655     2233.575
139.461     2237.544
139.505     2237.463
138.665     2251.8
139.366     2250.099
138.259     2258.604
138.443     2265.975
138.433     2269.863
138.878     2275.614
139.584     2274.156
139.24     2278.611
140.239     2284.119
140.521     2286.144
140.577     2293.353
141.05     2293.515
141.155     2295.54
142.946     2299.185
143.021     2298.942
142.19     2310.93
142.159     2314.008
141.25     2318.868
139.979     2334.42
140.004     2335.959
140.665     2340.576
139.948     2347.056
138.988     2358.558
140.91     2355.885
140.25     2359.449
140.425     2369.979
140.127     2372.004
139.331     2381.157
139.238     2387.07
139.416     2386.746
139.574     2397.924
138.564     2402.055
139.783     2402.865
140.224     2407.239
140.558     2407.158
140.636     2418.174
140.267     2420.523
139.846     2426.598
138.972     2437.938
139.718     2435.184
139.526     2446.767
138.311     2455.839
137.549     2467.827
137.711     2467.26
139.033     2472.525
138.83     2475.603
139.059     2477.223
137.935     2491.317
138.154     2492.127
138.95     2496.582
137.958     2503.143
140.431     2502.9
139.379     2510.433
139.529     2511.243
139.472     2522.664
139.386     2523.15
140.996     2524.851
139.852     2533.518
142.235     2532.06
140.031     2545.425
139.625     2547.693
140.993     2554.173
140.485     2556.441
142.351     2555.55
138.57     2575.638
138.197     2577.501
137.74     2590.542
137.167     2593.377
136.912     2599.452
137.142     2605.203
137.87     2603.34
137.808     2614.68
137.461     2617.11
137.051     2622.699
137.517     2628.045
136.997     2631.528
137.265     2641.248
138.618     2638.008
137.081     2646.594
135.984     2660.04
136.451     2660.769
136.588     2667.897
137.373     2667.492
135.293     2684.745
134.977     2688.714
134.354     2692.602
135.313     2699.892
134.978     2701.35
134.46     2711.556
136.982     2706.048
136.544     2708.721
136.222     2721.438
135.162     2726.541
135.149     2733.102
137.022     2730.834
136.128     2741.283
137.012     2743.956
136.752     2745.252
137.014     2755.62
136.576     2757.564
134.966     2769.228
134.666     2777.328
135.254     2775.384
134.986     2787.615
135.558     2786.4
135.244     2792.07
135.597     2798.631
133.459     2810.538
133.958     2815.884
134.717     2814.507
135.088     2823.903
134.616     2827.386
135.554     2834.271
133.526     2844.072
133.842     2845.368
134.186     2854.359
135.884     2850.066
135.389     2859.381
134.348     2866.428
136.217     2867.886
134.35     2878.74
134.861     2878.173
133.978     2892.348
133.736     2893.239
137.015     2888.784
134.282     2903.931
134.4     2904.174
135.752     2910.573
134.746     2915.352
134.047     2929.527
133.009     2933.901
134.562     2934.225
134.62     2939.895
132.848     2947.509
134.157     2954.07
133.902     2955.771
134.079     2960.307
132.925     2972.214
133.757     2973.591
133.889     2979.909
132.225     2987.118
133.608     2990.034
133.149     2996.19
134.663     2993.679
133.836     3006.153
133.933     3005.829
134.649     3013.686
133.632     3019.518
132.872     3024.864
131.856     3038.391
130.029     3047.382
131.137     3050.703
131.533     3052.566
132.094     3059.775
132.133     3062.853
131.667     3065.85
131.789     3076.704
131.502     3077.919
130.769     3088.287
131.671     3089.34
131.141     3092.499
130.149     3107.646
130.937     3105.459
130.038     3115.26
130.377     3119.715
128.22     3134.052
129.957     3133.242
128.876     3138.345
130.228     3144.987
130.335     3145.149
128.946     3155.679
129.893     3159.486
129.04     3162.726
129.264     3173.094
129.516     3173.661
128.555     3181.194
128.621     3189.375
128.877     3191.238
130.039     3194.559
131.019     3193.101
128.739     3211.326
128.571     3216.915
129.027     3222.504
127.732     3230.604
129.46     3233.196
128.592     3239.919
129.411     3238.137
129.224     3246.075
128.496     3253.122
130.7     3252.798
130.014     3260.169
130.326     3259.764
128.913     3276.774
129.458     3275.235
129.321     3281.958
130.107     3285.117
130.446     3289.815
129.472     3299.454
128.299     3304.962
128.066     3310.794
127.036     3322.053
127.759     3319.623
128.081     3329.667
127.766     3331.854
127.831     3336.066
127.218     3345.462
126.168     3350.727
129.244     3350.241
128.102     3356.478
128.919     3356.802
126.877     3373.488
127.083     3372.759
128.22     3378.915
126.608     3387.177
127.215     3387.339
127.23     3397.707
128.313     3395.52
128.423     3402.405
126.264     3413.907
127.517     3418.362
127.226     3422.898
126.301     3427.839
126.746     3433.347
126.05     3440.313
127.817     3441.528
126.482     3451.653
126.182     3459.348
125.236     3468.177
125.64     3467.772
125.876     3472.47
125.452     3480.894
124.327     3491.019
124.935     3495.15
124.102     3499.119
125.055     3507.138
124.492     3510.378
123.363     3519.126
124.665     3522.771
123.192     3532.329
123.944     3536.703
122.911     3541.968
124.318     3547.476
124.256     3549.987
124.566     3551.526
123.782     3564.243
122.602     3571.209
122.679     3578.499
122.886     3580.362
121.334     3588.381
124.561     3587.085
122.307     3596.967
123.043     3601.584
123.016     3606.93
121.56     3623.94
122.213     3621.348
123.181     3625.965
121.387     3637.71
122.869     3639.249
122.291     3646.377
121.355     3651.075
121.742     3655.854
122.015     3660.957
122.884     3658.284
122.119     3672.945
122.545     3671.973
122.776     3676.347
123.054     3682.26
122.464     3689.712
121.635     3699.675
121.617     3701.133
122.634     3708.99
122.649     3710.124
122.153     3715.956
121.996     3725.676
122.164     3724.947
122.987     3732.723
120.987     3742.524
121.296     3744.306
121.263     3754.107
119.829     3762.207
120.246     3768.444
120.167     3771.279
120.615     3779.136
120.016     3784.725
120.668     3784.077
119.131     3801.006
119.686     3800.358
119.569     3808.134
119.343     3812.994
120.958     3815.424
120.666     3821.499
120.319     3823.767
120.327     3834.864
120.077     3836.727
120.205     3842.316
118.836     3853.818
118.188     3856.896
119.783     3862.566
117.935     3870.504
118.204     3874.797
118.552     3880.548
119.637     3876.66
118.866     3891.321
118.422     3894.075
118.644     3897.882
118.509     3906.792
117.651     3910.032
118.884     3916.593
117.948     3921.858
118.262     3924.288
118.515     3933.279
119.273     3933.117
117.903     3945.753
117.365     3950.451
118.303     3957.012
119.116     3956.688
117.417     3965.76
118.419     3972.807
117.539     3976.047
117.085     3986.982
117.707     3988.278
115.993     3996.216
118.025     4000.671
118.707     4006.017
117.907     4013.631
117.576     4016.223
115.64     4035.177
115.499     4035.906
115.625     4042.386
115.142     4050.729
115.14     4056.885
116.084     4059.234
115.521     4062.555
116.522     4070.25
114.916     4077.621
114.376     4084.506
115.468     4088.556
115.678     4087.908
115.789     4098.762
116.359     4098.681
116.905     4100.382
116.559     4110.75
114.73     4120.551
114.845     4127.922
115.922     4126.302
115.537     4138.128
115.188     4141.854
115.963     4141.611
115.334     4154.409
114.33     4158.216
114.393     4168.017
113.493     4174.659
113.313     4177.17
113.737     4186.485
114.409     4186.08
113.894     4199.04
114.341     4197.744
114.255     4206.735
113.602     4213.944
114.883     4217.022
115.206     4220.748
113.881     4227.147
113.225     4240.836
114.256     4237.434
113.405     4247.316
112.787     4256.469
113.208     4255.254
111.946     4271.94
112.965     4269.591
112.888     4274.775
112.242     4285.143
112.997     4287.006
113.502     4292.028
113.511     4293.324
112.493     4308.471
112.102     4311.63
112.826     4312.764
112.874     4322.322
113.085     4321.593
113.417     4330.827
113.814     4331.556
113.179     4336.659
112.934     4348.323
112.885     4348.89
111.896     4362.417
112.75     4362.579
112.809     4371.489
113.76     4371.894
112.905     4376.592
111.601     4392.954
111.173     4395.951
112.924     4401.135
113.187     4401.54
111.639     4418.955
111.439     4420.008
112.02     4424.544
111.111     4433.535
111.466     4433.373
111.705     4444.632
111.807     4445.037
112.95     4446.495
111.499     4459.212
110.408     4468.608
110.529     4474.926
111.245     4473.792
111.434     4477.68
111.181     4486.833
110.496     4493.556
111.07     4498.74
111.429     4499.55
110.239     4515.102
110.485     4516.155
109.87     4521.906
107.752     4539.564
107.828     4539.483
109.716     4542.723
109.723     4545.639
110.019     4554.306
109.853     4558.599
109.473     4561.92
109.097     4574.313
110.026     4571.073
109.577     4581.846
109.021     4588.326
108.771     4590.756
109.291     4600.557
109.479     4601.205
108.256     4612.464
108.465     4617.243
109.123     4615.623
108.374     4630.122
108.507     4631.418
107.43     4641.624
107.919     4646.484
107.604     4653.531
108.693     4655.718
107.158     4662.765
107.354     4673.862
107.331     4674.996
108.643     4674.915
108.121     4684.149
107.19     4689.414
104.827     4709.745
105.408     4709.34
105.647     4712.013
105.182     4723.191
105.41     4725.54
107.644     4727.16
106.969     4730.076
104.294     4750.812
104.96     4750.893
104.309     4755.672
104.647     4765.23
104.76     4765.068
103.825     4778.271
105.046     4777.461
105.358     4777.785
105.29     4789.449
104.899     4792.689
105.479     4797.711
104.269     4807.188
104.015     4821.12
103.34     4824.198
105.475     4823.55
104.836     4831.326
103.906     4836.105
104.741     4839.021
104.052     4848.417
103.657     4855.626
103.833     4861.215
103.318     4864.617
104.637     4871.421
102.946     4878.792
103.01     4883.814
102.774     4891.833
101.611     4897.908
101.781     4908.924
102.011     4909.572
101.191     4916.538
101.414     4923.261
101.535     4925.286
100.923     4938.327
101.395     4938.894
100.701     4944.078
101.94     4950.234
101.767     4951.125
101.491     4962.222
101.308     4966.353
101.263     4968.459
102.583     4974.696
101.754     4979.637
100.979     4994.298
101.433     4992.435
101.017     5002.722
100.314     5010.66
99.4     5014.953
100.66     5022
98.59     5031.477
97.454     5042.088
98.553     5044.356
99.722     5046.543
99.849     5052.942
99.481     5055.048
99.629     5066.388
100.319     5064.768
98.962     5075.703
99.924     5079.996
98.541     5089.716
98.025     5098.626
97.381     5102.757
97.826     5112.72
97.781     5114.421
98.056     5117.418
98.525     5125.518
98.39     5126.49
97.896     5138.64
97.159     5144.067
97.944     5144.067
97.672     5155.65
96.6     5162.049
95.991     5172.093
97.028     5171.931
97.611     5179.302
98.702     5179.464
97.409     5186.187
97.411     5197.689
97.08     5200.2
96.165     5210.649
97.076     5212.431
96.681     5215.104
96.202     5228.793
97.229     5233.005
97.184     5239.404
97.733     5238.108
98.102     5248.8
97.01     5253.984
97.417     5264.595
96.108     5270.589
97.257     5271.804
97.161     5280.39
99.093     5278.203
98.728     5286.789
97.619     5292.621
98.01     5302.665
95.994     5312.061
98.111     5308.173
96.139     5325.264
95.501     5328.099
96.811     5334.093
95.452     5342.031
95.876     5343.327
96.041     5353.128
97.631     5349.807
97.335     5358.636
95.43     5369.571
94.759     5381.802
95.343     5383.341
95.676     5383.908
93.864     5402.133
94.791     5400.27
95.57     5404.806
95.467     5410.233
93.551     5425.461
94.582     5426.595
93.197     5433.318
94.489     5440.689
95.342     5438.016
93.6     5451.705
94.796     5454.216
94.347     5456.484
92.734     5474.466
93.747     5472.441
94.672     5480.784
94.703     5481.918
92.872     5493.825
94.136     5497.713
93.946     5498.928
94.137     5510.106
93.027     5516.343
93.819     5524.362
95.765     5519.178
92.176     5536.026
94.156     5538.78
93.842     5540.319
92.572     5555.547
93.831     5554.089
93.423     5558.139
92.336     5572.881
92.068     5576.445
91.648     5585.517
92.053     5588.433
91.702     5598.801
59.684     5568.669
47.53     5542.101
46.109     5556.519
45.702     5560.245
46.994     5562.756
47.812     5566.482
47.176     5576.607
47.434     5581.629
47.974     5588.109
45.141     5606.415
46.763     5607.225
47.235     5612.49
46.622     5616.945
47.978     5624.64
47.437     5628.285
47.289     5634.846
45.68     5649.831
47.185     5649.588
47.364     5656.959
45.941     5664.492
48.497     5667.084
46.717     5676.318
48.186     5675.265
47.914     5687.01
47.487     5689.278
49.141     5694.543
47.009     5706.531
48.573     5711.31
47.25     5720.139
47.339     5722.812
46.751     5737.392
45.978     5740.956
47.008     5746.95
46.922     5752.053
47.502     5752.296
47.789     5763.879
47.521     5767.443
47.966     5773.032
47.866     5779.836
49.315     5782.59
48.319     5792.31
47.366     5798.223
48.625     5806.242
47.591     5812.317
48.291     5815.8
48.54     5823.252
47.48     5828.112
48.734     5835.969
47.468     5843.016
49.299     5849.091
49.518     5849.982
48.227     5859.945
50.563     5862.051
48.143     5875.821
50.007     5876.712
49.971     5880.114
48.261     5898.258
49.613     5895.909
47.627     5907.168
49.627     5911.299
48.903     5914.62
47.998     5929.2
48.641     5930.658
48.201     5934.951
48.434     5946.372
47.637     5952.123
47.633     5960.061
49.052     5960.061
49.883     5966.136
50.735     5968.242
49.566     5975.208
50.495     5984.442
50.532     5985.414
50.43     5994.405
53.121     5991.327
50.752     6007.689
51.894     6010.848
52.771     6014.574
53.036     6022.026
53.418     6021.702
53.608     6033.609
51.596     6043.896
51.352     6049.809
52.166     6056.37
52.754     6059.448
51.994     6070.059
51.424     6075.081
51.479     6087.312
51.146     6091.281
51.2     6095.331
51.198     6106.347
50.847     6111.774
51.912     6115.986
52.668     6117.039
53.946     6123.114
52.597     6131.862
54.326     6128.703
54.112     6141.42
54.721     6140.043
52.635     6157.782
52.208     6164.829
51.996     6175.035
51.996     6180.057
52.857     6179.49
52.787     6192.612
51.787     6197.31
53.451     6199.497
52.599     6209.946
51.824     6220.314
51.098     6229.467
51.283     6231.33
51.225     6244.29
51.099     6246.153
51.307     6251.58
50.281     6264.459
50.933     6267.861
51.153     6276.771
51.266     6281.388
50.895     6290.784
50.934     6293.943
51.961     6302.205
51.612     6306.822
52.305     6315.732
50.513     6326.424
50.736     6337.197
49.965     6343.92
52.728     6344.244
52.977     6347.079
52.012     6353.721
51.57     6367.815
49.958     6376.725
53.409     6376.563
50.755     6388.956
50.438     6397.623
51.948     6398.028
51.052     6409.935
51.896     6414.147
51.263     6417.873
51.636     6429.537
50.062     6437.637
50.796     6448.086
50.821     6449.382
52.641     6456.348
52.211     6460.479
53.897     6466.959
52.225     6476.031
52.538     6479.433
52.617     6488.991
53.773     6489.558
54.214     6498.225
54.034     6499.683
54.355     6510.456
54.955     6511.995
55.417     6521.472
54.948     6526.251
53.426     6535.809
54.281     6544.476
55.325     6543.909
54.527     6558.975
54.073     6561.486
53.132     6575.094
53.4     6579.873
52.793     6584.247
52.815     6596.721
54.476     6592.914
53.726     6608.466
52.893     6612.759
53.638     6618.672
53.43     6626.205
53.766     6633.009
53.283     6641.271
53.005     6644.754
53.707     6655.122
55.54     6650.748
55.398     6656.823
55.965     6663.951
54.694     6674.967
54.285     6684.039
55.065     6683.715
55.163     6696.189
55.565     6697.242
56.052     6707.772
54.93     6715.062
55.315     6717.087
55.738     6726.969
54.718     6734.907
55.967     6738.309
55.125     6745.68
56.677     6750.864
56.484     6755.076
56.388     6758.802
55.65     6773.787
56.043     6773.22
56.964     6780.105
56.51     6787.233
55.635     6799.626
55.092     6808.05
54.847     6810.642
57.478     6813.558
57.053     6817.932
56.532     6826.599
57.036     6832.026
55.683     6844.257
55.236     6854.058
55.51     6854.22
55.759     6865.884
56.209     6866.856
57.187     6876.09
57.222     6878.601
55.662     6897.555
55.621     6900.066
57.755     6904.764
57.061     6909.543
56.364     6916.995
55.827     6929.469
56.076     6933.033
56.39     6940.242
56.79     6942.348
56.965     6953.121
57.231     6955.632
57.794     6956.847
58.157     6967.458
58.24     6970.374
57.242     6982.2
55.875     6992.487
55.69     7003.422
56.57     7004.718
56.809     7006.824
57.112     7018.407
57.261     7020.27
57.354     7027.479
55.877     7039.71
56.785     7044.57
57.296     7048.782
55.403     7058.259
56.257     7068.141
56.589     7069.032
56.574     7081.749
56.674     7083.045
56.931     7088.472
56.701     7096.734
57.648     7095.843
58.637     7104.591
58.267     7108.236
56.246     7121.196
56.79     7129.458
55.958     7137.153
55.673     7146.549
57.634     7142.985
58.441     7151.49
59.123     7152.057
58.675     7157.484
57.472     7170.363
57.677     7174.008
57.529     7185.348
57.611     7188.75
57.105     7193.853
56.442     7204.383
56.889     7207.704
57.665     7214.832
55.455     7228.845
56.393     7227.063
59.785     7227.225
59.004     7232.652
59.163     7238.97
58.804     7247.232
58.507     7256.547
58.52     7264.161
58.632     7264.647
57.925     7280.361
59.693     7276.23
59.702     7282.224
59.234     7291.701
58.119     7302.474
58.931     7306.767
57.842     7313.328
57.795     7326.126
60.048     7324.911
60.622     7330.5
58.783     7340.22
59.092     7351.317
57.62     7359.255
57.102     7365.654
57.812     7373.835
57.92     7373.835
59.019     7380.801
58.566     7386.552
59.615     7385.256
59.072     7399.188
58.504     7402.104
59.183     7409.637
57.703     7419.681
55.693     7437.015
56.115     7439.688
55.264     7445.439
55.757     7455.726
57.44     7450.299
56.847     7460.667
56.127     7469.415
56.501     7476.138
56.99     7480.269
56.098     7485.129
55.44     7500.195
55.52     7500.681
54.286     7511.859
54.525     7518.906
54.481     7519.635
54.12     7533.486
55.679     7529.112
54.892     7543.935
54.923     7545.474
53.184     7556.571
53.777     7563.942
53.501     7565.481
51.651     7584.111
51.524     7587.108
51.568     7590.105
51.458     7601.283
51.416     7604.928
51.417     7612.866
51.348     7616.511
50.655     7629.876
51.029     7631.577
51.29     7633.359
51.978     7642.431
50.426     7650.531
51.253     7659.441
50.518     7662.924
49.67     7675.236
50.743     7677.018
50.579     7678.962
50.759     7690.464
51.874     7688.52
51.304     7697.673
50.621     7707.069
50.909     7712.982
50.923     7719.462
50.585     7723.026
50.506     7735.176
49.3     7741.737
49.99     7744.329
50.487     7750.971
49.476     7760.448
50.19     7765.227
49.394     7770.735
50.324     7779.483
49.921     7783.857
47.412     7805.16
48.04     7805.565
50.829     7806.699
49.329     7815.042
50.729     7813.584
51.741     7820.955
50.72     7825.41
50.717     7836.345
47.894     7850.763
50.382     7851.897
49.248     7859.916
49.429     7861.536
49.722     7872.714
48.647     7877.574
48.036     7888.995
48.229     7894.017
50.735     7893.207
50.189     7900.497
47.27     7913.538
48.572     7921.395
47.291     7927.146
48.837     7928.766
47.527     7940.835
47.31     7942.536
48.256     7951.77
46.526     7960.275
45.738     7975.584
46.979     7972.263
47.43     7976.556
46.496     7989.354
45.934     7992.027
45.816     8005.068
46.034     8006.526
45.041     8014.383
46.168     8020.215
45.148     8027.91
45.719     8036.496
45.259     8038.764
44.581     8053.02
44.425     8057.232
45.757     8062.983
45.92     8065.575
43.843     8076.591
43.213     8090.199
43.226     8093.358
44.76     8095.626
45.181     8098.623
44.182     8111.502
45.753     8110.368
45.129     8115.066
44.412     8130.132
45.632     8126.325
42.716     8145.846
42.751     8152.164
42.307     8154.918
44.684     8158.482
44.574     8161.074
43.738     8176.95
44.017     8176.95
41.887     8191.287
41.931     8199.468
42.054     8199.711
43.557     8206.353
43.127     8210.403
43.938     8219.88
42.17     8228.79
41.323     8235.756
43.157     8239.563
42.786     8252.442
42.464     8256.492
43.934     8254.71
43.926     8265.807
44.008     8268.723
43.109     8283.546
43.378     8283.222
45.039     8287.596
43.328     8298.45
42.326     8304.12
43.408     8312.058
42.44     8316.594
42.159     8326.557
41.92     8333.361
41.99     8341.785
41.887     8347.455
42.538     8346.888
41.502     8363.574
41.512     8364.465
43.609     8363.898
43.394     8372.241
42.745     8375.724
42.212     8390.061
41.858     8393.463
42.23     8397.594
41.782     8407.962
41.819     8408.529
43.029     8416.386
42.6     8420.355
43.146     8430.723
42.809     8434.368
42.718     8438.661
40.631     8456.805
40.648     8460.774
41.724     8464.824
41.212     8470.251
41.717     8479.404
40.6     8487.018
41.245     8487.423
41.927     8496.576
40.836     8501.436
38.755     8519.499
38.798     8524.278
38.595     8526.951
40.811     8530.596
40.441     8534.646
39.946     8543.799
40.317     8548.254
38.821     8562.51
39.619     8564.94
40.06     8565.183
37.831     8586
37.457     8588.349
36.546     8599.365
39.41     8596.206
38.82     8599.122
37.941     8615.16
36.939     8621.235
36.492     8635.329
37.268     8633.628
35.414     8646.426
37.149     8647.479
37.259     8649.585
37.239     8661.735
37.891     8661.087
36.362     8671.455
39.223     8671.05
37.996     8676.072
36.451     8696.079
36.552     8696.484
37.484     8704.098
36.605     8710.983
36.645     8713.413
37.797     8720.622
36.724     8727.993
37.346     8733.42
35.802     8743.788
37.189     8748.162
36.26     8756.343
37.061     8755.776
37.473     8766.711
36.511     8771.247
36.701     8778.699
34.279     8794.494
34.963     8793.036
34.553     8807.292
33.892     8811.909
35.148     8813.367
35.058     8821.386
36.006     8824.302
35.198     8834.103
32.922     8844.795
34.63     8851.113
32.37     8861.643
33.519     8862.453
31.877     8877.924
31.471     8883.027
32.277     8889.264
31.918     8893.476
33.043     8901.009
32.711     8904.492
31.388     8913.564
31.022     8923.122
31.6     8924.58
31.193     8937.216
31.411     8939.322
30.035     8947.989
30.934     8956.089
31.019     8956.413
32.578     8961.03
32.653     8965.404
33.11     8965.647
31.583     8983.548
30.551     8988.165
32.148     8991.972
31.925     8998.452
31.422     9001.53
32.621     9009.549
32.29     9012.87
30.822     9030.933
30.243     9034.173
30.126     9041.787
30.402     9048.834
26.776     9069.003
27.837     9072.081
28.039     9073.701
27.796     9079.614
27.882     9088.605
26.677     9098.163
28.552     9098.73
28.775     9100.917
28.49     9114.282
28.314     9118.089
27.251     9125.46
27.491     9135.828
27.341     9139.959
29.432     9140.283
28.688     9146.763
28.341     9161.91
27.666     9165.15
28.349     9173.655
27.712     9180.459
27.828     9182.322
27.559     9195.201
27.132     9197.55
28.087     9203.544
27.448     9211.482
29.516     9212.94
28.565     9221.931
28.222     9225.495
28.088     9238.536
28.135     9239.508
27.429     9250.038
28.019     9255.06
28.099     9255.789
28.019     9268.587
28.019     9268.587
28.666     9263.16
27.548     9258.3
26.916     9260.892
27.619     9248.418
28.313     9243.801
28.578     9233.352
28.7     9230.274
29.177     9226.953
29.951     9213.588
28.667     9217.152
28.433     9210.834
27.697     9210.348
27.302     9204.273
27.037     9200.952
27.605     9198.036
26.036     9193.095
27.786     9185.886
28.129     9173.25
27.665     9174.708
27.278     9170.01
27.944     9161.991
27.788     9162.315
28.476     9148.545
28.936     9146.115
27.975     9144.9
26.342     9144.09
28.14     9132.831
28.645     9124.407
28.57     9123.84
28.902     9111.69
27.829     9114.768
28.53     9108.612
27.697     9103.347
29.807     9092.574
27.75     9091.116
26.497     9095.895
28.107     9079.938
27.983     9075.807
26.399     9074.673
27.654     9067.707
25.678     9065.844
26.827     9058.311
27.547     9054.585
27.516     9044.217
28.814     9038.223
27.24     9037.17
27.331     9032.958
26.417     9028.665
27.578     9019.998
27.406     9019.755
27.409     9008.334
28.031     9005.094
26.343     9000.315
26.598     8999.019
26.475     8993.835
26.758     8986.221
25.452     8991.081
25.131     8980.794
26.277     8975.61
25.596     8973.747
27.425     8959.248
27.111     8956.575
25.948     8954.064
26.17     8952.282
26.362     8940.618
25.645     8941.752
26.937     8926.929
26.788     8925.633
29.308     8913.402
29.344     8906.031
28.278     8907.489
26.756     8903.682
25.473     8906.355
25.772     8903.358
26.039     8891.856
25.932     8891.046
25.168     8883.351
25.423     8881.083
26.117     8871.525
27.656     8861.562
28.561     8850.708
28.545     8846.415
28.119     8847.225
27.631     8837.829
25.639     8844.309
26.019     8836.776
24.585     8836.452
24.759     8829.891
25.177     8821.953
25.167     8821.629
25.04     8810.694
24.733     8811.342
24.836     8806.239
25.758     8795.223
26.027     8790.12
25.735     8783.235
27.528     8776.269
27.406     8765.901
26.425     8768.169
26.877     8763.309
25.516     8759.097
26.049     8754.48
26.104     8744.598
25.877     8745.651
24.223     8739.495
22.999     8742.492
24.005     8728.398
24.751     8725.401
24.605     8717.058
25.366     8710.335
25.281     8709.606
23.933     8703.612
23.924     8702.64
24.439     8689.356
25.802     8682.876
23.784     8684.334
24.541     8676.396
23.939     8671.86
25.252     8661.573
25.177     8661.33
23.911     8654.769
24.436     8651.934
23.735     8649.585
25.488     8635.977
24.721     8633.952
25.362     8623.908
23.926     8629.092
22.671     8622.693
23.277     8619.048
22.766     8610.381
23.783     8605.035
22.312     8607.789
23.965     8592.48
23.458     8594.1
22.801     8586.324
22.128     8586.567
20.861     8581.14
22.613     8572.149
23.626     8566.155
22.828     8558.784
22.996     8558.298
22.18     8552.466
23.183     8545.338
22.769     8545.824
22.572     8535.132
24.156     8527.599
24.478     8519.742
23.052     8520.39
23.039     8513.1
23.224     8507.268
23.258     8506.134
23.266     8494.794
22.662     8496.657
24.375     8484.345
23.2     8482.32
23.757     8479.971
22.847     8471.952
23.362     8468.712
24.167     8461.098
22.95     8457.939
22.685     8454.942
22.458     8447.166
24.396     8435.745
22.72     8434.935
22.036     8436.069
22.79     8430.156
22.553     8421.651
23.41     8415.738
23.489     8407.881
22.855     8407.881
23.504     8395.569
22.794     8395.407
22.797     8393.301
22.297     8384.553
21.104     8380.017
22.118     8372.646
20.467     8377.425
19.757     8368.92
20.07     8367.543
21.543     8354.421
21.014     8351.505
21.493     8342.595
22.557     8333.604
22.056     8334.495
22.168     8322.426
22.06     8322.507
21.646     8318.295
21     8314.164
20.327     8310.924
21.614     8299.827
23.252     8292.699
20.338     8292.942
19.886     8292.78
20.074     8288.811
22.008     8272.125
19.69     8277.795
20.452     8265.159
20.479     8265.159
19.697     8258.193
20.375     8252.928
19.152     8255.52
19.624     8243.289
20.072     8241.507
21.384     8227.737
21.67     8222.553
21.896     8213.4
21.475     8210.727
21.508     8209.35
19.19     8206.596
19.066     8206.596
20.754     8192.988
21.322     8185.536
21.701     8183.349
20.548     8176.302
21.019     8173.548
20.621     8169.417
20.781     8162.046
18.562     8165.205
18.937     8157.267
19.463     8153.784
20.373     8139.285
20.245     8138.232
19.591     8136.45
20.509     8124.705
19.876     8123.085
20.36     8114.013
21.491     8108.343
19.063     8106.48
19.875     8101.458
21.882     8091.414
18.843     8092.791
20.995     8082.585
19.831     8076.267
20.824     8072.541
20.603     8063.874
20.041     8062.578
20.442     8059.419
19.419     8052.21
19.474     8050.752
19.418     8039.493
20.682     8034.552
18.867     8028.72
20.434     8021.592
55.385     7870.932
104.21     7684.956
106.88     7668.27
109.421     7652.394
109.421     7651.827
109.598     7639.11
108.929     7640.649
107.215     7635.789
107.616     7633.44
108.059     7626.636
107.075     7622.343
106.882     7622.586
107.365     7609.788
107.205     7608.654
108.455     7593.183
109.029     7589.376
108.795     7587.027
107.841     7580.79
108.008     7580.061
108.075     7569.45
110.054     7559.163
108.767     7561.674
107.942     7554.384
107.87     7552.278
108.656     7542.072
108.547     7538.994
107.856     7532.676
108.314     7526.925
108.121     7526.358
107.638     7516.719
108.659     7512.831
107.702     7508.538
107.395     7504.407
107.128     7498.494
108.112     7489.584
109.247     7484.238
108.316     7476.3
108.491     7473.951
107.299     7472.817
108.949     7459.938
107.837     7458.804
107.786     7452.405
108.728     7447.059
108.46     7436.772
107.916     7437.744
107.192     7436.286
105.61     7433.532
106.588     7429.644
107.379     7415.469
106.328     7417.413
104.591     7413.363
78.442     7509.186
111.704     7381.206
114.471     7360.632
114.676     7359.579
113.964     7352.613
114.574     7346.781
114.7     7344.594
115.404     7330.986
114.191     7334.064
114.497     7325.64
114.6     7320.618
113.438     7316.973
113.988     7310.574
114.805     7306.119
114.194     7296.318
113.682     7296.885
114.02     7284.006
114.227     7282.224
114.122     7270.722
114.345     7269.264
113.979     7264.647
113.14     7261.083
113.934     7252.821
113.143     7249.257
113.264     7247.394
113.073     7236.459
112.891     7235.244
112.686     7231.68
112.421     7224.228
112.139     7221.555
111.599     7214.589
111.286     7215.642
111.337     7204.545
110.427     7206.003
109.679     7197.822
109.212     7196.85
109.55     7193.043
109.352     7183.161
110.689     7175.79
110.326     7169.391
109.525     7169.148
109.384     7161.696
108.639     7159.509
108.908     7150.923
108.298     7148.007
109.061     7144.2
109.059     7132.617
108.703     7133.265
109.926     7121.925
109.832     7115.769
108.974     7118.361
109.884     7103.133
108.785     7105.725
109.463     7091.793
109.291     7091.307
109.07     7087.176
108.158     7081.992
107.51     7084.098
107.216     7073.973
107.682     7070.409
108.604     7063.524
108.789     7053.237
107.713     7054.209
107.49     7047.324
107.563     7044.489
108.715     7029.828
108.562     7027.479
110.087     7019.703
109.307     7011.846
109.228     7010.145
107.848     7004.07
107.141     7006.581
108.793     6991.596
109.052     6986.25
108.714     6986.169
108.609     6974.91
108.875     6972.642
107.151     6967.296
106.412     6969.483
107.851     6957.09
107.929     6950.61
107.417     6951.987
108.064     6936.678
107.564     6932.709
108.652     6921.45
107.292     6926.148
106.086     6919.02
108.837     6906.708
106.539     6903.954
107.853     6897.555
107.205     6896.016
107.222     6886.458
107.67     6884.838
106.36     6878.601
108.604     6867.666
106.522     6864.993
107.011     6860.781
109.271     6849.603
107.95     6843.933
108.879     6840.288
108.4     6832.107
108.572     6827.895
109.08     6816.393
108.599     6814.206
108.466     6813.153
108.658     6801.084
107.498     6804.243
108.441     6788.772
107.891     6790.716
106.599     6787.233
108.091     6776.136
107.984     6775.65
106.751     6768.522
107.293     6765.12
107.127     6759.612
107.438     6751.836
107.817     6744.546
106.783     6742.116
107.552     6737.58
107.917     6724.539
106.682     6727.617
107.557     6719.517
106.471     6715.224
107.26     6711.903
107.431     6699.834
105.705     6704.37
105.686     6693.354
105.624     6691.572
106.978     6683.148
105.894     6677.235
105.686     6675.372
106.223     6662.898
106.005     6660.954
104.842     6657.552
104.101     6657.147
104.836     6645.078
104.744     6641.271
105.712     6636.087
106.833     6620.13
106.571     6619.563
105.451     6616.485
106.472     6607.656
106.093     6601.257
104.63     6601.5
105.684     6596.64
104.279     6589.836
105.048     6585.3
105.697     6577.038
104.858     6573.312
106.144     6563.511
105.285     6557.922
103.832     6558.894
103.859     6550.227
105.603     6539.373
104.318     6535.08
104.826     6533.055
103.068     6528.519
102.883     6526.332
102.994     6523.092
104.346     6507.702
104.409     6504.705
104.141     6495.066
104.767     6492.393
102.322     6491.826
103.482     6484.05
102.599     6485.346
104.357     6467.607
103.661     6469.713
102.969     6463.881
103.239     6457.968
101.44     6456.429
101.787     6450.111
103.581     6441.849
104.87     6425.163
103.996     6427.674
103.94     6420.708
103.386     6416.415
104.084     6413.175
104.994     6397.785
105.034     6396.327
104.773     6385.311
104.391     6385.716
105.045     6378.102
105.849     6366.843
106.476     6359.796
104.978     6358.176
104.581     6357.69
104.843     6345.135
104.279     6345.135
105.169     6338.169
105.278     6327.72
104.506     6330.474
106.214     6313.464
105.716     6312.411
104.502     6306.822
104.474     6303.582
104.822     6300.018
103.939     6292.485
104.336     6288.678
104.955     6278.634
103.713     6279.12
104.355     6268.104
103.325     6266.889
103.386     6265.269
101.769     6259.437
102.246     6256.521
103.151     6246.315
102.963     6241.131
103.485     6232.221
102.208     6230.196
102.835     6227.118
102.569     6215.94
102.036     6216.345
102.099     6204.357
101.134     6206.625
103.182     6193.746
102.042     6189.534
100.652     6182.892
100.33     6182.406
100.146     6179.328
101.799     6163.452
102.014     6159.078
101.319     6151.383
100.137     6155.271
99.518     6147.171
99.679     6143.445
99.145     6135.345
99.554     6130.728
101.113     6122.223
100.608     6112.908
99.406     6115.257
97.574     6114.528
99.496     6102.783
98.287     6098.652
99.534     6089.094
99.029     6089.499
99.545     6075.891
99.32     6075.081
97.764     6068.601
99.348     6061.23
97.573     6061.716
99.957     6046.083
99.339     6041.709
98.958     6036.768
99.241     6034.176
99.498     6021.135
99.813     6018.786
99.419     6015.222
100.083     6004.368
99.446     6006.312
98.801     5997.24
101.309     5986.062
100.643     5976.828
100.634     5974.965
100.817     5970.429
99.441     5965.731
100.36     5962.167
100.092     5952.204
100.414     5948.235
101.75     5932.521
100.371     5934.951
100.525     5931.873
99.357     5928.39
99.599     5924.016
100.379     5910.813
100     5908.464
101.498     5900.688
100.373     5893.155
100.735     5891.292
101.108     5881.329
99.44     5882.382
100.797     5876.064
100.033     5867.154
99.403     5868.126
100.853     5856.138
99.948     5852.979
100.573     5843.502
100.321     5838.156
100.62     5835.807
99.095     5829.57
98.589     5829.894
99.443     5821.632
99.075     5814.99
99.978     5806.161
98.901     5798.466
100.638     5794.173
100.076     5783.238
98.655     5784.534
98.934     5775.786
99.412     5771.817
98.432     5764.122
98.959     5759.667
99.519     5754.321
100.001     5742.576
98.417     5745.492
98.173     5738.607
98.01     5735.205
98.275     5724.999
99.133     5717.709
98.99     5715.846
97.719     5708.961
97.817     5708.151
98.811     5695.596
98.416     5692.518
98.769     5689.521
99.086     5676.561
98.472     5677.371
98.134     5672.268
98.294     5665.059
97.4     5661.414
97.107     5655.339
97.739     5652.342
97.83     5639.868
98.344     5636.547
97.8     5633.388
97.162     5627.475
96.66     5624.559
96.993     5615.892
97.795     5610.708
96.648     5603.661
97.163     5600.097
96.714     5597.586
97.623     5583.978
96.909     5583.087
96.206     5577.822
96.879     5572.638
95.801     5565.915
97.149     5558.058
98.211     5551.173
95.622     5549.472
95.376     5548.095
95.58     5539.752
95.579     5535.54
95.045     5528.655
95.909     5520.879
96.9     5514.966
96.677     5503.464
97.509     5499.819
97.551     5492.043
96.213     5490.747
96.35     5489.532
94.216     5485.239
94.281     5484.267
95.785     5471.955
94.903     5468.148
96.551     5461.182
94.729     5455.836
95.855     5450.004
97.314     5439.312
95.402     5437.773
96.866     5427.486
95.465     5425.137
95.468     5422.869
94.645     5414.445
93.464     5412.906
93.463     5405.13
93.52     5402.376
93.794     5398.164
94.195     5386.338
93.238     5386.824
93.955     5376.132
93.613     5374.026
92.34     5368.761
92.739     5363.901
92.893     5360.661
92.885     5349.24
92.44     5348.43
93.022     5338.467
94.313     5328.99
93.972     5321.862
93.729     5318.136
92.635     5320.323
92.44     5308.659
92.593     5306.472
91.634     5303.313
90.454     5301.126
90.436     5294.484
91.136     5284.44
91.763     5281.443
91.524     5270.265
91.477     5269.131
90.932     5266.215
90.931     5257.872
92.325     5252.364
91.066     5248.881
91.002     5244.021
92.024     5238.837
92.628     5224.095
91.452     5226.93
91.368     5220.774
92.462     5210.163
91.46     5206.923
93.078     5194.125
92.835     5194.53
92.959     5181.57
92.189     5182.704
90.827     5175.333
91.633     5171.04
92.066     5164.155
92.508     5153.949
90.581     5156.217
91.265     5146.092
90.879     5145.039
90.909     5133.537
91.809     5127.543
91.472     5125.68
90.751     5117.985
90.09     5117.256
90.338     5108.346
90.979     5102.595
87.552     5104.539
87.853     5100.489
89.336     5092.146
88.729     5082.993
90.178     5075.46
90.965     5064.849
90.312     5062.824
90.545     5052.537
88.758     5054.319
90.255     5047.353
88.488     5041.683
89.997     5034.312
90.119     5027.103
88.886     5024.268
90.623     5005.719
89.102     5009.769
88.035     5007.825
89.718     4993.974
87.581     4995.999
86.078     4994.541
87.932     4986.036
87.304     4976.154
88.067     4971.699
87.668     4968.459
88.304     4958.496
89.23     4952.664
88.823     4942.62
88.609     4941.324
89.748     4933.062
88.94     4925.772
87.547     4930.551
86.756     4922.37
87.754     4915.242
87.957     4912.083
87.808     4901.31
87.849     4898.718
87.443     4892.481
86.924     4890.051
87.951     4876.767
88.167     4871.745
87.138     4873.284
87.423     4860.162
87.342     4859.757
86.564     4854.492
85.113     4854.249
86.44     4841.208
86.738     4834.647
86.762     4832.865
85.433     4825.17
84.57     4827.519
84.994     4819.095
85.835     4808.322
85.965     4807.188
87.152     4790.421
86.004     4792.851
86.177     4787.424
86.722     4776.651
87.161     4769.847
87.137     4762.314
86.886     4761.18
86.205     4759.803
86.503     4748.706
85.741     4747.653
85.867     4737.123
85.744     4736.961
85.914     4725.054
84.502     4727.727
85.413     4721.166
84.865     4712.013
85.535     4709.016
86.174     4696.38
86.67     4690.548
86.623     4680.828
87.297     4674.267
86.414     4675.644
86.531     4663.089
86.824     4661.469
85.808     4656.69
87.511     4644.297
87.501     4643.325
87.111     4632.39
86.757     4632.39
86.851     4625.586
87.363     4615.704
85.715     4609.386
86.04     4607.118
85.718     4602.177
85.798     4593.51
86.166     4591.404
87.229     4574.961
87.021     4573.908
87.458     4567.671
86.676     4561.353
86.098     4559.328
87.036     4548.069
87.276     4544.748
86.183     4537.215
86.527     4533.327
87.643     4525.794
87.181     4516.965
86.193     4520.367
85.515     4511.862
85.217     4509.432
85.771     4505.058
84.862     4496.391
85.928     4490.154
86.272     4481.325
85.134     4480.677
85.614     4470.309
84.96     4468.203
85.373     4464.72
85.253     4452.894
83.76     4456.134
84.341     4447.224
83.279     4444.632
83     4444.632
84.473     4426.65
84.242     4426.164
83.883     4421.547
84.178     4412.718
84.153     4406.724
82.66     4405.509
82.069     4405.752
81.689     4395.141
81.761     4393.197
82.097     4386.879
81.93     4378.131
81.796     4378.05
83.327     4360.392
83.504     4356.828
84.139     4351.158
82.937     4345.245
83.206     4340.466
83.426     4331.799
83.776     4327.182
84.048     4315.68
84.052     4312.359
83.38     4311.954
83.26     4300.776
82.906     4299.885
83.191     4291.056
83.655     4284.495
85.313     4269.267
84.903     4266.189
84.625     4265.298
84.482     4258.656
83.965     4254.768
84.456     4244.481
83.167     4243.59
83.272     4241.484
83.622     4227.957
83.201     4228.605
81.606     4227.714
81.065     4221.72
80.418     4218.723
80.833     4208.679
80.57     4203.9
81.535     4192.884
82.261     4188.186
80.613     4182.273
81.744     4176.117
80.405     4176.279
80.352     4166.802
80.952     4164.048
79.265     4158.783
80.834     4149.954
79.58     4151.412
80.128     4138.29
79.111     4138.938
78.073     4135.05
79.903     4124.601
79.974     4114.233
80.055     4110.183
79.831     4108.644
80.234     4094.955
80.899     4091.553
81.391     4080.294
81.154     4076.244
80.8     4076.163
79.951     4067.091
79.457     4066.686
80.415     4056.237
79.645     4052.997
81.582     4038.336
81.438     4032.585
81.241     4031.289
80.106     4022.865
80.394     4020.759
80.439     4014.441
79.218     4010.877
78.997     4010.877
79.045     3998.241
78.718     3997.431
79.593     3989.655
78.67     3983.742
79.334     3976.452
79.301     3968.433
78.607     3968.676
78.745     3956.688
78.138     3956.607
78.483     3951.423
79.171     3937.896
78.637     3939.435
80.103     3923.235
78.455     3925.584
78.317     3923.883
80.027     3905.82
79.231     3906.063
79.948     3895.938
77.264     3901.122
77.875     3889.458
76.774     3888.891
78.293     3881.358
79.566     3869.289
77.235     3872.124
77.725     3862.242
76.501     3861.027
76.141     3860.46
76.324     3847.581
75.833     3848.472
77.808     3833.892
75.862     3833.811
76.613     3830.409
75.529     3820.365
75.6     3814.452
74.745     3810.078
76.13     3802.95
74.984     3795.174
75.461     3791.529
74.841     3789.099
76.235     3774.033
76.252     3773.304
76.212     3762.045
76.706     3757.59
75.491     3758.157
76.065     3745.44
76.136     3744.468
74.195     3740.904
75.09     3733.776
75.666     3729.159
74.94     3720.087
74.208     3720.492
73.435     3715.551
74.24     3707.694
73.976     3699.027
74.959     3691.089
74.217     3691.494
74.739     3677.238
75.869     3672.216
73.805     3671.811
75.956     3657.555
76.519     3654.153
74.947     3647.268
75.193     3644.433
76.088     3628.395
76.225     3626.694
76.043     3621.024
75.211     3615.516
75.839     3612.438
74.639     3604.419
74.204     3604.257
75.521     3594.78
74.345     3589.272
76.159     3578.337
75.159     3574.125
74.768     3573.234
74.976     3560.76
74.164     3561.084
74.768     3555.009
74.387     3545.613
74.496     3544.317
75.119     3531.357
73.671     3533.544
74.84     3526.416
75.471     3512.079
74.642     3512.808
74.602     3505.437
73.21     3505.761
74.312     3491.991
73.886     3488.994
74.579     3484.458
73.924     3479.598
72.814     3477.573
72.899     3468.906
71.838     3466.557
71.974     3464.937
72.799     3449.385
72.381     3448.818
72.993     3440.637
71.706     3437.721
71.725     3430.998
72.138     3422.493
71.638     3422.493
72.061     3406.698
72.634     3403.863
70.186     3400.704
71.458     3393.657
71.312     3389.769
71.222     3380.049
69.299     3383.046
69.725     3373.569
72.277     3361.095
70.871     3354.858
71.528     3349.512
71.435     3346.353
70.989     3336.795
70.812     3336.714
69.982     3329.829
71.137     3321.162
71.464     3317.679
71.797     3304.638
71.12     3304.395
70.076     3300.588
70.703     3293.379
70.67     3284.874
70.957     3278.718
70.382     3278.718
70.052     3266.973
70.922     3263.247
68.086     3266.001
70.632     3249.315
71.115     3246.237
69.953     3238.137
70.365     3234.816
70.442     3228.579
69.631     3223.719
68.029     3223.719
68.681     3214.161
69.774     3208.005
69.13     3198.123
69.683     3193.992
68.134     3194.964
70.333     3176.901
69.869     3178.116
68.274     3172.446
68.04     3170.259
67.677     3168.477
69.629     3150.09
70.621     3142.8
69.783     3137.94
68.799     3137.94
70.255     3130.002
70.367     3117.528
71.892     3109.509
69.899     3104.649
70.294     3102.462
70.375     3092.823
69.896     3089.097
70.908     3083.67
70.323     3073.788
71.767     3066.417
72.029     3058.317
70.282     3058.317
69.957     3051.999
68.771     3050.298
71.435     3038.391
70.139     3030.291
70.021     3029.724
70.844     3020.166
67.922     3022.839
68.938     3018.303
68.117     3008.745
68.778     3003.804
67.746     2995.461
67.711     2993.193
69.783     2972.862
69.759     2970.432
68.635     2970.999
68.972     2959.416
68.377     2958.039
68.5     2949.858
67.283     2950.992
69.03     2933.253
68.689     2930.904
69.29     2918.349
68.663     2917.134
68.159     2915.919
68.022     2904.174
68.201     2902.878
66.944     2898.099
67.372     2890.971
67.476     2889.027
67.189     2877.444
66.407     2879.631
68.75     2862.297
68.207     2858.49
67.776     2858.733
66.674     2849.904
68.334     2841.885
68.201     2836.134
68.637     2826.981
66.971     2826.576
67.077     2819.124
67.862     2814.264
67.489     2802.843
67.642     2800.899
65.515     2803.491
66.186     2791.26
67.051     2787.372
65.845     2779.677
67.123     2772.387
65.371     2766.96
65.979     2762.262
65.535     2760.156
65.192     2750.436
65.133     2750.274
65.276     2738.934
64.746     2736.99
65.359     2723.787
65.579     2719.494
65.674     2716.578
65.041     2706.939
64.598     2708.154
65.112     2696.409
64.957     2691.711
65.061     2689.686
63.861     2681.91
64.965     2675.592
64.121     2671.542
62.757     2670.327
62.281     2664.333
63.778     2652.588
63.462     2651.859
62.403     2643.111
62.998     2639.709
64.632     2626.587
63.708     2622.051
64.718     2617.434
64.912     2604.393
66.232     2597.022
67.399     2587.869
65.023     2587.707
64.51     2576.367
63.93     2576.124
63.897     2572.479
62.711     2566.323
62.046     2564.703
62.466     2555.145
62.324     2552.31
62.964     2539.026
63.194     2535.138
63.744     2529.549
63.45     2519.1
63.443     2516.427
63.172     2509.218
62.06     2508.651
62.114     2499.012
61.931     2495.043
61.793     2493.423
61.846     2480.625
60.983     2483.136
60.313     2476.98
60.737     2469.285
61.435     2465.478
61.898     2451.141
60.615     2453.814
60.893     2446.281
61.394     2436.966
60.7     2432.43
61.173     2424.168
62.147     2418.417
61.903     2406.591
62.402     2403.594
62.166     2398.491
61.161     2393.388
61.854     2385.45
62.403     2375.73
61.834     2375.082
60.423     2368.521
60.955     2363.985
61.273     2358.72
60.363     2351.43
61.276     2347.623
59.842     2341.71
60.57     2335.311
60.115     2334.015
59.643     2324.457
59.533     2322.108
59.543     2313.765
59.035     2311.497
58.571     2303.397
60.117     2292.462
60.556     2288.979
59.426     2281.203
59.154     2279.664
59.027     2273.022
58.878     2267.514
58.45     2261.196
58.846     2253.906
58.374     2253.258
57.115     2245.158
57.43     2242.971
57.675     2235.195
56.578     2231.793
57.962     2220.21
57.998     2213.001
58.562     2208.546
58.329     2196.963
58.801     2193.399
58.84     2187.891
58.312     2179.953
56.372     2174.526
58.335     2165.049
57.666     2163.186
58.402     2149.983
58.662     2148.444
57.342     2141.802
57.794     2136.618
59.056     2129.004
58.276     2120.418
58.193     2117.826
58.786     2107.62
57.582     2108.106
58.118     2095.956
57.151     2095.227
57.37     2091.906
57.309     2079.756
57.386     2078.784
58.649     2065.257
57.646     2063.151
57.832     2061.045
55.666     2056.266
56.921     2049.381
56.416     2044.764
55.48     2040.714
56.158     2031.399
56.35     2024.109
55.591     2024.676
54.677     2015.685
55.565     2010.663
56.873     2000.133
55.432     1996.245
55.946     1993.653
56.592     1978.992
54.776     1983.123
54.23     1981.098
54.614     1969.839
54.188     1966.842
54.657     1957.122
55.131     1951.857
55.327     1940.274
54.813     1938.978
53.521     1940.355
54.08     1926.828
53.871     1926.909
54.547     1914.03
53.694     1912.734
54.328     1908.36
53.474     1899.45
52.796     1899.531
53.756     1888.272
53.962     1882.035
54.238     1872.072
54.271     1866.645
53.961     1865.43
51.752     1860.975
52.719     1856.358
53.987     1843.965
53.623     1838.376
52.544     1841.454
52.64     1828.251
52.789     1825.497
52.067     1822.662
52.595     1812.051
52.117     1807.839
52.43     1797.633
53.306     1793.664
52.602     1784.43
53.431     1778.517
52.972     1776.168
52.46     1768.149
50.526     1762.641
51.663     1755.837
52.203     1750.005
50.32     1746.117
51.153     1742.553
49.811     1736.397
50.474     1730.322
48.846     1733.724
49.028     1721.493
50.414     1713.555
49.538     1708.614
51.558     1696.059
50.258     1690.956
51.527     1681.965
50.617     1682.694
50.589     1670.625
51.373     1666.98
48.781     1667.952
49.879     1657.827
49.425     1650.618
49.356     1645.272
49.947     1641.141
49.903     1628.748
50.013     1627.047
50.059     1619.514
49.993     1612.224
50.426     1609.632
51.478     1593.351
50.217     1595.781
49.597     1592.784
47.972     1589.949
47.211     1587.357
47.739     1578.123
49.616     1568.484
48.572     1560.141
48.716     1556.82
50.017     1547.991
48.755     1542.24
49.91     1533.897
50.271     1524.258
49.471     1523.772
49.781     1511.703
48.348     1513.89
49.394     1506.762
50.505     1491.048
49.693     1490.886
49.454     1483.92
48.763     1482.057
47.787     1475.982
47.35     1472.904
48.341     1466.748
46.709     1460.673
46.904     1458.729
47.071     1449.981
47.252     1442.286
48.417     1430.379
47.825     1426.653
48.146     1423.494
48.285     1410.291
47.012     1413.936
47.301     1405.917
46.706     1400.004
47.458     1396.521
46.588     1387.206
46.007     1386.963
46.197     1381.374
46.003     1372.869
48.385     1358.937
48.843     1349.379
47.555     1351.566
46.487     1341.279
47.082     1338.282
45.773     1331.883
46.49     1325.646
45.781     1325.16
45.541     1314.387
44.108     1316.898
44.134     1308.717
45.527     1299.159
43.963     1295.028
44.767     1287.819
44.624     1285.875
46.065     1268.055
46.449     1265.868
44.672     1263.762
45.246     1255.662
45.421     1253.637
45.312     1241.406
46.011     1236.708
45.703     1225.125
45.456     1224.963
44.341     1222.29
45.025     1211.76
45.517     1209.249
45.015     1198.314
46.497     1190.457
46.034     1186.893
44.089     1185.516
43.653     1181.709
43.436     1174.905
42.261     1176.93
43.092     1161.459
43.818     1156.518
45.146     1147.527
43.247     1144.206
43.172     1143.882
44.001     1129.14
42.164     1132.542
42.944     1118.691
42.781     1115.937
43.287     1110.996
44.5     1094.715
44.317     1094.796
43.32     1088.316
43.385     1083.132
44.559     1076.976
42.732     1071.792
43.804     1065.474
43.251     1060.29
41.45     1061.1
42.734     1047.654
41.947     1045.062
42.571     1040.931
41.382     1032.426
42.685     1025.865
41.905     1022.544
40.051     1021.572
42.365     1006.182
41.056     1004.319
42.527     996.542999999999
41.333     988.442999999999
41.335     986.660999999999
40.774     983.501999999999
40.3     975.887999999999
40.863     972.890999999999
41.433     959.039999999999
41.766     955.070999999999
41.759     943.163999999999
41.416     942.110999999999
41.241     930.851999999999
42.763     921.617999999999
41.638     922.670999999999
40.216     916.514999999999
39.879     914.975999999999
40.342     905.174999999999
39.91     902.501999999999
39.101     895.778999999999
39.328     890.513999999999
40.179     884.600999999999
40.323     872.288999999999
40.162     872.126999999999
39.427     866.051999999999
39.855     858.599999999999
38.599     861.677999999999
37.324     854.144999999999
38.093     849.122999999999
36.67     847.745999999999
36.889     839.807999999999
37.195     831.545999999999
37.501     822.716999999999
37.832     820.529999999999
36.356     814.049999999999
37.547     807.326999999999
37.573     794.285999999999
38.018     791.288999999999
37.268     789.020999999999
39.747     770.309999999999
39.84     768.932999999999
38.051     763.829999999999
38.507     759.617999999999
36.902     753.947999999999
37.758     748.358999999999
35.905     751.274999999999
36.301     738.962999999999
37.101     735.398999999999
36.996     724.625999999999
37.724     718.226999999999
37.193     717.578999999999
36.062     710.369999999999
34.424     713.690999999999
33.731     708.425999999999
34.482     700.811999999999
32.739     697.814999999999
34.586     685.826999999999
33.605     687.851999999999
32.8     678.536999999999
35.217     666.872999999999
35.154     660.473999999999
34.589     656.423999999999
34.62     648.647999999999
32.846     649.295999999999
33.89     643.382999999999
32.804     635.201999999999
32.152     636.335999999999
34.239     621.674999999999
32.575     619.892999999999
34.131     613.331999999999
33.752     602.396999999999
33.15     602.153999999999
32.009     594.134999999999
32.346     591.056999999999
33.567     581.984999999999
31.429     580.202999999999
31.97     577.286999999999
32.557     563.597999999999
31.524     564.002999999999
33.278     554.201999999999
32.945     544.967999999999
30.905     542.375999999999
32.044     533.789999999999
32.204     530.630999999999
32.235     518.480999999999
32.778     514.025999999999
32.765     506.897999999999
31.444     505.925999999999
30.762     500.336999999999
31.363     492.398999999999
30.642     493.208999999999
32.99     471.905999999999
33.083     470.285999999999
30.185     475.388999999999
30.621     465.830999999999
28.852     466.397999999999
28.278     461.051999999999
29.771     453.194999999999
29.299     443.069999999999
29.518     440.315999999999
29.534     435.779999999999
30.324     422.738999999999
30     423.548999999999
29.339     414.881999999999
29.672     410.102999999999
27.839     406.295999999999
28.069     402.488999999999
28.435     397.790999999999
27.671     389.285999999999
28.409     383.615999999999
28.121     377.135999999999
28.127     372.437999999999
29.132     359.072999999999
29.635     352.268999999999
28.508     354.860999999999
27.599     346.355999999999
27.51     344.330999999999
26.827     340.037999999999
26.662     334.529999999999
25.894     329.669999999999
25.966     322.784999999999
26.553     313.550999999999
26.193     308.933999999999
25.05     311.282999999999
25.859     295.973999999999
27.011     290.303999999999
26.019     287.873999999999
26.321     278.477999999999
24.605     279.611999999999
24.263     273.617999999999
24.882     268.514999999999
24.296     259.361999999999
24.126     257.984999999999
25.643     247.859999999999
24.64     241.703999999999
24.9     240.164999999999
25.275     227.852999999999
24.091     228.824999999999
23.045     222.182999999999
23.179     218.699999999999
22.426     218.294999999999
23.147     204.362999999999
22.279     206.873999999999
22.263     197.558999999999
21.864     194.642999999999
23.27     187.352999999999
21.983     180.629999999999
23.001     174.230999999999
21.886     171.476999999999
19.621     172.934999999999
20.624     157.139999999999
19.601     158.921999999999
19.128     154.304999999999
19.687     145.475999999999
19.754     138.428999999999
19.272     133.082999999999
18.668     134.297999999999
19.865     118.259999999999
19.846     116.234999999999
19.306     113.642999999999
20.472     100.601999999999
18.799     101.897999999999
18.923     92.420999999999
19.161     90.881999999999
17.771     84.887999999999
17.591     82.700999999999
17.827     78.164999999999
16.117     74.681999999999
16.181     70.874999999999
16.782     58.400999999999
15.853     61.397999999999
15.644     52.001999999999
14.423     52.568999999999
13.675     53.378999999999
11.771     49.490999999999
12.779     43.172999999999
13.63     33.047999999999
12.356     32.966999999999
11.259     28.592999999999
11.655     21.545999999999
11.06     15.632999999999
10.607     12.554999999999
10.965     9.23399999999899
9.721     2.510999999999
8.563     4.454999999999
7.319     -2.34900000000101
7.813     -6.318000000001
6.663     -7.290000000001
6.364     -13.203000000001
5.723     -16.524000000001
5.533     -23.571000000001
5.177     -27.378000000001
3.856     -28.836000000001
3.574     -30.780000000001
1.416     -33.291000000001
