Distance_nm     Force_uN
0     -4.013
-0.624     -3.386
-1.312     -2.3514
-1.402     -2.6962
-0.345     -4.8909
1.337     -8.4649
-0.04     -6.2076
-2.34     -2.1946
-1.89     -3.1352
-0.469     -6.1763
-1.435     -4.5773
-1.898     -3.919
-1.528     -4.7968
-3.579     -1.2854
-2.91     -2.7276
-1.693     -5.2044
-0.935     -6.8347
-1.269     -6.4898
-1.984     -5.2671
-3.929     -1.787
-2.252     -5.3611
-1.525     -6.8347
-2.661     -4.9536
-3.66     -3.1352
-3.944     -2.8844
-3.676     -3.48
-3.091     -4.7027
-3.232     -4.546
-3.981     -3.386
-2.981     -5.2671
-2.148     -7.1168
-3.782     -4.1384
-4.728     -2.5081
-3.655     -4.546
-2.74     -6.3644
-2.637     -6.6465
-5.316     -1.693
-7.126     1.6303
-4.45     -3.4173
-2.133     -7.8066
-1.559     -9.0293
-4.78     -2.853
-4.866     -2.7903
-4.366     -3.7935
-3.951     -4.5773
-2.578     -7.0541
-2.518     -7.1482
-4.612     -3.2606
-4.684     -3.1038
-3.47     -5.3298
-4.224     -3.8249
-4.024     -3.8876
-4.351     -3.2292
-4.191     -3.3546
-3.117     -5.2671
-2.247     -6.772
-3.34     -4.6087
-3.096     -4.7341
-2.99     -4.7655
-3.013     -4.3579
-2.872     -4.3579
-2.854     -3.919
-1.057     -6.9287
-1.323     -6.0822
-3.558     -1.2854
-3.268     -1.5362
0.42     -7.8066
0.704     -7.8693
-0.67     -4.2952
-1.341     -2.6335
-0.704     -2.7903
2.061     -7.493
1.025     -4.2325
0.149     -1.9752
3.562     -6.8974
5.01     -8.8725
0.635     1.1914
0.503     2.32
7.758     -8.0574
10.38     -10.4087
8.534     -5.5179
6.617     1.2541
8.015     0.4076
15.863     -10.252
17.358     -10.8163
14.939     -1.2227
17.096     -2.4768
22.511     -6.2076
24.141     -5.5492
26.449     -1.6616
30.415     -4.5773
37.278     -7.3049
39.682     -6.1449
43.194     -0.5957
46.099     0.4076
57.281     -6.8033
61.889     -8.1514
67.374     -3.2606
70.676     -1.5676
81.981     -6.3957
85.832     -5.4238
94.269     -4.1698
104.782     -6.3957
109.402     -6.1763
117.988     -4.2952
122.557     -3.7935
126.829     -2.7589
137.77     -4.6087
148.818     -6.3957
152.908     -4.5146
157.094     -2.853
168.308     -4.9536
173.584     -5.2044
183.627     -4.7655
189.316     -5.5806
199.169     -4.5146
203.918     -3.5741
215.052     -4.7027
220.314     -4.6714
225.669     -4.7655
237.244     -6.3644
241.338     -4.0757
250.848     -2.0065
257.428     -4.2011
270.134     -7.8066
274.503     -5.8314
284.446     -4.2952
290.09     -4.64
301.47     -5.6433
307.553     -6.866
316.776     -3.7622
321.653     -2.5395
327.558     -3.2606
339.471     -5.1417
344.399     -4.0444
355.614     -4.546
361.134     -4.6087
372.639     -5.3925
378.501     -6.0509
388.477     -3.8876
393.629     -3.1038
406.9     -7.1482
412.614     -7.399
417.064     -5.2984
427.503     -3.9503
433.009     -3.8876
444.368     -4.3265
450.664     -5.5492
461.811     -5.3611
466.443     -3.4173
478.391     -4.7341
484.824     -6.333
495.367     -4.7655
500.708     -4.2325
512.899     -5.8001
517.703     -4.2325
528.742     -3.7622
535.103     -5.0476
546.312     -4.8282
551.872     -4.4519
563.573     -4.9849
568.862     -4.2638
580.568     -4.7968
586.723     -5.6746
597.613     -4.546
609.602     -5.4865
615.929     -6.4898
621.24     -5.6433
631.388     -3.1038
637.858     -4.3579
649.636     -4.6714
655.792     -5.3925
667.39     -5.4552
677.733     -3.1352
689.66     -3.5427
696.537     -5.5179
708.012     -5.2984
713.636     -4.9536
725.322     -4.9849
736.229     -3.5741
742.455     -4.2011
754.857     -5.4865
760.463     -5.079
772.207     -4.9536
778.329     -5.3925
783.775     -4.6714
795.824     -5.173
807.902     -5.7374
813.256     -4.5773
825.74     -5.9882
831.872     -6.4271
842.193     -3.5427
848.203     -3.7308
854.486     -4.4833
866.291     -4.3265
878.528     -4.9536
884.67     -5.3925
890.311     -4.9222
901.969     -4.3579
908.672     -5.7374
919.681     -4.0444
926.048     -4.8595
939.204     -6.9287
944.263     -5.1417
954.985     -3.4487
961.6     -4.7027
974.015     -5.5179
979.716     -4.7968
991.06     -3.5114
997.724     -4.64
1011.1     -7.2422
1016.639     -6.333
1027.456     -3.8249
1034.038     -4.7968
1047.063     -6.5211
1052.529     -5.4238
1064.296     -4.8595
1070.734     -5.3925
1076.436     -4.7027
1088.776     -5.1103
1100.529     -4.2325
1106.611     -4.2011
1120.254     -7.0228
1126.244     -6.8974
1131.716     -5.6746
1143.599     -4.9536
1149.629     -4.7341
1162.974     -6.866
1169.533     -7.5871
1179.733     -3.6368
1192.518     -4.4519
1199.308     -5.5806
1205.525     -5.706
1216.77     -3.5427
1223.664     -4.8595
1236.704     -6.1763
1248.6     -5.3611
1255.101     -5.8941
1266.775     -4.4519
1273.182     -4.8282
1287.496     -8.2768
1292.559     -6.1136
1297.032     -2.853
1309.878     -3.6368
1317.727     -6.7093
1330.319     -6.8347
1335.419     -4.64
1346.822     -2.5395
1353.446     -3.1665
1368.549     -7.9006
1374.625     -7.493
1385.819     -4.9849
1399.107     -6.0509
1405.32     -5.8628
1410.644     -4.0444
1423.932     -5.079
1431.538     -7.3676
1442.629     -4.3892
1449.057     -4.5773
1461.847     -4.6714
1474.484     -4.5773
1481.997     -6.6779
1494.984     -7.0855
1499.491     -3.5741
1512.988     -4.8282
1520.675     -7.3676
1532.196     -4.9849
1538.303     -4.546
1551.912     -6.0509
1557.654     -4.7655
1576.284     -3.7308
1583.203     -4.64
1597.388     -7.0855
1604.144     -7.7752
1609.928     -6.5211
1620.83     -2.9784
1635.75     -6.772
1642.197     -6.7406
1654.358     -5.3611
1660.884     -5.5179
1673.446     -4.9536
1679.436     -4.1384
1693.158     -5.3925
1699.572     -5.2671
1712.792     -5.8001
1720.253     -7.5871
1731.871     -4.9536
1737.751     -3.7308
1751.762     -5.5806
1758.576     -6.1136
1771.528     -5.8941
1777.745     -5.2984
1790.493     -4.5146
1797.58     -5.6433
1810.97     -6.2703
1816.472     -4.4519
1829.652     -4.5146
1837.277     -6.5211
1850.348     -6.239
1855.834     -4.2325
1870.277     -6.5838
1876.46     -5.7374
1889.583     -5.6119
1896.926     -7.1168
1908.223     -3.5114
1914.316     -2.6022
1929.854     -6.866
1936.584     -7.0228
1948.163     -3.9503
1955.505     -5.2357
1968.561     -4.7968
1975.141     -4.6714
1989     -5.7687
1996.527     -7.3049
2008.689     -5.0476
2015.22     -4.8595
2028.474     -4.5773
2034.753     -3.7935
2050.255     -7.7125
2056.092     -6.1136
2068.521     -4.0757
2076.6     -6.5838
2088.929     -4.3579
2094.136     -1.5676
2110.461     -6.9914
2119.305     -10.6909
2129.884     -5.2357
2134.625     -1.3168
2149.145     -3.2606
2156.941     -5.079
2165.588     -8.6217
2177.999     -6.333
2189.769     -3.0098
2197.243     -4.1698
2205.473     -6.866
2217.904     -4.5146
2224.307     -3.6995
2240.312     -8.1828
2246.896     -7.6498
2259.828     -6.2076
2265.779     -4.3892
2279.384     -4.1698
2294.856     -7.5871
2302.115     -8.1514
2306.198     -2.853
2321.549     -5.8941
2328.79     -6.3957
2343.119     -7.5244
2356.518     -6.8347
2361.823     -3.8563
2368.333     -3.1038
2383.877     -6.3017
2392.104     -8.7158
2404.23     -5.6119
2410.576     -4.4519
2424.342     -4.3579
2430.945     -3.6054
2446.438     -6.6779
2453.444     -6.6465
2467.478     -6.8033
2474.312     -6.5838
2487.238     -4.7655
2493.28     -3.0098
