Distance_nm     Force_uN
0     -1.863
-0.119     0.324
-0.597     0.324
0.677     1.296
2.029     0.972
2.31     -1.215
2.936     -2.997
4.58     -4.374
6.605     -4.86
6.951     -2.916
6.448     -1.62
7.224     -1.782
9.041     -2.592
9.558     -2.511
9.541     -2.025
10.359     -2.349
12.231     -2.592
12.669     -1.539
12.394     -0.243
12.817     -0.162
14.675     -0.405
15.134     -0.648
15.199     -1.458
16.142     -2.025
18.173     -1.053
18.403     -0.567
18.289     -1.134
19.046     -2.916
21.369     -3.159
22.05     -2.673
21.857     -3.726
22.68     -4.941
24.905     -4.941
25.616     -3.807
25.298     -2.916
25.418     -1.458
26.851     -1.458
27.725     -1.863
27.775     -1.944
28.144     -0.567
29.614     -0.324
30.534     -0.567
30.572     -1.458
31.073     -2.106
32.952     -1.458
33.827     -1.458
33.769     -1.863
34.035     -2.349
35.844     -3.564
37.395     -3.321
37.383     -2.025
37.153     -1.701
38.625     -2.511
40.089     -3.483
40.359     -4.131
40.631     -3.483
41.949     -2.025
43.092     -0.324
42.659     0.567
42.39     -0.486
43.971     -1.458
45.768     -1.944
46.045     -2.025
46.082     -1.296
47.088     -1.053
48.645     -1.62
49.007     -1.782
49.061     -2.349
50.286     -2.187
51.975     -1.701
52.124     -2.511
52.34     -3.726
53.607     -4.779
55.662     -5.427
56.177     -4.617
55.945     -1.134
55.869     0.891
57.14     0.729
57.568     0.243
57.645     -1.215
58.813     -1.863
60.855     -1.215
61.166     -0.405
60.84     0.486
61.197     0.243
63.184     -1.215
64.246     -2.106
64.468     -2.187
64.937     -2.916
67.038     -4.05
68.035     -4.374
68.085     -4.131
68.473     -3.564
70.185     -2.511
70.731     -1.944
70.522     -0.972
70.626     -0.243
72.274     -0.972
73.338     -0.081
73.047     1.215
72.975     1.782
74.614     0.891
75.879     0
76.074     -1.377
76.726     -3.159
78.944     -3.402
80.188     -2.997
80.122     -3.645
81.895     -4.293
83.384     -3.888
83.313     -3.159
83.24     -2.673
84.574     -2.025
85.796     -1.215
85.654     -1.053
85.653     -1.782
87.258     -1.296
88.629     -0.729
88.573     -0.162
88.506     -0.405
89.866     -0.324
91.487     -0.891
91.854     -1.377
91.978     -1.377
93.063     -2.187
95.022     -3.402
95.614     -2.754
95.462     -2.268
96.402     -2.43
98.309     -1.863
98.41     -1.701
98.283     -1.944
99.153     -3.078
101.34     -3.321
101.784     -2.106
101.423     -1.296
101.971     -1.053
103.796     -0.648
104.157     -0.81
104.126     -1.053
104.812     -1.539
106.879     -1.782
107.576     -1.377
107.452     -0.729
107.785     -1.539
109.865     -2.106
110.769     -2.511
110.914     -2.43
111.282     -1.539
112.908     -2.187
113.865     -2.916
114.07     -3.726
114.723     -3.564
116.528     -2.511
117.147     -0.486
116.581     1.134
116.407     1.053
118.145     -0.324
119.597     -0.972
119.796     -1.377
120.162     -0.972
121.723     -0.972
122.95     -1.701
123.181     -2.268
123.443     -2.268
125.033     -2.025
126.326     -2.268
126.438     -3.402
126.92     -3.564
128.474     -4.374
130.101     -3.402
129.9     -1.782
129.599     -0.729
130.698     0.405
131.944     0.405
132.08     0
132.289     -0.162
133.59     -0.486
135.293     -1.053
135.602     -0.648
135.583     -1.296
136.878     -0.81
138.501     -0.567
138.7     -1.539
138.954     -2.673
140.262     -2.592
142.046     -2.997
142.486     -3.159
142.539     -3.564
143.506     -2.106
144.986     -1.377
145.197     -0.648
144.897     1.134
145.249     2.025
146.97     0.081
147.967     -2.997
148.72     -3.321
149.496     -1.62
151.001     -0.081
151.106     -0.648
151.226     -2.349
152.243     -2.997
154.327     -2.268
154.875     -1.377
154.632     -1.377
155.148     -1.782
157.183     -2.673
158.226     -2.673
158.2     -1.296
158.159     -1.296
160.044     -1.701
161.078     -2.025
161.144     -1.701
161.336     -2.511
163.374     -2.025
164.313     -0.81
163.926     0.567
163.764     0.324
165.598     -0.486
166.962     -0.486
166.999     -0.243
167.102     -0.81
168.959     -1.62
170.476     -2.106
170.621     -2.997
171.006     -3.321
174.088     -2.592
174.115     -2.592
174.168     -2.43
175.462     -3.483
177.254     -3.645
177.481     -2.025
177.181     -2.349
178.531     -1.863
180.028     -0.486
179.877     -0.081
179.764     0.405
180.787     -2.187
183.247     -1.782
183.324     -1.215
183.172     -2.106
184.479     -2.835
186.526     -2.997
186.928     -3.483
187.026     -2.754
187.674     -1.296
189.196     -0.729
189.482     -1.62
189.719     -2.187
190.634     -1.863
192.443     -2.025
193.05     -1.944
193.075     -1.215
193.581     -0.486
195.277     -0.729
195.942     -1.782
196.244     -2.106
196.936     -1.701
198.786     -1.782
199.498     -0.729
199.148     -0.891
199.639     -1.458
201.68     -1.458
202.486     -2.916
202.875     -2.592
203.146     -1.458
204.771     -0.729
205.535     -0.81
205.52     -1.215
205.986     -2.43
208.184     -2.916
209.366     -1.458
209.036     -0.648
209.083     -1.62
211.074     -2.349
212.474     -1.458
212.295     0.162
212.084     0.567
213.65     0.162
215.027     -1.296
215.458     -2.673
215.994     -3.645
217.795     -2.106
218.791     -0.972
218.63     -1.215
218.748     -1.458
220.224     -2.268
222.03     -3.321
222.474     -2.106
222.181     -1.944
223.507     -1.863
225.133     -1.539
225.184     -2.511
225.459     -1.458
226.41     0.324
227.636     0.648
227.802     0.567
227.892     1.053
228.821     -0.567
231.032     -3.726
232.164     -5.67
232.688     -3.483
233.058     -1.134
234.369     -1.539
234.861     -3.807
235.482     -4.455
236.486     -3.564
238.16     -2.268
238.309     -1.539
238.157     -2.025
238.997     -2.997
241.183     -2.673
241.692     -1.539
241.353     -0.81
241.78     -0.567
243.684     0.243
244.089     -0.324
244.167     -0.891
244.844     -1.215
246.91     -1.782
247.899     -1.458
247.791     -1.539
248.255     -2.43
250.42     -3.078
251.551     -2.106
251.323     -1.539
251.572     -0.891
253.263     -0.81
254.216     -1.782
254.464     -2.025
254.745     -2.835
256.772     -2.592
257.981     -1.377
257.678     0.972
257.205     1.62
258.722     -0.081
260.481     -1.215
260.842     -0.972
260.956     0.81
262.129     0.405
263.69     -0.648
264.081     -3.321
264.894     -5.103
266.833     -4.536
268.193     -3.24
268.163     -2.592
269.396     -2.511
271.075     -1.215
270.871     -0.81
270.695     -2.025
272.198     -2.673
274.109     -2.349
274.328     -1.377
274.058     -0.648
274.932     0.162
276.501     0.891
276.607     1.539
276.46     1.377
277.541     0.324
279.791     -1.701
280.699     -2.754
280.927     -2.592
281.779     -2.349
283.626     -2.511
284.095     -3.483
284.354     -2.43
284.811     -1.053
286.455     -1.296
287.114     -2.106
287.362     -2.835
288.194     -2.187
289.948     -1.296
290.395     -0.729
290.285     -0.972
290.898     -0.081
292.529     0.324
293.148     0.162
293.244     -1.863
294.289     -2.187
296.292     -2.187
297.171     -1.458
297.003     -2.43
297.652     -3.402
299.859     -3.159
300.853     -2.511
300.717     -2.673
301.023     -2.754
302.782     -2.673
303.93     -2.106
303.905     -2.268
304.169     -2.511
305.95     -1.458
307.038     0.648
306.556     0.729
306.655     -0.567
308.601     -1.701
310.252     -1.458
310.239     -1.134
310.353     -1.377
311.961     -0.243
313.169     0.243
313.203     -1.215
313.676     -2.511
315.427     -2.592
317.044     -2.754
317.261     -2.673
317.392     -1.863
318.461     -1.782
320.066     -1.053
319.966     -0.405
319.841     -0.729
321.086     -0.81
322.955     -1.215
323.432     -2.025
323.643     -0.486
324.254     0
326.014     -0.324
326.406     -0.081
326.383     -0.486
327.471     -1.863
329.823     -2.916
330.619     -4.05
330.985     -4.779
332.032     -4.455
333.836     -2.916
333.884     -1.944
333.646     -0.648
334     -0.405
335.878     -0.405
336.531     -0.567
336.68     -0.324
337.157     -0.324
339.089     -1.62
340.214     -2.187
340.381     -0.972
340.499     0.243
342.097     -0.081
343.142     -0.648
343.34     -0.972
343.78     -1.296
345.698     -1.944
346.908     -2.511
347.17     -2.025
347.33     -1.539
348.959     -0.648
349.858     0.486
349.614     -0.162
350.039     -1.053
352.041     -1.62
353.419     -2.511
353.693     -2.187
353.76     -1.539
355.235     -0.648
356.419     -1.053
356.679     -1.944
357.106     -1.053
358.406     -0.243
359.759     -0.081
359.837     -0.729
360.026     -1.863
361.734     -2.835
363.646     -3.402
363.94     -2.268
365.043     -1.458
366.506     -0.567
366.516     -0.972
366.693     -1.215
367.895     -1.539
369.819     -0.648
369.923     0.324
369.701     -0.162
370.852     -1.377
373.114     -1.296
373.445     -1.053
373.375     -1.134
374.312     -1.944
376.497     -2.592
377.113     -1.863
376.934     -0.81
377.411     0.162
379.084     0
379.691     -1.458
380.185     -3.159
381.428     -3.078
383.392     -1.863
383.72     -0.972
383.409     -1.377
384.038     -1.053
385.895     -1.458
386.787     -1.053
386.764     -0.648
387.177     -1.215
389.265     -2.025
390.361     -2.835
390.619     -2.835
390.987     -2.349
392.785     -1.215
393.556     0
393.311     -0.243
393.661     -1.134
395.688     -1.134
396.836     -0.405
396.684     -0.405
396.979     -1.134
398.974     -1.458
400.303     -1.539
400.387     -1.053
400.5     -0.648
402.098     -0.972
403.6     -2.349
404.078     -2.754
404.376     -2.187
405.778     -1.458
407.142     -0.081
406.869     -0.486
407.041     -2.025
408.867     -3.969
411.065     -2.025
410.763     1.296
409.972     2.187
410.987     -0.324
413.426     -1.377
413.933     -1.701
414.056     -1.782
415.294     -2.592
417.363     -2.187
417.592     -1.377
417.455     -0.81
418.294     -0.648
420.083     -0.81
420.532     -1.134
420.65     -2.025
421.84     -2.754
424.03     -3.159
424.596     -3.159
424.617     -2.754
425.336     -2.511
427.229     -1.863
427.588     -0.81
427.366     -0.81
428.066     -0.567
429.912     -0.405
430.485     -1.053
430.7     -2.835
431.791     -3.159
433.884     -1.944
434.386     -0.243
433.938     1.053
434.045     -0.324
436.355     -0.972
437.465     -2.025
437.756     -2.268
438.216     -1.863
440.009     -2.916
441.316     -2.754
441.304     -1.782
441.345     -2.106
443.232     -2.511
444.53     -2.592
444.699     -2.916
445.075     -2.349
446.619     -1.62
447.683     -0.405
447.491     -0.648
447.719     -0.081
449.274     0.162
450.683     -1.296
451.193     -1.458
451.352     -1.134
452.829     -0.567
454.147     -0.405
454.204     -0.324
454.33     -1.539
456.233     -2.673
458.21     -3.078
458.544     -2.673
458.478     -2.754
459.811     -2.592
461.537     -2.673
461.822     -1.296
461.475     0
462.336     0.567
464.332     0.324
464.397     0.162
465.488     -0.081
467.443     -1.215
468.177     -2.835
468.662     -1.863
469.398     -1.053
471.183     0
471.423     0.243
471.39     0.162
472.159     -1.296
474.512     -3.159
475.572     -3.726
475.749     -3.402
476.363     -2.43
478.126     -1.701
478.553     -0.891
478.373     -0.972
479.095     -0.729
481.058     -0.567
481.73     -0.648
481.794     -0.81
482.38     0.486
483.977     0.972
484.737     1.215
484.751     1.296
485.156     0.729
487.266     -0.81
488.619     -1.701
488.877     -2.268
489.376     -2.592
491.321     -1.863
492.269     -0.729
492.04     -0.486
492.233     -1.782
494.306     -2.349
495.652     -1.863
495.602     -1.782
495.828     -2.106
497.72     -0.81
498.733     0.648
498.37     1.053
498.457     0.648
500.166     0.648
501.666     0.243
501.948     -0.243
502.272     -0.891
503.93     -2.187
505.886     -2.754
506.264     -3.078
506.529     -2.187
507.734     -0.891
509.037     0.162
508.982     -1.863
509.58     -3.24
511.185     -4.698
513.448     -5.346
513.921     -3.807
513.521     -2.025
513.936     -0.891
515.602     0.729
515.639     1.62
515.428     0.243
516.621     -0.729
518.939     -1.296
519.727     -2.268
520.066     -1.944
520.653     -1.215
522.375     -1.863
523.222     -1.701
523.247     -1.053
523.675     -1.215
525.729     -2.997
526.915     -4.698
527.416     -4.941
527.997     -2.349
529.322     -1.215
529.941     0.162
529.663     -0.324
530.172     -1.377
532.338     -1.296
533.364     -0.81
533.292     -0.486
533.601     -0.405
535.459     -0.81
536.583     -1.134
536.753     -1.458
537.24     -1.782
539.137     -2.997
540.72     -3.159
540.874     -3.402
541.16     -3.078
542.758     -2.592
544.066     -2.592
544.266     -1.539
544.174     -0.405
545.483     0
546.839     -0.324
547.036     -1.134
547.341     -1.863
549.01     -1.539
550.603     -1.296
550.78     -0.567
550.676     0.324
551.786     1.296
553.317     0.324
553.881     -1.701
554.484     -2.997
556.13     -2.43
557.854     -1.458
557.895     -2.025
558.119     -2.592
559.318     -0.648
560.653     1.053
560.61     0.729
560.755     -1.134
562.152     -2.835
564.569     -3.726
565.339     -3.159
566.114     -2.43
567.883     -1.053
568.043     -0.567
567.987     -0.81
568.831     -1.134
570.913     -1.053
571.539     -0.729
571.463     -0.81
572.064     -0.648
574.1     -0.81
574.98     -1.539
575.196     -2.349
575.901     -2.673
577.989     -2.268
578.734     -1.782
578.699     -1.944
579.247     -2.43
581.341     -1.944
582.217     -0.972
582.016     -0.81
582.336     -1.296
584.424     -0.486
585.277     -1.134
585.565     -3.24
586.548     -3.645
588.478     -1.782
589.139     1.053
588.452     3.483
588.104     2.106
590.235     -1.134
592.425     -3.969
593.292     -4.212
593.578     -2.754
594.806     -2.835
596.354     -1.944
596.316     -2.349
596.593     -1.701
597.91     -0.162
599.063     0.81
599.052     -0.324
599.533     -2.187
601.388     -3.24
603.407     -3.321
603.649     -2.592
603.508     -0.648
604.226     1.215
605.614     2.106
605.719     0.486
606.204     -1.782
607.888     -2.835
610.09     -2.916
610.586     -2.187
610.57     -1.296
611.302     -0.405
612.965     0.243
613.234     -0.648
613.477     -1.215
614.455     -1.782
616.649     -2.835
617.519     -3.159
617.653     -3.402
618.466     -3.645
620.563     -2.835
621.063     -2.025
620.915     -1.377
621.406     -0.324
623.136     -0.405
623.984     -1.134
624.189     -0.972
624.709     -1.053
626.779     -0.162
627.426     0
627.446     -0.081
627.926     -0.324
629.991     -1.215
631.24     -1.782
631.454     -2.106
631.904     -2.511
633.923     -2.511
635.086     -1.539
634.927     -2.43
635.454     -2.916
637.374     -2.43
638.55     -2.754
638.768     -2.511
638.925     -2.43
640.619     -1.701
641.815     -0.081
641.551     0.81
641.535     0.81
643.114     0.486
644.686     -0.243
645.054     -1.782
645.633     -3.159
647.532     -2.187
648.936     -0.729
648.69     -0.648
648.747     -0.486
650.11     -0.729
651.944     -2.106
652.669     -4.536
653.485     -5.103
654.837     -3.807
656.355     -2.511
656.304     -1.215
656.069     0.729
656.688     0.972
658.514     0.243
659.034     -0.729
659.346     -0.972
660.396     -1.296
662.488     -1.458
663.094     -2.025
663.351     -1.458
664.021     -0.324
665.672     0
666.202     -0.081
666.286     -1.134
667.278     -2.673
670.41     -4.455
670.949     -4.374
671.57     -3.969
673.462     -2.511
673.895     -1.62
673.762     -0.891
674.121     -0.81
676.084     -1.539
677.174     -1.782
677.312     -1.053
677.628     -0.81
679.58     -0.567
680.489     0.405
680.383     0.972
680.627     0.567
682.593     0.081
683.891     -0.405
684.132     -1.134
684.589     -1.62
686.498     -1.944
687.97     -2.349
688.183     -2.268
688.346     -1.62
689.852     -1.134
691.223     -1.053
691.386     -1.134
691.586     -1.944
693.329     -2.187
695     -0.729
694.832     0.729
694.58     2.43
695.575     3.564
696.936     2.673
697.432     0.567
698.098     -1.296
699.89     -3.645
702.291     -4.455
702.828     -4.293
702.88     -2.106
703.492     -0.486
704.955     -0.648
705.367     -1.539
705.699     -2.916
707.183     -3.402
709.313     -4.455
710.005     -4.131
710.034     -1.296
710.294     0.972
711.711     3.078
711.608     3.321
711.559     2.673
712.542     0.891
715.071     -0.891
716.236     -1.863
716.621     -1.62
717.199     -0.891
718.973     -0.972
719.764     -1.62
720.026     -2.106
720.793     -3.159
723.116     -4.212
724.25     -4.05
724.259     -3.402
724.582     -3.564
726.62     -3.078
727.475     -1.539
727.096     0.324
727.042     1.134
728.837     1.134
729.864     0.162
730.244     -1.701
731.125     -1.215
732.801     -1.053
733.948     -0.243
733.88     0.891
733.962     0.486
735.875     -1.377
737.673     -3.159
738.29     -4.293
738.866     -4.293
740.63     -3.645
741.889     -3.078
741.875     -1.782
741.735     -0.243
742.956     -0.243
744.499     -1.134
744.921     -1.863
745.368     -2.511
747.073     -1.701
748.579     0.648
748.258     2.754
747.838     3.645
748.964     2.754
750.939     0.81
751.742     -1.62
752.474     -3.888
754.258     -3.888
756.17     -2.673
756.135     -1.053
755.729     0.324
756.521     0.081
758.544     -0.405
759.1     -1.215
759.353     -3.078
760.818     -3.807
763.035     -3.24
763.431     -1.296
763.013     0.486
763.422     1.863
765.113     2.673
765.476     2.187
765.722     0.891
766.741     -0.729
769.19     -2.673
770.435     -3.807
770.885     -2.592
771.219     -0.162
772.624     1.458
772.961     1.134
773.721     -0.243
776.094     -1.863
777.411     -2.754
777.696     -2.592
778.205     -1.296
779.882     0.162
780.446     1.215
780.212     1.62
780.499     0.81
782.684     -0.162
784.133     -0.243
784.245     -0.891
784.696     -1.539
786.691     -0.081
787.629     0.567
787.619     -1.134
788.336     -2.43
790.477     -2.268
791.845     -1.296
791.728     -1.296
791.902     -2.754
794.012     -2.187
795.435     -0.648
795.22     0
795.215     -0.243
796.854     -0.81
798.643     -1.539
799.022     -1.701
799.249     -1.863
800.735     -0.81
802.223     0.891
802.001     1.377
802.024     0.891
803.412     -0.405
805.606     -1.215
806.174     -1.863
806.442     -2.025
807.686     -1.215
809.402     -0.486
809.618     -0.405
809.718     -0.081
810.711     -0.081
812.717     -0.972
813.496     -2.025
813.893     -3.807
815.253     -3.645
817.221     -1.701
817.24     -0.81
817.081     -0.162
817.708     1.377
819.325     1.944
819.906     0.648
820.33     -0.891
821.451     -2.754
824.086     -3.24
824.989     -2.187
824.835     -0.729
825.078     -0.081
826.937     -0.486
827.946     -1.134
828.15     -1.296
828.715     -1.215
830.773     -0.81
831.649     0.324
831.489     -0.729
832.159     -3.807
834.881     -4.05
836.125     0.081
835.181     1.701
835.081     0.486
837.29     -1.62
839.078     -2.187
839.293     -1.458
839.393     -1.053
841.07     -0.243
842.239     -0.324
842.397     -1.296
842.914     -1.296
844.599     0.405
845.635     0.081
845.938     -1.296
846.5     -2.187
848.254     -1.863
849.815     -1.134
849.773     -0.891
849.924     -1.053
851.526     -0.891
853.173     -0.162
853.247     -1.458
853.719     -1.863
855.164     -1.458
856.941     -1.215
857.177     0.081
856.926     0.405
858.077     -0.405
860.299     -0.81
860.775     -1.296
861.015     -1.053
862.046     -1.296
864.116     -1.863
864.741     -0.81
864.529     0.081
865.244     -0.324
867.395     -1.215
868.228     -0.648
868.145     -0.81
868.983     -0.81
871     -1.296
871.83     -1.782
872.101     -1.458
872.747     0.405
874.34     0.648
875.018     -0.324
875.361     -0.324
875.977     -0.729
878.123     -0.729
879.013     -1.215
879.226     -1.215
879.758     -1.215
882.754     -0.729
882.74     0.486
882.848     0.324
884.892     -0.648
886.257     -2.268
886.815     -2.835
887.324     -2.592
889.134     -1.944
890.14     -1.458
890.137     -0.324
890.251     0.243
891.916     -0.162
893.366     -1.539
893.855     -2.511
894.414     -2.187
896.049     -1.782
897.405     -0.972
897.384     -0.162
897.331     0.081
898.861     -0.405
900.697     -0.405
900.923     -0.891
901.242     -1.215
902.829     -1.458
904.616     -0.648
904.658     0.324
904.567     0.081
905.985     -0.243
907.935     0.081
908.18     -1.053
908.636     -1.377
909.928     -1.296
911.828     -0.324
911.969     0.405
911.853     0.972
912.824     1.053
914.813     0.243
915.487     -0.162
915.732     -1.944
917.118     -1.701
919.112     -1.053
919.497     -0.567
919.494     -0.324
920.303     0.243
922.237     0.486
922.841     -0.081
923.039     -2.025
924.221     -2.106
926.359     -2.025
927.106     -1.944
927.174     -1.296
927.649     -0.324
929.406     0
930.168     0.162
930.209     -0.405
930.907     -1.458
933.231     -1.782
934.381     -2.106
934.573     -1.863
934.961     -0.405
936.515     -0.243
937.619     0.081
937.728     0.567
937.967     -0.324
940.089     -1.215
941.606     -1.458
941.808     -2.754
942.485     -2.835
944.328     -1.944
945.454     0.405
944.975     1.134
945.044     0.729
946.811     -1.539
948.963     -2.835
949.535     -2.835
949.772     -2.673
951.309     -1.053
952.509     -0.081
952.513     0
952.739     -0.405
954.321     -0.81
956.214     -1.134
956.553     -1.296
956.733     -1.458
958.098     -1.539
959.936     -1.701
960.347     -1.134
960.365     -0.486
961.366     0.081
963.137     -0.729
963.769     -2.349
964.274     -2.349
965.354     -1.62
967.102     -1.863
967.693     -1.053
967.614     0.162
968.296     1.053
970.106     -0.486
971.122     -1.863
971.653     -1.944
972.464     -1.539
974.372     -1.134
974.917     -1.458
975.104     -0.972
975.743     0.081
977.542     1.053
978.014     0.891
978.189     -0.324
979.124     -2.025
981.641     -2.511
982.708     -1.701
982.645     -1.458
983.138     -0.567
984.896     0.243
985.591     0.162
985.77     0.243
986.317     -0.729
988.604     -1.944
989.991     -1.701
990.4     -0.162
991.885     -0.486
993.225     -0.243
993.339     0.162
993.531     0.162
995.347     0.243
996.747     -0.243
997.035     -1.782
997.624     -2.025
999.484     -1.134
1000.779     -0.891
1000.919     -0.567
1001.065     -0.243
1002.574     0.081
1004.13     0.567
1004.279     -0.486
1004.765     -0.648
1006.335     -0.891
1008.132     -0.891
1008.412     -0.648
1008.51     -0.648
1009.831     -0.567
1011.679     -0.243
1011.961     0.324
1011.952     -0.81
1013.513     -0.891
1015.493     -0.81
1015.882     -0.162
1015.804     0.729
1016.698     -0.891
1019.126     -1.701
1019.768     -0.324
1019.506     -1.053
1020.727     -0.486
1022.677     0.243
1023.078     0.486
1023.134     -0.729
1024.29     -0.729
1026.311     0.162
1026.779     -0.243
1027.045     -0.324
1027.862     -0.324
1029.91     -0.324
1030.673     -0.648
1030.839     -0.729
1031.492     -0.81
1033.609     -0.405
1034.381     -0.162
1034.395     -0.324
1035.033     -0.405
1037.113     -0.162
1038.049     -1.296
1038.567     -1.458
1039.116     -1.134
1041.067     -1.539
1042.286     -1.053
1042.182     -0.405
1042.331     0
1044.165     0.405
1045.332     0.081
1045.613     -0.972
1046.22     -1.458
1048.203     -1.782
1049.674     -1.053
1049.616     -0.162
1049.632     -0.486
1051.492     -0.324
1053.018     0
1053.148     -0.405
1053.487     -0.729
1055.211     -1.215
1056.968     -1.296
1057.226     -1.215
1057.42     -1.215
1058.958     -0.891
1060.682     -0.81
1060.961     -0.486
1061.001     0.243
1062.16     -0.486
1064.149     -1.458
1064.73     -1.701
1064.91     -2.187
1066.346     -1.053
1067.902     0
1068.053     0.891
1067.994     0.243
1069.362     -1.215
1071.71     -1.458
1072.217     -1.458
1072.375     -0.567
1073.216     -1.134
1075.4     -0.648
1075.786     -0.891
1075.988     -1.053
1077.005     -1.458
1079.187     -0.729
1079.593     -0.405
1079.617     -1.377
1080.74     -1.539
1082.847     -0.891
1083.343     0.081
1083.252     0.729
1083.732     0.648
1085.823     -0.162
1086.892     -0.567
1087.137     -0.162
1087.645     -0.405
1089.7     -1.134
1090.837     -1.539
1091.118     -1.62
1091.714     -0.891
1093.547     -0.243
1094.406     -0.405
1094.586     -1.458
1095.362     -1.62
1097.395     -1.863
1098.623     -2.187
1098.883     -1.782
1099.128     -1.215
1102.225     -0.648
1102.253     0
1102.375     0.567
1104.109     1.134
1105.39     0
1105.908     -1.134
1106.411     -0.567
1107.923     -0.324
1109.427     -0.243
1109.606     -0.243
1109.88     -0.324
1111.544     -0.405
1113.234     -0.729
1113.568     -0.972
1113.859     -1.296
1115.446     -1.944
1117.415     -2.106
1117.732     -2.187
1117.932     -1.863
1119.141     -0.729
1120.729     -0.162
1120.988     0.405
1120.953     0
1122.261     -1.62
1124.71     -1.458
1125.093     -0.405
1124.939     0
1125.91     0.324
1127.872     -0.162
1128.491     -0.486
1128.688     -0.324
1129.603     0.162
1131.495     -0.081
1132.17     -0.162
1132.334     -0.891
1133.382     -1.782
1135.762     -2.106
1136.543     -1.539
1136.476     -0.729
1136.971     0
1138.856     -0.081
1139.663     -0.324
1139.891     -0.972
1140.695     -1.215
1142.871     -0.243
1143.533     0.162
1143.573     0.405
1144.124     -0.243
1146.387     -0.648
1147.574     -0.972
1147.761     -0.405
1148.047     -0.567
1150.064     -2.268
1151.676     -1.944
1151.721     -0.972
1151.91     -0.81
1153.804     -0.486
1154.997     0.162
1154.987     0.162
1155.303     -0.81
1157.395     -0.81
1158.779     -0.729
1158.995     0.081
1159.089     0.162
1160.816     -0.729
1162.638     -0.405
1162.741     0.486
1162.719     -0.243
1164.525     -0.486
1166.259     -1.296
1166.743     -2.106
1167.149     -2.187
1168.634     -1.782
1170.311     -0.81
1170.336     -0.405
1170.418     -0.891
1171.937     -1.215
1173.935     -0.972
1174.291     -0.243
1174.26     0.243
1175.362     0.567
1177.245     0.486
1177.772     0.243
1177.979     -0.243
1179.214     -1.053
1181.415     -1.296
1181.954     -0.729
1181.945     0.162
1182.692     -0.324
1184.948     -1.539
1185.862     -2.187
1186.193     -1.944
1187.013     -1.701
1189.017     -1.053
1189.502     -0.648
1189.531     -1.701
1190.607     -1.296
1192.616     -0.972
1193.298     -0.81
1193.376     -0.081
1193.824     0.081
1195.871     0.081
1196.813     -0.243
1197.136     -0.324
1197.716     -0.162
1199.721     0.162
1200.682     -0.648
1201.009     -0.81
1201.473     -1.377
1203.651     -1.539
1204.864     -2.025
1205.151     -2.025
1205.572     -1.215
1207.394     -1.458
1208.706     -1.539
1208.897     -1.62
1209.334     -1.377
1211.159     -0.405
1212.195     0.729
1212.419     0.972
1214.134     0.891
1215.677     0.162
1216.051     -0.324
1216.386     -0.243
1217.97     -0.648
1219.736     -1.458
1220.253     -2.268
1220.679     -2.268
1222.243     -1.863
1223.862     -1.296
1224.005     -1.539
1224.239     -2.025
1225.879     -1.863
1227.663     -1.053
1227.763     -0.486
1227.786     0.729
1228.788     0.324
1230.871     -1.053
1231.633     -1.863
1232.001     -1.863
1233.244     -1.215
1235.072     0.972
1234.889     2.349
1234.68     1.134
1236.099     -1.053
1238.662     -2.025
1239.484     -2.025
1239.653     -1.701
1240.535     -2.43
1242.788     -1.944
1243.238     -1.215
1243.191     -0.648
1243.924     -0.648
1245.982     -0.324
1246.686     0.648
1246.616     0.81
1247.273     -0.567
1249.725     -0.81
1250.638     0.567
1250.408     1.134
1250.914     0.081
1253.307     -1.134
1254.605     -1.701
1254.893     -0.567
1255.222     0.081
1257.06     -0.486
1258.259     -1.134
1258.585     -1.62
1259.183     -2.673
1261.48     -2.916
1262.756     -3.321
1263.012     -1.782
1263.007     -0.324
1264.508     -0.81
1265.912     -0.891
1266.165     -1.053
1266.613     -0.405
1268.225     -0.405
1269.605     0.162
1269.764     0.243
1270.017     -0.081
1271.761     -0.162
1273.363     0.324
1273.533     -1.377
1274.202     -2.592
1276.206     -1.539
1277.626     -1.134
1277.707     -0.729
1277.82     -1.458
1279.542     -2.592
1281.597     -2.268
1281.811     -1.053
1281.708     -0.486
1282.936     0.972
1284.511     1.62
1284.791     0.648
1285.198     -0.567
1286.67     -2.592
1289.132     -2.187
1289.582     -1.215
1289.433     -0.648
1290.403     -0.081
1292.311     -1.539
1293.258     -2.916
1293.741     -3.564
1294.951     -2.835
1296.836     -1.944
1297.199     -1.134
1297.104     -1.215
1297.962     -1.215
1300.016     -1.944
1300.916     -0.162
1300.593     0.486
1301.215     0.405
1303.396     0.243
1304.25     -0.081
1304.483     1.296
1304.79     1.458
1306.911     -1.944
1308.718     -3.483
1309.224     -1.782
1309.349     0.486
1310.861     0.81
1311.843     -2.673
1312.983     -4.617
1313.991     -3.078
1315.607     -0.972
1316.188     0.162
1316.012     -0.972
1316.73     -1.863
1318.885     -0.567
1319.845     -0.243
1319.953     0.081
1320.204     0.081
1322.104     0.162
1323.531     0.324
1323.614     -1.134
1326.04     -2.997
1328.127     -3.321
1328.503     -2.673
1328.572     -2.268
1330.123     -2.106
1331.759     -1.296
1331.801     -0.081
1331.698     0.162
1333.155     -1.296
1335.329     -2.997
1336.119     -3.24
1336.41     -0.648
1337.146     2.025
1338.281     0.972
1338.867     0.162
1339.299     -0.243
1340.702     0.081
1342.601     0.972
1342.806     -0.486
1343.384     -3.321
1345.351     -4.455
1347.612     -3.321
1347.846     -2.187
1347.728     -0.891
1348.336     -1.134
1350.491     -0.648
1350.993     -0.891
1351.284     -0.405
1352.165     -0.486
1354.309     -1.215
1355.172     -0.567
1355.189     -0.243
1356.034     -1.377
1358.5     -1.458
1359.285     0.243
1358.985     1.539
1359.387     0.648
1361.73     -2.754
1363.538     -3.807
1364.013     -2.511
1364.289     -1.215
1365.997     -1.296
1366.934     -1.944
1367.281     -2.511
1367.959     -1.539
1369.748     -0.729
1370.658     -0.405
1370.693     0.162
1371.042     0.729
1372.86     1.053
1374.016     0.648
1374.282     -0.486
1374.953     -1.782
1377.204     -1.134
1378.437     -0.081
1378.309     0.162
1378.671     -1.053
1380.89     -1.215
1382.408     -1.134
1382.576     -2.106
1383.072     -3.078
1385.042     -2.997
1386.595     -2.673
1386.782     -2.349
1387.017     -1.458
1388.375     -1.134
1390.005     -1.215
1390.358     -0.567
1390.432     0.486
1391.557     0
1393.519     -0.405
1394.038     0.081
1394.108     1.053
1395.229     0.972
1397.251     -0.729
1398.078     -0.891
1398.237     -0.729
1399.384     -0.162
1401.202     0.162
1401.584     -0.324
1401.877     -2.43
1403.544     -3.969
1406.055     -2.592
1406.262     -0.162
1405.688     0.648
1406.441     -0.324
1408.869     -1.701
1409.942     -0.243
1409.648     0.891
1410.203     0.81
1412.347     0.243
1413.251     0.162
1413.467     0
1414.221     -0.729
1416.548     -2.025
1417.757     -2.187
1418.016     -2.592
1418.73     -2.106
1420.706     -1.539
1421.608     -1.215
1421.685     -0.81
1422.045     -1.377
1424.213     -2.43
1425.584     -1.863
1425.632     -0.648
1425.772     -0.081
1427.616     -0.081
1428.916     0.243
1429.004     1.053
1429.241     0.648
1431.265     -0.486
1432.936     -2.673
1433.683     -2.43
1433.913     -1.296
1435.453     -0.162
1436.704     -0.729
1437.103     -3.321
1438.062     -4.779
1440.141     -2.43
1441.379     0.567
1440.837     1.134
1442.229     0.648
1444.106     0
1444.616     -1.134
1445.155     -0.648
1446.426     1.215
1447.788     2.268
1447.892     1.701
1448.264     1.458
1449.666     0.648
1451.851     -0.648
1452.576     -0.972
1452.852     -0.891
1454.004     -0.243
1455.843     -1.053
1456.612     -1.944
1457.002     -1.539
1457.936     -2.106
1460.204     -3.24
1461.096     -2.835
1461.099     -1.134
1461.661     1.296
1463.109     1.782
1463.653     0.891
1464.064     -1.215
1465.447     -0.486
1467.285     0.486
1467.721     0.243
1467.981     -0.324
1468.9     -1.215
1471.281     -1.458
1472.262     0.243
1472.003     0.648
1472.527     0.081
1474.705     -1.377
1476.042     -2.997
1476.732     -2.511
1477.165     -1.863
1478.993     -2.268
1480.254     -2.187
1480.433     -0.891
1480.514     0.81
1482.055     2.43
1482.892     2.268
1483.104     -0.405
1484.275     -2.916
1486.845     -2.592
1488.175     -0.405
1487.85     0.486
1487.923     -0.648
1490.121     -2.025
1492.03     -1.944
1492.177     -1.377
1492.326     -0.567
1493.832     -1.62
1495.782     -2.835
1496.432     -3.159
1496.729     -2.349
1497.892     -1.053
1499.316     0.729
1499.225     1.053
1499.312     0
1500.957     -1.053
1503.154     -0.729
1503.494     -0.405
1503.603     0.081
1504.768     0
1506.769     0.324
1507.115     0.729
1507.154     0.162
1508.485     0.162
1510.543     -0.648
1511.307     -1.539
1511.676     -2.43
1512.898     -2.106
1514.923     -0.891
1515.273     -0.405
1515.333     -0.081
1516.1     0.081
1518.194     -0.162
1519.012     -1.134
1519.376     -2.43
1520.464     -2.349
1522.57     -0.405
1522.904     1.215
1522.609     1.458
1523.244     0.729
1525.555     -1.539
1527.113     -2.916
1527.654     -1.458
1527.913     -0.972
1529.895     -0.729
1530.846     -0.243
1530.848     -0.486
1531.408     -1.215
1533.697     -2.187
1535.078     -2.592
1535.36     -2.187
1535.747     -1.377
1537.526     -0.729
1538.675     -0.324
1538.767     0
1539.054     0.405
1540.821     0.405
1542.2     -0.405
1542.643     -0.405
1543.022     -0.486
1544.844     -0.567
1546.424     -1.863
1546.959     -2.511
1547.453     -1.863
1548.949     -0.972
1550.354     0.243
1550.394     -0.486
1550.814     -1.782
1552.639     -1.62
1554.402     -0.324
1554.715     -0.243
1556.025     0.162
1557.834     0.81
1558.077     0.729
1558.272     1.296
1559.353     0.405
1561.544     -0.648
1562.214     -1.458
1562.625     -1.134
1563.75     -1.215
1565.814     -1.782
1566.497     -1.458
1566.6     -0.81
1567.412     -1.701
1569.776     -1.782
1570.472     -1.539
1570.602     -0.891
1571.356     -0.162
1573.273     0.405
1573.853     0.648
1573.925     1.458
1574.504     1.377
1576.632     0.486
1577.702     0.567
1577.864     0.567
1578.591     0.405
1580.766     -0.729
1581.99     -2.673
1582.74     -2.997
1583.4     -2.187
1585.217     -1.215
1586.042     -1.053
1586.173     -1.458
1586.839     -2.43
1589.12     -2.511
1590.3     -2.916
1590.592     -2.268
1590.882     -0.729
1592.436     0.648
1593.416     1.215
1593.502     1.296
1593.796     0.648
1595.817     0.081
1597.385     -0.324
1597.761     -0.243
1598.103     -0.081
1599.829     -1.215
1601.663     -2.106
1602.159     -1.863
1602.389     -1.701
1603.999     -1.944
1605.706     -2.187
1606.077     -1.863
1606.248     -1.782
1607.838     -1.458
1609.594     -1.944
1610.013     -1.377
1610.115     -0.081
1611.228     0.486
1612.94     0.324
1613.436     0.405
1613.583     0.81
1614.749     1.377
1616.609     1.62
1617.008     0.081
1617.618     -1.053
1619.132     -1.863
1621.338     -2.106
1621.913     -2.592
1622.206     -2.268
1623.141     -1.458
1625.073     -1.053
1625.586     -1.539
1625.858     -1.134
1626.661     0.405
1628.357     0.324
1629.163     0.081
1629.407     -0.324
1630.283     0.081
1632.297     0.972
1632.902     1.701
1632.934     1.539
1633.661     1.053
1635.85     0.891
1636.846     0.729
1637.131     -0.243
1638.001     -1.053
1640.318     -2.754
1641.772     -5.589
1642.702     -5.589
1643.254     -2.916
1644.637     0.405
1644.894     1.539
1644.739     0.486
1645.43     0
1647.545     0.162
1648.808     0.729
1648.83     0.243
1649.37     -0.324
1651.48     -0.648
1652.999     -0.81
1653.21     -0.081
1653.321     -0.162
1655.17     -0.162
1656.749     -0.324
1657.008     -1.458
1657.585     -2.025
1659.463     -2.754
1661.237     -3.159
1661.597     -2.916
1661.875     -1.458
1663.029     -0.081
1664.478     1.62
1664.366     1.458
1664.662     -0.162
1666.653     -1.458
1668.878     -1.296
1669.161     0.486
1668.854     1.782
1671.742     0.486
1672.545     -0.81
1673.144     -1.296
1674.489     -0.972
1676.477     -0.081
1676.772     -0.972
1677.204     -3.321
1678.899     -3.645
1681.007     -2.673
1681.333     -1.539
1681.225     -1.053
1681.985     -1.863
1684.291     -2.187
1685.046     -1.782
1685.138     -0.162
1685.549     0.729
1687.396     0.891
1688.19     0.972
1688.384     0.972
1689.132     0.891
1691.307     0.486
1692.331     -0.81
1692.856     -1.863
1693.747     -2.754
1696.096     -3.078
1697.162     -2.673
1697.275     -1.782
1697.643     -1.539
1699.647     -1.134
1700.661     -1.134
1700.834     -1.539
1701.39     -2.025
1703.541     -2.673
1705.036     -1.215
1704.878     0.81
1704.754     1.539
1706.418     2.025
1707.663     1.782
1707.986     0.81
1708.571     -0.243
1710.727     -0.972
1712.443     -1.134
1712.733     -1.377
1713.146     -1.377
1714.878     -1.458
1716.542     -2.187
1717.026     -2.268
1717.327     -1.863
1718.74     -1.296
1720.279     -2.673
1721.015     -3.24
1721.429     -2.187
1722.675     -1.377
1724.302     -0.162
1724.362     0.81
1724.356     1.053
1725.56     1.296
1727.422     1.62
1727.852     0.648
1728.353     -0.162
1729.77     0.243
1731.731     0.081
1732.3     -0.405
1732.593     -1.62
1734.018     -2.187
1736.233     -2.349
1736.845     -2.511
1737.056     -1.458
1737.723     -1.458
1739.855     -1.539
1740.635     -1.701
1740.852     -2.106
1741.839     -1.215
1743.808     -0.081
1744.253     0.486
1744.233     0.81
1744.937     0.891
1747.011     1.134
1747.767     0.729
1748.091     0.324
1748.915     -0.081
1751.182     -1.539
1752.524     -2.835
1753.022     -2.754
1753.579     -1.863
1755.448     -0.486
1756.202     0
1756.251     -1.134
1757.091     -2.349
1759.495     -2.106
1760.662     -1.863
1760.792     -1.701
1761.201     -0.486
1762.841     -0.324
1764.146     -0.81
1764.46     -0.486
1764.742     0.567
1766.288     0.648
1767.767     -0.081
1768.219     -0.081
1768.498     -0.891
1770.452     -2.349
1772.515     -2.349
1772.81     -1.782
1772.974     -2.268
1774.72     -2.349
1776.437     -2.187
1776.673     -2.754
1777.072     -2.268
1778.506     -1.215
1780.073     -1.62
1780.497     -1.62
1780.723     -1.296
1782.016     -0.081
1783.619     0.486
1783.895     0.405
1784.132     -0.324
1785.59     -0.162
1787.579     -0.081
1788.232     -0.891
1789.622     -1.539
1791.932     -1.215
1792.404     -2.43
1792.849     -3.969
1794.202     -2.997
1796.075     -0.891
1796.271     -0.243
1796.357     -2.43
1797.835     -4.131
1800.389     -3.483
1800.938     -0.567
1800.339     0.729
1800.762     0.162
1803.061     -0.972
1804.264     -1.944
1804.66     -1.215
1805.171     0.162
1806.947     1.134
1807.657     1.053
1807.905     0.081
1808.727     -1.134
1811.147     -0.81
1812.171     -1.782
1812.651     -3.726
1813.691     -3.483
1815.695     -2.592
1816.632     -2.187
1816.724     -1.701
1817.016     -1.296
1818.924     -0.486
1820.103     -0.081
1820.195     -1.458
1820.931     -0.486
1822.483     -0.405
1823.967     -0.162
1824.155     -0.243
1824.487     0
1826.25     1.296
1827.51     0.81
1827.903     -1.701
1828.899     -3.159
1830.92     -3.402
1832.696     -3.159
1832.968     -3.969
1833.426     -3.564
1834.787     -2.025
1836.23     -1.215
1836.388     -0.486
1836.409     -0.324
1837.735     -0.648
1839.806     -0.891
1840.303     0.243
1840.148     0
1841.444     -0.162
1843.473     -0.081
1843.967     -0.486
1844.328     -0.243
1845.342     -0.81
1847.51     -1.377
1848.303     -1.863
1848.67     -1.539
1849.642     -1.782
1851.818     -1.62
1852.491     -2.43
1852.875     -2.511
1853.665     -2.106
1855.69     -2.511
1856.703     -2.268
1856.839     -0.891
1857.103     -0.891
1859.23     -0.486
1860.144     1.053
1859.902     1.053
1860.476     -0.243
1862.859     -1.782
1864.375     -2.511
1864.822     -1.296
1865.024     0.405
1866.556     1.053
1867.61     -0.486
1868.257     -2.268
1869.18     -2.349
1871.128     -1.782
1872.357     -1.701
1872.577     -1.863
1872.968     -2.511
1874.989     -2.916
1876.618     -1.539
1876.483     0.81
1876.172     0.891
1877.904     0.648
1879.59     1.053
1879.782     0.648
1880.206     -0.567
1882.162     -1.539
1884.175     -1.296
1884.384     -0.972
1884.561     -0.81
1886.034     -0.648
1887.849     -1.053
1888.342     -1.701
1888.741     -1.377
1890.023     -2.025
1892.191     -2.43
1892.736     -3.159
1893.147     -2.592
1894.243     -0.567
1895.699     0.486
1895.96     0.648
1896.122     0.243
1897.331     0.405
1899.351     1.539
1899.649     1.458
1899.866     0.729
1901.013     0.324
1903.216     0.324
1903.917     0.243
1904.954     -1.296
1907.46     -2.592
1908.569     -2.268
1908.736     -1.944
1909.455     -2.43
1911.733     -2.835
1912.72     -3.159
1912.948     -2.592
1913.492     -1.863
1915.451     -1.62
1916.408     -1.539
1916.644     -1.863
1917.299     -0.729
1919.055     0.405
1919.88     0.972
1919.892     0.891
1920.403     0.081
1922.651     -0.405
1924.023     -0.891
1924.39     -1.62
1925.005     -2.268
1927.121     -1.863
1928.419     -1.458
1928.558     -2.025
1929.062     -1.782
1930.845     -1.053
1932.141     -1.296
1932.501     -1.863
1932.989     -2.268
1934.782     -2.106
1936.271     -1.134
1936.333     0.081
1936.351     0.81
1937.736     1.296
1939.349     1.296
1939.675     0.81
1940.063     0.081
1941.8     -1.053
1943.94     -2.187
1944.611     -2.511
1944.913     -3.078
1946.433     -3.645
1948.559     -2.511
1948.688     -0.891
1948.467     0.567
1949.342     0.324
1951.402     -1.296
1952.287     -1.701
1952.595     -1.296
1953.634     -1.377
1955.773     -1.377
1956.399     -0.567
1956.336     1.134
1956.861     1.377
1958.897     0.729
1959.77     0.324
1960.068     -0.324
1961.083     -1.782
1963.636     -2.754
1964.659     -2.997
1964.929     -1.863
1965.442     -1.053
1967.464     -0.648
1968.246     0.243
1968.161     -0.648
1969.067     -1.539
1971.484     -1.377
1972.405     -0.972
1972.46     -0.324
1972.819     0.243
1974.789     0
1975.939     -0.486
1976.247     -0.243
1976.741     0.243
1978.649     0.891
1979.755     1.053
1979.891     0.162
1980.566     -1.944
1983.075     -2.187
1984.488     -0.567
1984.282     -0.648
1984.694     -1.539
1986.784     -1.944
1988.372     -2.106
1988.689     -2.349
1989.07     -2.025
1990.779     -0.729
1992.012     0
1992.071     0.405
1992.3     0.324
1994.054     -0.486
1996.002     -0.162
1996.236     0.567
1996.358     0.324
1997.955     -0.648
2000.046     -1.296
2000.577     -1.701
2000.933     -1.053
2002.15     -0.729
2003.922     -0.891
2004.386     -1.215
2004.752     -2.349
2006.302     -2.673
2008.394     -2.916
2008.965     -2.43
2008.924     -0.81
2009.63     0.081
2011.54     0.162
2012.05     0.405
2012.107     0.729
2013.115     0.324
2015.35     -0.567
2016.251     -0.972
2016.481     -1.134
2017.403     -0.729
2019.464     -1.215
2020.399     -1.296
2020.653     -0.729
2021.339     -0.081
2024.167     -0.405
2024.406     -1.458
2025.434     -2.673
2027.864     -2.592
2028.727     -2.673
2028.907     -2.511
2029.506     -1.215
2031.24     0
2031.969     1.134
2031.867     1.458
2032.344     1.539
2034.402     0.567
2035.84     -1.377
2036.48     -2.025
2037.158     -2.187
2039.218     -1.782
2040.405     -0.567
2040.302     0.729
2040.346     0.405
2042.307     -0.567
2044.056     -1.701
2044.632     -2.592
2045.222     -3.159
2047.158     -2.268
2048.506     -1.377
2048.526     -0.891
2048.628     -0.243
2050.14     0.081
2051.791     0.729
2051.945     0.648
2052.214     0.081
2053.918     -0.405
2055.833     -1.944
2056.591     -3.24
2057.252     -2.43
2058.437     -0.081
2059.7     1.944
2059.608     1.944
2059.839     0.405
2061.54     -1.458
2064.074     -2.349
2064.807     -3.402
2065.277     -3.24
2066.397     -2.268
2068.155     -1.215
2068.4     0.324
2068.179     0.324
2069.269     -0.243
2071.495     0.243
2072.018     -0.972
2072.558     -2.511
2073.858     -2.43
2075.906     -1.701
2076.506     -1.215
2076.603     -0.486
2077.172     1.215
2078.883     0.648
2079.892     -0.162
2080.361     -0.648
2081.196     -0.648
2083.254     -0.648
2084.155     -1.215
2084.485     -2.349
2085.43     -2.592
2087.674     -1.701
2088.468     -2.106
2088.75     -1.377
2089.088     -0.972
2091.017     -1.539
2092.364     -2.349
2092.764     -2.916
2093.373     -0.405
2094.709     1.053
2095.632     1.377
2095.708     0
2096.476     -1.215
2098.753     -2.025
2100.464     -1.701
2100.673     -0.891
2100.762     -0.81
2102.573     -0.486
2104.034     -1.296
2104.503     -2.916
2105.272     -3.321
2107.091     -2.511
2108.476     -1.458
2108.516     -0.891
2108.628     -0.243
2110.024     -0.243
2111.841     0
2112.113     0.243
2112.264     0.567
2113.641     0.324
2115.564     0.081
2116.066     -0.567
2116.46     0.324
2117.565     0.081
2119.573     -0.567
2120.193     -0.729
2120.421     -0.162
2121.491     0
2123.527     -0.891
2124.276     -2.673
2125.019     -3.807
2126.438     -3.807
2128.475     -3.402
2128.899     -2.673
2128.858     -1.134
2129.463     -0.405
2131.422     0.405
2131.828     0
2132.12     -1.134
2133.365     -1.458
2135.531     -1.782
2136.407     -1.377
2136.509     0
2136.842     0.324
2138.857     0.162
2139.864     -0.729
2141.001     -1.215
2143.211     -1.701
2144.378     -1.458
2144.529     -1.458
2145.081     -1.377
2147.082     -1.944
2148.407     -2.43
2148.81     -2.511
2149.269     -1.296
2150.898     -0.162
2151.87     -0.243
2152.123     -0.324
2152.524     -0.972
2154.65     -0.648
2155.975     0.729
2155.828     0.324
2156.316     0
2158.25     -0.405
2159.932     -0.648
2160.287     -1.62
2160.835     -1.782
2162.611     -0.891
2164.042     -0.972
2164.359     -0.891
2164.648     -0.486
2166.098     -0.648
2167.926     -0.891
2168.354     -1.215
2168.672     -2.106
2170.405     -2.592
2172.388     -1.782
2172.562     -1.782
2172.851     -2.025
2174.29     -1.377
2176.076     -1.215
2176.428     -0.972
2176.515     -0.729
2177.677     -1.296
2179.908     -1.296
2180.424     -0.567
2180.362     0.729
2181.132     0
2183.396     -1.296
2184.299     -1.863
2184.614     -1.458
2185.464     -1.296
2187.543     -0.486
2188.095     0.081
2188.181     -0.729
2189.245     -1.296
2191.518     -1.296
2192.281     -1.782
2192.627     -0.81
2193.136     -0.081
2195.058     0.405
2195.834     0.081
2196.131     -0.324
2196.881     -0.162
2198.902     -0.486
2200.047     -0.729
2200.385     -1.053
2201.093     -1.377
2203.222     -1.539
2204.392     -1.215
2204.532     -0.972
2205.036     -1.377
2207.139     -0.891
2208.173     -0.324
2208.201     -0.567
2208.735     -0.729
2210.715     -0.405
2212.014     -0.648
2212.384     -1.62
2213.064     -1.539
2214.848     -1.296
2216.279     -1.377
2216.548     -0.243
2216.598     -0.081
2218.24     -0.243
2219.868     -0.567
2220.249     -1.377
2220.771     -1.134
2222.364     -0.486
2223.913     -0.486
2224.176     0
2224.305     -0.405
2225.929     -0.486
2227.804     -0.891
2228.317     -1.782
2228.802     -0.324
2229.777     -1.134
2231.931     -2.025
2232.605     -2.025
2232.853     -2.025
2234.095     -1.134
2235.8     -0.729
2236.156     -0.972
2236.489     -0.891
2237.642     0.081
2239.425     0.648
2239.758     0.243
2240.024     -0.162
2241.238     0.648
2243.228     0.567
2243.966     0.162
2244.311     -0.972
2245.471     -1.215
2247.6     -0.81
2248.213     -0.162
2248.251     -0.405
2249.137     -0.486
2251.375     -0.243
2252.179     -1.296
2252.634     -2.349
2253.667     -3.564
2256.076     -3.24
2256.953     -1.863
2256.813     -0.81
2257.127     0
2260.096     0.729
2260.102     0.567
2260.635     -0.648
2262.975     -1.053
2264.399     -1.296
2264.696     -1.215
2265.106     -1.296
2267.091     -1.053
2268.338     0.405
2268.196     1.296
2268.422     0.567
2270.485     -0.486
2272.288     -1.458
2272.847     -1.944
2273.277     -1.863
2275.024     -2.511
2276.798     -2.268
2277.017     -1.296
2277.053     -0.567
2278.485     0.081
2280.008     0.972
2280.155     1.377
2280.315     -0.405
2282.349     -1.701
2284.579     -2.349
2285.099     -2.025
2285.234     -0.729
2286.189     0.324
2287.977     0.405
2288.488     1.134
2288.42     0.243
2289.915     -1.053
2292.288     -2.754
2293.326     -2.673
2293.526     -1.701
2294.372     -1.053
2296.274     -0.324
2296.669     -0.972
2297.058     0.162
2297.735     1.458
2299.416     1.296
2300.186     0.891
2300.504     0.081
2301.652     -0.243
2303.85     -0.162
2304.65     -0.81
2305.017     -0.81
2305.823     -1.296
2308.074     -1.539
2309.05     -2.268
2309.423     -2.43
2310.151     -1.944
2312.127     -1.782
2313.037     -1.377
2313.113     -1.458
2313.767     -1.215
2315.834     0.324
2316.456     0.648
2316.533     1.053
2317.004     0.324
2319.299     -0.162
2320.739     0.243
2320.868     -0.729
2321.538     -2.43
2323.982     -2.187
2325.27     -1.134
2325.253     0
2325.382     -0.729
2327.456     -1.458
2329.072     -1.215
2329.334     -1.62
2329.784     -1.134
2331.365     -0.243
2332.76     0.162
2332.931     0
2333.306     -0.243
2335.129     -0.648
2336.938     0.162
2336.99     0.648
2337.108     -0.648
2338.986     -1.053
2340.921     -0.729
2341.298     -0.162
2341.363     -0.162
2342.747     -1.458
2345.051     -2.268
2345.673     -2.511
2345.88     -2.106
2347.083     -1.134
2348.877     -1.701
2349.512     -2.349
2349.954     -2.835
2351.242     -2.592
2353.288     -1.539
2353.581     -0.891
2353.556     -0.486
2354.48     -0.243
2356.489     -0.486
2357.26     0.324
2357.228     0.648
2358.084     0.486
2360.291     -0.324
2361.286     -1.134
2361.75     -0.891
2362.491     -1.701
2364.855     -1.458
2365.643     -2.106
2366.058     -2.754
2366.957     -1.62
2368.75     -0.891
2369.509     -0.972
2369.788     -1.701
2370.557     -0.729
2372.403     -0.405
2373.412     -0.81
2373.683     -0.891
2374.295     -0.567
2376.277     -0.648
2377.515     -0.324
2378.245     0.486
2379.998     -0.405
2381.526     -1.134
2381.941     -1.62
2382.439     -1.863
2384.431     -1.863
2385.9     -1.944
2386.169     -2.025
2386.559     -2.754
2388.57     -1.944
2389.907     -0.972
2389.938     0.972
2389.756     1.296
2391.397     0.081
2393.437     -1.053
2394.129     -1.539
2394.527     -0.243
2395.787     -0.324
2397.631     -0.891
2398.108     -0.648
2398.233     0.162
2399.486     -0.324
2401.49     -0.972
2402.105     -2.592
2402.832     -3.807
2404.462     -2.916
2406.219     -2.187
2406.52     -1.944
2406.729     -1.782
2407.886     -1.539
2409.848     -0.972
2410.26     -1.296
2410.515     -1.458
2411.559     -0.891
2413.498     -0.162
2414.077     -0.324
2414.342     -0.324
2415.263     0.243
2417.25     0.81
2417.925     0.567
2418.216     0.486
2419.075     0
2421.358     -0.567
2422.32     -0.891
2422.564     -1.944
2423.598     -2.349
2425.849     -1.782
2426.619     -0.891
2426.65     -0.486
2427.168     -0.891
2429.314     -1.62
2430.514     -1.944
2430.9     -1.539
2431.472     -0.486
2433.292     0.729
2434.142     0.648
2434.379     0
2434.984     0.405
2436.813     0.243
2438.336     -1.134
2438.893     -1.458
2439.29     -0.648
2440.885     -0.324
2442.431     -0.81
2442.85     -0.891
2443.214     -0.972
2444.93     -1.053
2446.705     -1.296
2447.102     -1.215
2447.354     -0.243
2448.658     -0.891
2450.658     -1.539
2451.231     -1.539
2451.515     -1.053
2452.818     -0.567
2454.594     -0.729
2455.143     -0.567
2455.295     -0.243
2456.572     0.081
2458.47     0.486
2458.836     -0.648
2459.418     -1.62
2460.877     -0.972
2462.726     -0.972
2463.29     -1.944
2463.791     -1.296
2464.713     -1.296
2466.793     -1.458
2467.521     -1.539
2467.7     -2.268
2468.784     -2.349
2470.928     -2.349
2471.591     -3.078
2472.022     -2.187
2472.648     -0.405
2474.353     0.648
2474.962     0.486
2475.258     0
2476.182     0.567
2478.153     -0.243
2479.28     -2.187
2480.003     -2.187
2480.677     -1.539
2482.642     -1.134
2483.629     -1.134
2483.887     -1.377
2484.542     -1.539
2486.654     -2.025
2487.953     -2.592
2488.304     -2.511
2488.835     -1.863
2490.652     -1.62
2491.867     -1.701
2492.136     -0.972
2492.368     -0.162
2494.037     0.324
2495.329     0.891
2495.509     0.972
2495.909     0.405
2499.419     -1.053
2500.082     -1.296
2500.373     -1.944
2500.699     -2.268
2500.848     -2.025
2500.657     -2.673
2500.903     -2.835
2501.073     -1.539
2500.67     -1.134
2500.635     -0.729
2500.485     -1.053
2500.393     -1.377
2500.542     -0.567
2500.426     0
2500.106     0.243
2499.989     0.243
2499.931     0.324
2499.694     0.081
2499.816     0.405
2499.735     0.162
2499.71     -1.053
2500.082     -2.349
2500.433     -3.321
2500.745     -2.997
2500.727     -2.916
2500.637     -2.268
2500.485     -1.539
2500.348     -1.944
2500.404     -1.62
2500.359     -1.215
2500.215     -0.243
2499.961     -0.243
2500.113     -0.729
2500.238     -0.567
2500.142     -0.729
2500.227     -0.567
2500.042     0.567
2499.745     0.729
2499.722     0.486
2499.566     0.162
2499.668     -0.81
2500.033     -1.863
2500.361     -2.349
2500.575     -2.025
2500.541     -1.863
2500.429     -1.62
2500.338     -1.134
2500.198     -0.729
2499.98     -0.486
2499.941     -0.567
2499.989     -0.891
2499.965     -1.053
2500.145     -0.891
2500.086     0.081
2499.79     -0.162
2499.865     0
2499.743     0.891
2499.563     0.324
2499.809     -0.81
2500.08     -1.215
2500.262     -1.377
2500.374     -2.592
2500.577     -3.402
2500.782     -1.944
2500.356     -0.405
2499.867     0
2499.833     -0.162
2499.823     -0.567
2499.852     -0.486
2499.91     -0.567
2499.884     -0.972
2499.929     -1.458
2500.09     -0.243
2499.776     0.405
2499.588     -0.405
2499.877     -0.162
2499.734     -0.081
2499.759     -1.296
2500.094     -2.268
2500.337     -2.997
2500.621     -2.997
2500.658     -2.025
2500.404     -1.377
2500.284     -1.215
2500.22     -1.296
2500.21     -1.053
2500.171     -0.81
2499.975     -1.62
2500.175     -1.377
2500.105     0.324
2499.567     0.648
2499.491     0.972
2499.4     0.162
2499.531     -1.296
2499.857     -0.567
2499.694     0.648
2499.465     -0.081
2499.77     -1.215
2500.109     -0.81
2500.038     -1.215
2500.178     -1.539
2500.169     -1.458
2500.211     -1.053
2500.108     -0.81
2499.954     -1.134
2500.082     -0.405
2499.762     -0.243
2499.671     -0.486
2499.783     -0.405
2499.741     0
2499.659     0.243
2499.668     0.567
2499.581     0.162
2499.695     -0.972
2500.002     -1.134
2499.972     -1.215
2499.983     -0.972
2499.897     -0.891
2499.796     -0.891
2499.949     -1.62
2500.149     -1.863
2500.156     -1.539
2500.006     -1.944
2500.077     -1.863
2500.124     -1.215
2500.036     -1.377
2500.174     -1.134
2500.067     -0.405
2499.835     -0.324
2499.872     -0.81
2499.975     -0.324
2499.83     0.567
2499.692     1.134
2499.488     0.486
2499.65     -0.324
2499.861     -0.405
2499.777     -0.405
2499.777     -1.296
2500.005     -1.863
2500.087     -1.782
2500.15     -1.215
2500.03     -1.377
2500.047     -1.215
2500.041     -1.134
2499.919     -1.296
2499.957     -1.377
2499.973     -1.539
2500.022     -1.134
2499.93     -0.243
2499.687     0.324
2499.63     0.891
2499.542     0.567
2499.576     0.243
2499.694     -0.486
2499.862     -1.134
2499.972     -1.377
2499.995     -1.701
2500.144     -2.025
2500.325     -1.62
2500.207     -0.486
2499.82     0.324
2499.562     -0.486
2499.81     -1.215
2500.046     -1.296
2500.062     -1.944
2500.214     -1.62
2500.201     -0.891
2499.939     -0.81
2499.922     -0.648
2499.895     -0.648
2499.848     -0.486
2499.757     -0.567
2499.736     -0.405
2499.641     -0.081
2499.517     -0.567
2499.684     -0.81
2499.77     -0.567
2499.768     -1.134
2499.972     -1.458
2500.106     -1.053
2500.003     -1.134
2500.051     -1.701
2500.223     -1.62
2500.18     -1.458
2500.037     -1.701
2500.086     -1.215
2499.946     -0.486
2499.736     -0.486
2499.715     -0.405
2499.662     -0.324
2499.593     -0.648
2499.705     -1.134
2499.814     -1.053
2499.808     -0.891
2499.76     -1.296
2499.92     -1.377
2499.995     -1.296
2500.026     -2.025
2500.252     -2.916
2500.494     -2.997
2500.527     -3.402
2500.65     -2.268
2500.306     -0.567
2499.831     0.648
2499.502     1.053
2499.399     0.486
2499.498     0.486
2499.492     0.405
2499.504     0.081
2499.558     -0.972
2499.887     -1.701
2500.076     -1.944
2500.172     -1.458
2500.074     -0.729
2499.843     -0.648
2499.832     -1.782
2500.229     -1.944
2500.24     -1.944
2500.214     -1.782
2500.155     -1.863
2500.135     -1.215
2499.941     -0.891
2499.807     0
2499.533     0.324
2499.483     0.162
2499.568     -0.729
2499.822     -0.81
2499.854     -0.81
2499.849     -1.134
2499.956     -1.701
2500.097     -1.701
2500.028     -1.539
2500.017     -0.729
2499.78     -1.134
2499.867     -1.134
2499.856     -1.053
2499.766     -1.863
2500.008     -2.187
2500.258     -1.863
2500.082     -1.458
2499.884     -0.081
2499.428     0.486
2499.282     0.324
2499.541     -0.405
2499.788     -0.162
2499.781     0.162
2499.695     -2.106
2500.257     -2.835
2500.425     -2.025
2500.178     -1.539
2499.953     -0.567
2499.705     0.162
2499.41     0.324
2498.019     -0.567
2496.635     -1.944
2496.792     -2.916
2496.998     -2.43
2495.726     -1.782
2493.795     -1.458
2493.424     -0.891
2493.236     0.081
2491.987     -0.162
2490.215     -0.972
2490.152     -1.782
2490.404     -1.944
2489.71     -1.134
2487.625     -1.296
2487.095     -0.891
2486.987     -0.405
2486.299     -0.648
2484.437     -1.62
2484.075     -2.349
2484.259     -2.754
2483.877     -2.106
2481.819     -1.053
2480.812     -1.053
2480.754     -0.972
2480.338     -0.486
2478.349     -0.81
2477.536     -0.567
2477.518     -0.567
2477.25     -0.567
2475.433     0.081
2474.234     -1.053
2474.583     -1.377
2474.428     -0.891
2472.508     -0.567
2471.274     -1.863
2471.546     -2.673
2471.567     -2.187
2469.795     -1.296
2468.341     -0.891
2468.254     -1.296
2468.214     -2.025
2466.814     -1.701
2465.316     -1.296
2465.082     -1.62
2465.137     -0.243
2463.306     0.891
2461.466     1.215
2461.295     0.648
2461.436     -0.81
2460.461     -0.972
2458.93     -2.106
2459.069     -3.078
2459.276     -2.997
2458.096     -1.782
2456.108     -0.567
2455.563     -0.243
2455.456     -0.648
2454.474     -1.782
2453.007     -2.592
2452.965     -1.944
2452.782     -1.134
2451.597     -0.486
2449.539     -0.081
2449.079     -0.081
2449.1     0.081
2448.24     -0.648
2446.508     -1.053
2446.131     -1.296
2446.212     -0.81
2445.377     -0.567
2443.432     -1.215
2443.074     -1.539
2443.134     -2.106
2442.653     -2.511
2440.876     -2.268
2440.153     -0.891
2439.791     -0.486
2439.183     -0.486
2437.303     -0.81
2436.669     -2.268
2437.015     -1.944
2436.492     -1.62
2434.557     -1.053
2433.548     -0.567
2433.429     -0.081
2432.968     -0.081
2431.13     -0.891
2430.33     -1.863
2430.552     -1.539
2430.208     -1.782
2428.499     -1.053
2427.172     -1.134
2427.141     -1.458
2427.017     -0.81
2425.17     -1.053
2423.934     -1.215
2423.914     -0.972
2423.734     -1.053
2422.218     -1.458
2420.92     -1.458
2420.799     -2.43
2420.953     -1.296
2419.203     0.81
2417.009     0
2417.114     -1.782
2416.242     -2.106
2414.738     -2.106
2414.601     -2.025
2414.543     -1.863
2413.262     -1.296
2411.431     -0.243
2410.987     1.134
2410.525     1.053
2409.399     -0.648
2408.047     -2.43
2408.19     -3.726
2408.51     -4.131
2407.675     -2.835
2405.545     -0.243
2404.469     1.053
2404.113     1.134
2403.239     -0.648
2401.792     -2.997
2402.008     -4.536
2402.439     -3.969
2401.498     -2.511
2399.13     -1.62
2398.318     -0.405
2398.021     -0.243
2397.383     -0.891
2395.571     -0.243
2394.75     -1.701
2395.181     -2.106
2394.778     -1.377
2392.657     -0.648
2391.752     -0.162
2391.575     -0.324
2391.123     -0.891
2389.405     -1.134
2388.591     -1.134
2388.517     -1.296
2388.197     -1.053
2386.279     -1.458
2385.471     -1.701
2385.472     -1.539
2385.103     -0.486
2383.085     -1.458
2382.222     -1.62
2382.171     -1.134
2381.852     -0.972
2380.129     -0.648
2378.726     0.081
2378.453     0.162
2378.263     0.405
2376.608     0.243
2375.256     -1.053
2375.517     -2.106
2375.672     -2.835
2374.402     -2.43
2372.768     -0.486
2372.16     0.405
2371.848     -0.162
2370.61     -1.377
2369.37     -2.43
2369.466     -3.078
2369.597     -2.997
2368.322     -1.377
2366.163     0.891
2365.322     0.972
2365.221     0.486
2364.235     0.162
2362.626     -0.324
2362.471     -0.891
2362.575     -1.134
2361.655     -1.296
2359.85     -0.567
2359.298     0.567
2358.916     -0.486
2358.26     -1.539
2356.609     -2.511
2356.404     -3.402
2356.711     -3.564
2356.022     -3.159
2353.892     -2.106
2353.048     -0.162
2352.535     1.215
2351.578     0.162
2349.916     -1.053
2349.561     -1.053
2349.545     -0.162
2348.712     -0.081
2346.743     0.243
2345.888     0.648
2345.743     -0.567
2345.598     -1.539
2343.957     -1.701
2343.089     -2.187
2343.166     -1.944
2342.759     -2.106
2340.949     -2.43
2340.035     -2.268
2340.044     -1.944
2339.616     -1.62
2337.708     -1.458
2336.569     -1.458
2336.469     -1.215
2336.157     -0.243
2334.208     0.972
2332.657     1.215
2332.471     1.458
2332.159     1.053
2330.666     0.081
2329.588     -0.729
2329.699     -2.025
2329.887     -2.511
2328.474     -2.349
2326.935     -1.053
2326.442     -0.486
2326.217     -1.539
2325.098     -3.078
2323.886     -1.863
2323.383     -1.296
2321.863     -0.81
2320.075     0.648
2319.476     0.405
2319.488     0.405
2318.287     0.729
2316.379     0.891
2316.083     -0.972
2316.533     -1.296
2315.598     -1.62
2313.899     -1.053
2313.385     0.243
2313.003     0.243
2312.06     -0.162
2310.246     -1.296
2310.128     -3.159
2310.614     -3.888
2310.024     -4.212
2308.146     -2.592
2307.13     -1.134
2306.72     -0.81
2305.965     -1.215
2304.13     -2.025
2303.762     -0.972
2303.449     -0.081
2302.601     -0.729
2300.799     -0.648
2300.078     -0.081
2299.9     -0.405
2299.455     0.081
2297.424     -0.243
2296.653     -0.324
2296.627     -0.486
2296.323     -1.782
2294.757     -3.078
2294.176     -3.888
2294.366     -3.24
2293.787     -2.106
2291.595     -0.486
2290.12     -0.405
2290.094     -1.215
2290.004     -0.162
2287.944     0.729
2286.464     0.567
2286.386     0
2286.347     0.486
2284.628     0.648
2283.284     -0.729
2283.504     -1.863
2283.638     -0.729
2281.766     0.891
2279.797     0.972
2279.633     -0.891
2280.03     -2.835
2279.08     -2.754
2277.531     -2.43
2277.271     -3.402
2277.425     -3.564
2276.126     -2.997
2274.358     -1.296
2273.71     0.567
2273.102     1.944
2271.514     2.43
2269.557     1.539
2269.447     0.324
2269.792     0.081
2268.783     -0.891
2267.194     -1.215
2266.922     -0.324
2266.632     0.324
2265.591     0.243
2263.669     -0.162
2263.314     -1.539
2263.623     -1.701
2262.856     -1.782
2260.977     -2.835
2260.678     -3.726
2260.837     -3.24
2260.044     -2.916
2257.983     -1.62
2256.953     -0.81
2256.695     0.243
2255.856     1.134
2253.639     0.243
2253.208     -0.162
2253.258     -0.162
2252.753     -0.324
2250.863     -0.486
2250.038     -0.486
2249.975     -0.162
2249.425     -1.053
2247.804     -1.458
2246.959     -2.268
2247.112     -2.997
2246.959     -3.483
2245.24     -3.645
2244.162     -2.673
2243.824     -1.539
2243.295     -1.377
2241.536     -0.324
2239.975     1.053
2239.492     1.377
2239.217     1.62
2237.583     1.539
2236.135     0.567
2236.252     -1.053
2236.532     -1.62
2235.198     -2.106
2233.764     -1.782
2233.504     -1.863
2233.404     -1.539
2231.944     -1.539
2230.28     -2.43
2230.328     -3.564
2230.531     -3.726
2229.358     -2.025
2227.167     -1.944
2226.834     -2.916
2227.067     -1.782
2223.906     0.324
2222.907     1.539
2222.52     0.81
2221.719     0.162
2219.934     0.486
2219.468     1.377
2219.225     1.215
2218.421     0
2216.739     -0.648
2216.369     -1.62
2216.634     -1.701
2215.876     -1.539
2213.864     -1.215
2213.225     -1.539
2213.274     -1.863
2212.718     -1.62
2210.732     -1.782
2210.043     -2.835
2210.234     -2.754
2209.628     -1.377
2207.239     0.729
2205.857     1.62
2205.603     1.377
2205.22     1.863
2203.18     1.944
2202.237     1.134
2202.411     0.162
2202.28     -0.648
2200.616     -0.729
2199.585     -2.43
2199.954     -2.997
2199.811     -3.807
2198.221     -2.511
2196.696     -0.648
2196.141     -0.81
2195.89     -1.782
2194.475     -2.025
2193.223     -2.187
2193.193     -2.106
2192.981     -1.458
2191.145     0.081
2189.302     1.62
2188.76     3.078
2188.219     3.321
2186.669     1.458
2185.539     0
2185.707     -0.324
2185.683     0.081
2184.201     -0.243
2182.639     -1.539
2182.795     -2.835
2182.988     -3.564
2181.935     -3.483
2180.165     -3.078
2179.778     -2.673
2179.654     -1.782
2178.3     -0.81
2176.241     0.162
2175.576     -0.567
2175.697     -1.782
2175.005     -1.863
2173.083     -1.215
2172.495     1.377
2171.73     3.564
2170.225     3.159
2168.359     1.215
2168.372     -0.162
2168.702     -0.729
2168.079     -1.782
2166.428     -2.187
2165.973     -2.43
2165.985     -2.673
2165.328     -2.997
2163.424     -3.645
2162.876     -3.807
2162.893     -2.673
2162.016     -1.62
2159.767     0
2158.534     0.81
2158.271     0.243
2157.927     0.162
2156.011     0.081
2155.127     0.486
2154.946     0.648
2154.497     0.081
2152.711     0.891
2151.484     1.053
2151.425     -0.162
2151.501     -0.891
2149.858     -1.863
2148.896     -3.078
2149.162     -3.888
2149.146     -4.212
2147.559     -3.564
2146.012     -2.025
2145.475     -1.863
2145.221     -1.377
2143.465     -0.486
2141.774     0.729
2141.255     1.782
2140.821     0.972
2139.532     -0.081
2138.27     0.162
2137.994     0
2137.885     0.729
2136.322     2.43
2134.173     0.324
2134.471     -2.268
2135.073     -4.212
2134.307     -4.293
2132.633     -3.645
2132.213     -3.24
2131.978     -2.43
2130.593     -1.701
2128.556     -0.405
2127.842     0.567
2127.499     0.729
2126.439     0.162
2124.653     0.081
2124.232     0.324
2123.199     1.134
2121.024     1.62
2120.447     0.972
2120.562     0.324
2119.998     0.162
2118.045     -0.729
2117.63     -1.62
2117.778     -1.539
2117.167     -2.754
2115.48     -4.374
2115.143     -4.698
2115.156     -3.402
2114.257     -2.025
2111.863     -0.567
2110.684     0.405
2110.404     0.648
2109.887     1.377
2107.728     -0.081
2107.175     -0.243
2107.202     0.405
2106.577     1.053
2104.487     1.377
2103.406     0.729
2103.505     -0.081
2103.363     -0.729
2101.661     -1.377
2100.665     -1.377
2100.66     -2.187
2100.597     -2.835
2098.985     -3.483
2097.831     -4.05
2097.887     -3.564
2097.553     -2.187
2095.527     -0.648
2093.658     0.081
2093.332     0.891
2092.958     0.729
2091.406     0.972
2089.704     0.81
2089.684     0.324
2089.724     0.81
2088.136     1.863
2086.218     1.782
2086.044     1.134
2086.149     0.324
2085.349     -1.863
2083.968     -2.754
2083.726     -3.078
2083.813     -2.997
2082.896     -3.159
2080.912     -2.349
2080.149     -1.944
2080.025     -2.349
2079.391     -1.62
2077.127     -0.081
2076.022     0.567
2075.859     -0.081
2075.348     -0.081
2073.3     1.134
2072.286     0.891
2072.282     0.405
2071.843     -0.567
2070.133     -1.539
2069.577     -1.944
2069.637     -2.187
2069.186     -1.863
2067.136     -2.106
2066.242     -2.916
2066.416     -2.754
2065.952     -2.43
2063.928     -1.701
2062.659     -0.486
2062.251     -0.324
2061.834     0.81
2059.684     1.539
2058.263     1.134
2058.271     0.567
2058.206     0.891
2056.356     0.486
2055.211     0.243
2055.165     -0.081
2054.988     -0.243
2053.389     -0.162
2051.914     -0.405
2051.831     -0.405
2051.647     -1.296
2050.295     -2.349
2049.017     -2.592
2049.003     -2.916
2048.952     -1.296
2047.025     0.324
2044.824     -0.567
2044.851     -0.405
2044.766     0.243
2043.282     0.648
2041.352     0.243
2041.15     0.162
2041.108     0.081
2040.003     0.324
2038.032     0.486
2037.636     0.81
2037.544     1.377
2036.356     0.081
2034.775     0.081
2034.353     -1.215
2034.615     -1.863
2033.814     -1.863
2031.802     -2.187
2031.415     -2.754
2031.498     -1.863
2030.433     -0.972
2028.211     -0.486
2027.507     0.405
2027.217     1.134
2026.307     0.972
2024.328     0.567
2023.641     0.243
2023.601     0.243
2021.127     0.567
2020.224     0.405
2020.146     0
2019.749     0.162
2017.784     -0.081
2017.006     -1.053
2017.166     -2.268
2017.021     -2.592
2015.165     -1.944
2013.955     -0.891
2013.584     -0.405
2013.033     0.162
2011.055     1.053
2009.68     -0.405
2009.985     -2.43
2010.214     -1.215
2008.1     0.972
2006.153     2.673
2005.542     2.106
2005.461     -0.324
2004.451     -1.944
2003.472     -1.458
2003.195     -0.405
2002.677     -0.567
2001.141     -2.43
2000.095     -2.835
2000.029     -2.187
1999.651     -1.62
1998.031     -1.134
1996.306     -0.891
1996.01     -1.296
1995.944     -0.648
1994.486     0.405
1992.458     -0.243
1992.325     -0.162
1992.261     1.134
1990.752     1.701
1988.716     0.81
1988.575     0.324
1988.588     -0.324
1987.682     -0.729
1985.831     -0.567
1985.383     -0.648
1985.341     -1.701
1984.706     -2.349
1982.904     -1.62
1982.199     -1.458
1982.103     -1.053
1981.127     -0.405
1978.911     -0.891
1978.451     -1.053
1978.42     -0.972
1977.688     -0.324
1975.504     1.134
1974.431     1.539
1974.223     1.134
1973.667     0.324
1971.856     -0.648
1971.31     -0.324
1971.118     0.648
1970.338     -0.567
1968.751     -1.782
1968.185     -1.701
1968.063     -1.458
1967.567     -1.296
1965.607     -1.215
1964.522     -1.458
1964.45     -1.458
1964.071     -0.729
1961.981     -0.729
1960.854     -0.243
1960.609     -0.567
1960.474     -0.162
1958.85     0.648
1957.033     0.648
1956.828     0.324
1956.762     0.486
1955.276     0.081
1953.715     -0.405
1953.602     -0.648
1953.567     -1.134
1952.349     -1.215
1950.596     -1.458
1950.413     -1.62
1950.33     -1.377
1949.07     -0.891
1947.119     -0.81
1946.713     -1.377
1946.796     -1.296
1945.647     -1.053
1943.566     -1.215
1943.135     -1.053
1943.082     -0.81
1942.164     -0.486
1940.103     0.081
1939.399     1.215
1939.007     1.053
1938.155     -0.243
1936.463     -0.972
1936.063     -1.782
1936.21     -1.539
1935.377     -1.215
1933.243     -1.377
1932.591     -2.025
1932.7     -2.349
1932.223     -2.592
1930.303     -2.025
1929.304     -1.944
1929.193     -1.134
1928.446     0.162
1926.062     -0.567
1925.33     -0.648
1925.236     -0.081
1924.632     0.243
1922.561     0.648
1921.426     0.486
1921.369     -0.891
1921.299     -0.648
1919.339     -0.081
1917.993     -1.134
1917.989     -1.377
1916.238     -1.539
1914.938     -2.106
1914.926     -1.944
1914.715     -1.62
1912.928     -1.053
1911.292     -1.053
1911.176     -1.296
1911.088     -1.296
1909.414     0.162
1907.466     0
1907.341     -0.162
1907.195     -0.081
1905.667     0.891
1903.76     1.377
1903.383     0.405
1903.527     -0.162
1902.33     -1.053
1900.741     -1.053
1900.477     -1.215
1900.389     -1.701
1899.271     -2.268
1897.532     -0.972
1896.844     -0.729
1896.684     -1.458
1895.742     -1.053
1893.68     0
1892.941     0.405
1892.754     0.405
1891.886     -0.324
1890.111     -0.405
1889.559     -0.567
1889.539     -0.567
1888.807     0
1886.655     -0.243
1886.035     -0.405
1885.947     -0.567
1885.253     -2.268
1883.611     -2.268
1882.895     -1.62
1882.67     -2.187
1882.205     -2.511
1880.222     -1.782
1879.191     -1.134
1878.923     -1.215
1878.413     -1.134
1876.406     -1.458
1875.582     -1.62
1875.525     -0.81
1874.867     0.324
1872.579     1.053
1871.269     0.729
1871.271     -0.405
1871.231     -0.891
1869.497     -0.891
1868.276     -0.324
1867.993     -0.972
1867.871     -1.539
1866.242     -2.106
1865.035     -2.349
1864.937     -2.268
1864.699     -2.025
1862.986     -2.349
1861.614     -2.268
1861.393     -1.458
1860.924     -0.081
1858.951     0.405
1857.205     0.324
1857.048     0.162
1856.896     -0.324
1855.52     -0.486
1853.884     0.486
1853.377     1.701
1852.906     1.863
1851.583     0.729
1850.079     -0.81
1850.169     -1.782
1850.301     -2.673
1849.291     -1.62
1847.11     -1.053
1846.637     -1.62
1846.762     -2.187
1845.808     -2.025
1843.811     -1.215
1843.164     -0.972
1842.988     -0.162
1841.804     0.324
1839.71     0.081
1839.19     0.081
1839.122     -0.729
1838.522     -1.053
1836.508     -0.405
1835.724     0.486
1835.486     0.405
1834.76     -0.648
1832.956     -0.891
1832.258     -1.134
1832.18     -1.782
1831.695     -3.078
1830.114     -3.24
1829.33     -2.997
1829.107     -1.215
1828.048     -0.405
1825.842     -0.972
1824.992     -0.324
1824.72     0.648
1823.976     0
1822.211     0.243
1821.062     0.243
1820.983     -0.081
1820.722     -0.324
1818.928     -1.053
1817.943     -1.215
1817.797     -0.729
1817.362     -0.243
1815.442     -0.162
1814.052     -0.891
1813.83     -1.701
1812.33     -2.349
1811.065     -2.916
1811.048     -2.187
1810.601     -0.243
1808.498     0.405
1806.745     0.405
1806.54     0.972
1806.178     0.648
1804.722     0.081
1803.257     -0.972
1803.295     -1.134
1803.123     -0.567
1801.582     -0.324
1799.743     -1.215
1799.696     -1.944
1799.753     -0.972
1798.188     0.243
1796.006     0.162
1795.638     -0.648
1795.743     -1.377
1794.879     -0.972
1792.86     -0.567
1792.278     -0.81
1792.233     -0.891
1791.264     -1.215
1789.44     -1.053
1788.865     0.648
1788.279     2.025
1787.049     2.025
1785.059     0.891
1784.75     0.162
1784.787     -0.486
1784.222     -0.891
1782.266     -0.81
1781.545     -1.215
1781.542     -1.62
1780.945     -0.81
1778.749     -0.243
1777.84     0
1777.633     -1.134
1777.335     -2.511
1775.712     -0.972
1774.264     -0.81
1774.116     -1.782
1773.975     -2.592
1772.201     -1.62
1770.846     0.81
1770.098     1.539
1769.488     -0.567
1768.133     -1.944
1767.284     -1.701
1767.046     -0.405
1766.421     -0.648
1764.727     -0.81
1763.417     -0.81
1763.222     -1.62
1763.112     -1.215
1761.256     -1.296
1759.856     -1.944
1759.897     -2.349
1759.768     -1.782
1757.99     -0.81
1756.183     -0.324
1755.817     0.648
1755.326     1.053
1753.728     0
1752.345     -2.187
1752.707     -3.159
1752.866     -1.215
1750.973     0.81
1748.607     1.215
1748.177     0.243
1748.305     -0.891
1747.296     -1.296
1745.514     -0.567
1744.978     -0.324
1744.855     -0.891
1743.821     -1.458
1742.03     -1.944
1741.765     -1.458
1741.509     -1.053
1740.348     -0.567
1738.217     0.405
1737.447     0.729
1737.261     -0.324
1736.694     -2.754
1735.336     -3.321
1734.861     -1.62
1734.381     -0.243
1733.245     -0.567
1731.257     -0.729
1730.584     -0.567
1730.478     -0.405
1729.771     -0.486
1727.713     -0.891
1726.958     -0.972
1726.906     -0.324
1726.143     1.053
1723.754     1.215
1722.774     -0.648
1723.171     -2.511
1723.193     -2.268
1721.07     -1.053
1719.667     -0.567
1719.384     -1.053
1719.093     -1.863
1717.387     -1.134
1716.071     0.405
1715.492     0.729
1715.058     -0.486
1713.582     -1.62
1712.547     -0.972
1712.185     -0.567
1711.766     -0.891
1710.147     -0.486
1708.696     -0.891
1708.562     -0.648
1708.244     -0.81
1705.065     -1.296
1704.979     -1.215
1704.768     -1.134
1703.23     -1.215
1701.556     -1.296
1701.309     -1.215
1701.109     -1.134
1699.687     -1.053
1697.854     -0.324
1697.375     -0.324
1697.275     -0.81
1696.031     -0.405
1694.017     -0.324
1693.637     -0.324
1693.479     -0.162
1692.32     0
1690.328     0
1689.923     -0.567
1690.011     -1.944
1689.336     -3.807
1687.858     -2.997
1687.105     -1.863
1686.655     -0.81
1685.469     0.486
1683.065     -0.243
1682.643     -0.972
1682.759     -0.81
1681.883     -0.972
1679.831     -1.377
1679.292     -1.215
1679.185     -0.567
1678.312     0.405
1675.973     -0.486
1675.4     -0.486
1675.316     0.972
1674.379     0.972
1672.368     0.648
1671.496     -0.729
1671.748     -1.944
1671.561     -2.673
1669.723     -2.025
1668.497     -1.539
1668.236     -0.972
1667.622     0.081
1665.403     0.081
1664.229     -1.215
1664.433     -2.349
1664.367     -1.539
1662.303     -0.405
1660.731     -0.243
1660.499     0
1660.102     -0.081
1658.312     -0.405
1656.967     0.486
1656.54     0.972
1656.142     0.81
1654.51     -0.405
1653.339     -1.377
1653.409     -1.539
1653.273     -0.891
1651.552     -1.458
1650.066     -1.458
1649.755     -1.296
1649.539     -1.62
1648.235     -0.405
1646.21     -0.081
1645.808     -0.324
1645.71     -1.134
1644.588     -2.025
1642.994     -0.891
1642.349     0.081
1641.89     0.081
1640.674     0.567
1638.596     -0.162
1638.306     0.486
1638.023     1.053
1636.792     0.567
1634.905     -0.567
1634.765     -1.377
1634.892     -2.025
1634.101     -0.567
1631.559     -0.648
1630.965     -1.62
1631.166     -2.187
1630.454     -1.782
1628.35     -0.081
1627.228     -0.324
1627.135     -0.891
1626.507     -1.539
1624.621     -1.944
1623.987     -0.81
1623.589     -0.243
1622.848     -0.729
1620.914     -0.81
1620.004     -0.405
1619.796     -0.567
1619.297     -1.701
1617.604     -2.106
1616.696     -2.268
1616.602     -1.539
1615.876     -1.62
1613.928     -2.349
1613.017     -2.106
1612.773     -0.972
1612.05     -0.243
1609.944     -0.567
1608.762     -0.486
1608.645     0.081
1608.183     -0.81
1606.604     -1.296
1605.334     -1.782
1605.347     -1.944
1605.09     -0.729
1603.055     1.296
1601.02     0.567
1601.009     -1.377
1601.264     -1.944
1599.768     -2.754
1598.362     -1.782
1597.666     -0.81
1595.911     -1.296
1594.267     -2.43
1594.306     -3.159
1594.358     -1.863
1592.617     -0.405
1590.375     0.486
1589.837     0.405
1589.706     -0.891
1588.83     -1.539
1587.076     -1.053
1586.546     0.405
1586.031     0.324
1584.974     0.405
1582.925     -0.567
1582.684     -0.567
1582.563     -0.405
1581.493     -0.972
1579.559     -2.43
1579.364     -3.159
1579.411     -2.349
1578.289     -0.972
1575.874     0
1574.988     -1.296
1575.286     -2.187
1574.713     -1.053
1572.268     0.567
1571.004     1.296
1570.673     0.972
1570.075     0.081
1568.259     -0.648
1567.6     -0.891
1567.56     -0.486
1566.931     -1.377
1565.088     -0.891
1563.911     -0.81
1563.768     -1.296
1563.403     -1.377
1561.471     -1.053
1560.279     -0.891
1560.083     -1.782
1559.889     -2.754
1558.227     -2.187
1556.902     -0.405
1556.311     -0.405
1555.958     -1.134
1554.32     -1.377
1552.963     -0.081
1552.418     0.486
1552.008     -0.162
1550.449     -1.053
1549.191     -0.243
1548.744     -0.891
1548.653     -1.053
1547.096     -1.701
1545.658     -2.106
1545.518     -0.486
1544.786     0.162
1543.086     -0.81
1541.682     -1.296
1541.569     -1.458
1541.46     -2.106
1540.232     -1.458
1538.19     -0.405
1537.525     -0.648
1537.479     -1.296
1536.399     -0.648
1534.278     -0.405
1533.75     -0.729
1533.705     -0.81
1532.573     0.729
1530.125     1.458
1529.462     0.891
1529.492     -0.486
1528.88     -1.377
1527.08     -1.296
1526.517     -1.458
1526.418     -2.025
1525.716     -1.782
1523.592     -1.215
1522.783     -1.053
1522.635     -0.729
1522.027     -0.81
1520     -0.648
1518.957     -0.648
1518.846     0.162
1518.162     0.648
1516.042     0.486
1514.911     0.81
1514.725     0.405
1514.459     0.081
1512.65     0.243
1511.238     0.162
1511.049     -0.972
1511.077     -1.782
1509.514     -2.268
1508.232     -1.053
1507.714     -0.081
1507.144     0.162
1505.394     -1.863
1504.381     -2.835
1504.43     -1.944
1503.95     -0.567
1501.982     0.972
1499.866     0.648
1499.663     -1.296
1499.981     -1.863
1498.705     -0.324
1496.494     0.891
1495.823     0.405
1495.863     -0.648
1495.638     -1.053
1493.725     -0.972
1492.703     -0.729
1492.469     -1.134
1492.135     -2.106
1490.509     -1.944
1489.266     -1.377
1488.951     -1.62
1488.611     -1.863
1485.374     -1.944
1485.249     -1.377
1484.724     -0.486
1482.685     0.243
1481.133     0.405
1480.916     -0.162
1480.825     -0.486
1479.179     -0.162
1477.513     0.243
1477.142     0.648
1476.844     0.405
1475.314     -0.486
1473.872     -1.215
1473.787     -1.863
1473.781     -2.268
1472.362     -2.106
1470.497     -1.215
1469.996     -1.62
1469.941     -1.62
1468.556     -0.891
1466.509     -0.081
1465.95     0.405
1465.663     -0.324
1464.646     -0.405
1462.709     0.243
1462.189     0
1462.106     -0.081
1461.007     0.243
1458.872     0.243
1458.293     0.243
1458.114     -0.081
1457.205     -0.405
1455.28     -1.377
1454.95     -2.592
1455.079     -2.754
1454.317     -1.62
1451.893     -0.405
1450.831     -0.891
1450.887     -1.377
1450.28     -1.944
1448.293     -0.972
1447.16     -0.729
1446.969     -0.243
1446.202     0.324
1443.987     0.486
1443.07     0.405
1442.955     0.405
1442.349     -0.486
1440.497     -0.486
1439.454     -0.405
1439.306     -0.648
1438.976     -1.215
1437.116     -1.296
1435.959     -1.539
1435.871     -1.944
1435.557     -2.43
1433.765     -1.053
1432.087     0
1431.617     -0.405
1431.404     -0.81
1429.679     -1.215
1428.403     -0.81
1428.11     0.243
1427.498     1.215
1425.433     1.215
1423.943     0.243
1424.028     -0.162
1423.931     0.243
1422.217     -0.81
1420.797     -1.377
1420.691     -1.296
1420.437     -0.972
1418.829     -1.62
1417.207     -2.592
1417.15     -1.701
1416.744     -1.458
1415.242     -1.134
1413.318     -1.377
1413.004     -1.701
1412.943     -1.377
1411.582     -1.053
1409.585     -0.243
1408.958     1.134
1408.512     0.972
1407.465     0.648
1405.461     0.567
1404.893     0.243
1404.943     -0.324
1404.083     0
1401.912     0.081
1401.332     -0.324
1401.308     -0.729
1400.553     -1.539
1398.731     -1.62
1398.074     -1.62
1397.947     -1.458
1397.072     -1.62
1395.01     -1.296
1394.207     -1.377
1394.065     -2.592
1393.679     -1.296
1391.164     0.162
1389.88     -0.162
1389.851     0.405
1389.089     0.891
1386.843     0.324
1386.041     0.405
1385.914     0.243
1385.436     -0.081
1383.495     -0.972
1382.632     -0.567
1382.388     -1.296
1382.15     -1.782
1380.269     -2.835
1379.338     -2.268
1379.082     -2.349
1378.74     -0.972
1376.43     0.648
1374.335     0.405
1374.062     -0.405
1372.594     -0.405
1371.146     -0.486
1370.883     0
1370.459     1.215
1368.471     1.053
1366.935     0.324
1366.871     -0.081
1366.726     -0.972
1365.4     -1.539
1363.814     -1.215
1363.433     -0.324
1363.042     -1.053
1361.868     -2.187
1360.301     -2.349
1359.955     -2.43
1359.813     -1.944
1358.43     -1.296
1356.299     -0.729
1355.658     -0.972
1355.576     -1.539
1354.653     -1.458
1352.578     -0.162
1351.727     1.296
1351.18     0.729
1350.389     0.81
1348.266     1.053
1347.533     1.053
1347.391     0.567
1346.646     0.162
1344.706     0
1344.023     -1.215
1344.21     -1.863
1343.635     -2.187
1341.547     -2.268
1340.753     -2.025
1340.598     -2.025
1339.951     -2.268
1337.91     -2.592
1337.059     -1.863
1336.707     -0.729
1335.872     -0.324
1333.743     -0.972
1332.936     -0.567
1332.665     0.891
1331.802     2.43
1329.37     2.187
1328.166     1.377
1328.229     0.972
1328.016     -0.162
1326.376     -1.539
1325.411     -2.43
1325.517     -2.268
1325.153     -2.349
1323.279     -2.268
1321.783     -1.62
1321.347     -1.377
1320.993     -1.62
1319.351     -2.43
1317.988     -1.539
1317.487     -0.081
1316.888     0.081
1315.307     0.243
1313.558     0.486
1313.241     1.944
1312.625     2.43
1310.943     1.701
1309.263     1.134
1309.082     -0.567
1309.367     -2.025
1308.414     -2.349
1306.657     -2.349
1306.31     -2.187
1306.109     -2.349
1304.914     -3.402
1303.163     -3.24
1302.609     -2.349
1302.25     -2.43
1301.266     -2.268
1299.191     -1.539
1298.423     -0.405
1297.978     0.405
1296.788     1.458
1294.443     1.944
1293.65     1.377
1293.675     1.053
1292.856     1.458
1290.668     1.62
1289.883     0.729
1289.994     -0.729
1289.614     -0.81
1287.477     -1.62
1286.819     -2.268
1286.85     -1.944
1286.137     -1.539
1283.944     -1.053
1282.903     -1.296
1282.773     -1.296
1282.231     -1.701
1280.312     -1.215
1279.066     0.081
1278.552     -0.243
1278.17     0.162
1276.046     1.053
1274.708     2.106
1274.274     2.025
1273.838     0.81
1272.208     -0.081
1271.13     -0.081
1271.009     -0.324
1270.721     -1.296
1269.079     -2.349
1267.938     -2.673
1267.735     -2.835
1267.499     -1.944
1265.587     -1.458
1263.884     -1.377
1263.588     -1.134
1261.675     -0.891
1259.9     -0.486
1259.476     0.243
1259.034     0.243
1257.549     -0.243
1255.899     0.648
1255.319     2.349
1254.681     2.997
1253.119     1.944
1251.541     -0.324
1251.756     -1.458
1251.879     -1.458
1250.626     -1.539
1248.668     -2.43
1248.469     -2.835
1248.461     -1.539
1246.999     -0.405
1244.654     -1.377
1244.387     -0.486
1244.018     0
1242.83     0.081
1240.702     -0.081
1240.187     -0.567
1240.254     -0.081
1239.203     1.539
1236.633     2.673
1235.609     1.296
1235.787     0.324
1235.225     -0.162
1233.201     -0.81
1232.621     -1.62
1232.663     -1.701
1232.032     -2.025
1229.991     -1.701
1228.92     -1.539
1228.74     -1.458
1228.187     -0.972
1225.957     -0.243
1224.757     -0.729
1224.744     -1.701
1224.44     -1.539
1222.354     -0.243
1220.897     1.053
1220.394     1.539
1219.811     1.782
1217.799     0.729
1216.774     0.243
1216.682     0.243
1216.303     0.324
1214.507     -0.324
1213.279     -1.62
1213.399     -2.997
1213.476     -3.24
1211.756     -2.349
1209.918     -1.863
1209.557     -1.62
1209.271     -1.296
1207.589     -1.215
1205.872     -1.053
1205.561     -0.567
1205.252     0.243
1203.477     -0.081
1201.784     0.891
1201.193     1.215
1200.881     0.81
1199.588     0.729
1197.683     1.053
1197.154     -0.486
1197.38     -1.458
1196.386     -1.053
1194.293     -1.053
1193.82     -0.891
1193.629     -2.106
1192.832     -2.349
1190.901     -1.458
1190.126     -1.215
1189.877     -1.539
1188.911     -0.648
1186.583     -0.324
1185.875     0.648
1185.49     1.134
1184.481     0.891
1182.413     0
1181.987     -0.405
1181.953     0.162
1181.023     0.891
1178.664     0.891
1177.817     0
1177.928     -1.053
1177.567     -2.592
1175.918     -2.511
1174.954     -1.458
1174.521     -1.863
1174.008     -2.835
1172.155     -3.078
1171.146     -2.349
1170.773     -0.405
1169.723     1.215
1167.253     1.053
1166.133     0.405
1166.126     0.162
1165.733     0.81
1163.618     0.648
1162.466     0.891
1162.138     0.891
1161.69     -0.567
1160.22     -0.81
1158.927     0.081
1158.479     -0.81
1158.411     -1.782
1156.906     -2.106
1155.361     -2.835
1155.286     -2.673
1155.006     -2.592
1153.305     -1.863
1151.421     -0.405
1150.753     -0.162
1150.504     -0.081
1148.976     0.162
1147.132     0.81
1146.364     1.782
1144.668     1.701
1142.768     1.134
1142.582     1.215
1142.381     0.405
1141.297     -0.729
1139.646     -1.215
1139.354     -1.539
1139.288     -1.215
1138.243     -1.215
1136.132     -2.673
1135.889     -2.916
1135.791     -1.944
1134.652     -0.81
1132.17     -1.782
1131.645     -1.944
1131.546     -1.863
1130.75     0.486
1127.997     2.106
1126.749     2.349
1126.537     1.62
1126.036     0.891
1124.098     0.081
1123.356     0.567
1123.089     0.729
1122.483     0.486
1120.468     -1.296
1119.858     -2.916
1120.169     -2.268
1119.486     -2.268
1117.464     -2.106
1116.199     -2.349
1116.09     -1.944
1115.588     -0.81
1113.327     -1.134
1112.065     -0.081
1111.574     1.134
1110.887     1.863
1108.828     1.701
1107.45     0.243
1107.597     0.405
1107.264     1.62
1105.255     1.134
1103.747     1.053
1103.495     -0.567
1103.685     -3.078
1102.706     -3.159
1100.98     -3.078
1100.637     -2.187
1100.205     -0.729
1098.342     -0.972
1096.617     -1.296
1096.324     -0.486
1095.866     0.81
1094.135     1.863
1091.912     1.539
1091.64     0.081
1091.882     -0.486
1090.79     0.081
1088.596     0.891
1087.833     1.863
1087.431     1.863
1086.373     0.081
1084.769     -1.782
1084.66     -2.511
1084.675     -1.701
1083.48     -2.025
1081.466     -2.511
1080.985     -2.511
1080.816     -2.511
1079.932     -1.377
1077.518     -0.324
1076.468     0.81
1075.998     0.891
1075.228     0.486
1073.209     0.081
1072.485     -0.243
1072.445     0.81
1071.47     2.511
1068.863     2.349
1067.937     0.567
1068.212     -1.539
1068.174     -1.62
1066.079     -0.891
1064.852     -0.891
1064.71     -1.458
1064.43     -3.159
1062.883     -3.645
1061.775     -2.349
1061.187     -0.162
1060.193     0.729
1057.971     0.486
1056.667     -0.162
1056.655     -0.567
1056.416     -0.972
1054.66     -0.81
