Distance_nm     Force_uN
0     -0.243
0.134     -0.648
6.628     -0.81
12.798     0.567
25.586     0.405
38.882     -1.053
45.435     -1.62
51.698     -1.215
64.481     -1.377
76.854     0.081
83.31     -0.162
95.921     0.081
108.565     -0.972
114.865     -0.81
127.363     -0.162
133.371     1.053
146.306     0.162
152.849     -0.405
165.848     -1.62
178.34     -1.053
184.065     -0.972
196.353     -0.405
202.534     0.324
215.29     0.405
228.187     -0.567
234.244     0.729
247.232     0.324
253.823     -0.405
265.832     -0.405
272.127     -0.324
285.142     -1.215
298.006     -1.215
304.214     -0.486
316.764     0.729
323.183     0.891
336.441     -0.648
349.423     -1.053
355.847     -1.215
368.193     0.486
374.643     0.729
387.928     -1.215
394.557     -1.782
407.146     -1.053
419.751     -0.324
426.035     -0.324
438.587     -0.486
444.618     -0.324
456.736     -1.215
468.652     -0.486
474.576     -0.243
487.081     -1.215
492.928     -0.243
505.157     0.081
517.737     -0.891
523.838     -0.81
536.084     -0.648
548.432     -0.891
554.495     -0.567
566.503     0.243
573.014     -0.81
585.475     -1.296
597.444     0.567
603.55     0.891
616.039     0.324
622.264     0.162
634.935     -0.729
641.219     -1.053
653.637     -0.729
665.602     0.081
671.703     -0.162
684.536     -1.539
703.249     -1.458
709.77     -2.106
722.16     -1.296
728.222     -0.567
740.682     -0.081
746.994     -0.486
759.626     -0.648
772.334     -0.324
778.542     0.162
791.531     -0.729
798.068     -1.296
810.868     -1.62
816.919     -0.486
829.459     0.567
835.905     0.243
849.082     -1.134
861.784     -0.567
868.164     -0.243
881.228     -1.053
887.398     0
900.482     -0.486
907.338     -1.782
920.228     -1.539
926.387     -0.162
939.595     -0.891
945.878     -0.081
959.157     -0.729
965.726     -0.891
978.848     -1.053
991.802     -0.162
998.236     0.243
1011.195     1.134
1017.872     1.215
1025.077     -0.729
1038.63     -1.782
1044.994     -0.648
1058.239     -0.162
1065.039     -0.567
1078.441     -0.81
1084.933     -0.081
1098.659     -1.539
1105.238     -1.134
1118.514     0.162
1125.104     0.891
1138.845     0.081
1152.979     -1.701
1159.758     -1.458
1173.125     -0.243
1180.028     -0.405
1186.898     -0.648
1200.687     -0.891
1207.47     -0.405
1221.35     -1.134
1234.907     -0.324
1241.712     0
1248.549     0.324
1262.434     0.243
1276.514     -0.648
1283.578     -0.972
1297.425     -0.648
1304.365     -0.729
1318.52     -1.863
1325.557     -1.782
1339.721     -1.944
1346.52     -1.053
1360.06     0.324
1367.156     0.324
1381.283     0.324
1388.335     0.405
1402.883     -0.972
1409.968     -1.053
1423.944     -0.243
1431.202     -0.972
1445.528     -1.215
1452.861     -2.106
1467.144     -2.025
1481.108     -0.405
1502.415     0.405
1509.478     1.053
1524.43     -1.134
1531.568     -0.648
1546.077     -0.486
1553.318     -0.648
1567.686     0
1574.916     0.162
1589.792     -0.972
1604.592     -1.863
1611.67     -0.891
1625.908     0.567
1633.473     -0.486
1647.9     0.567
1662.559     0.648
1670.155     -0.243
1685.014     -0.405
1692.664     -1.296
1707.392     -0.729
1722.251     -1.134
1729.793     -1.458
1744.689     -1.377
1751.81     -0.243
1767.11     -1.296
1781.601     0.243
1789.197     -0.405
1804.157     -0.162
1811.769     -0.324
1827.257     -1.134
1842.74     -2.025
1849.931     -0.729
1865.122     -0.81
1879.984     0.486
1887.505     0.567
1903.118     -1.458
1917.802     0.324
1933.246     -0.243
1941.079     -1.053
1956.06     0
1963.639     0.324
1979.467     -1.62
1995.046     -1.944
2002.56     -1.134
2017.798     0.081
2025.949     -1.539
2041.474     -1.701
2049.08     -1.134
2064.523     -0.648
2080.248     -1.134
2087.81     -0.324
2103.393     -0.081
2111.512     -1.053
2126.949     -0.324
2142.867     -0.891
2150.829     -1.134
2166.773     -1.782
2182.502     -1.458
2190.555     -1.782
2206.305     -1.215
2214.314     -1.458
2230.14     -1.053
2238.171     -1.296
2253.867     -0.81
2261.925     -0.891
2277.826     -0.648
2294.093     -1.296
2302.146     -1.377
2318.392     -2.187
2334.302     -1.458
2342.366     -1.377
2358.54     -1.053
2366.636     -1.377
2382.833     -1.458
2407.082     -0.972
2423.354     -1.296
2439.415     -0.567
2447.349     -0.081
2463.896     -0.891
2472.213     -1.458
2488.328     -1.134
2488.328     -1.134
2488.281     -1.701
2486.286     -1.134
2473.755     -1.053
2460.515     -1.296
2453.963     -1.458
2440.324     -0.324
2433.766     -0.486
2420.537     -0.972
2413.612     -0.162
2400.475     -0.81
2393.955     -1.296
2380.322     -0.405
2373.569     -0.0809999999999999
2360.401     -1.215
2353.697     -1.053
2340.296     -1.134
2333.663     -1.215
2320.288     -1.377
2306.758     -0.972
2299.995     -0.729
2286.637     -0.972
2280.031     -1.215
2266.7     -2.025
2259.678     -0.891
2245.905     0.162
2239.18     1.11022302462516E-16
2226.039     -1.296
2219.346     -1.458
2205.681     -1.296
2192.032     -0.891
2185.389     -1.458
2171.902     -1.782
2164.956     -1.377
2150.892     0.162
2130.384     0.0810000000000001
2123.487     0.324
2109.931     -0.486
2103.271     -0.972
2089.623     -1.296
2075.667     -0.891
2068.674     -0.729
2055.09     -1.377
2048.22     -1.458
2034.27     -0.729
2027.293     -0.729
2013.311     -0.729
2006.306     -0.324
1992.389     -0.486
1978.596     -0.972
1971.607     -0.81
1957.653     -1.134
1950.832     -1.782
1936.893     -2.106
1929.732     -1.539
1915.789     -2.349
1908.639     -1.863
1894.253     -0.729
1887.167     -0.486
1872.803     0.162
1858.671     0.162
1851.91     -0.972
1837.81     -1.458
1830.812     -1.863
1816.167     -0.486
1802.332     -2.106
1795.258     -2.43
1780.717     -1.701
1773.605     -2.025
1759.263     -1.863
1751.936     -1.539
1737.107     0.405
1722.62     0.81
1716.002     0.81
1702.695     -1.458
1695.314     -0.81
1681.038     -1.782
1673.705     -1.377
1659.25     -1.62
1651.95     -1.701
1637.361     -1.458
1629.996     -1.377
1615.407     -1.539
1607.691     -0.243
1592.962     -0.162
1578.341     -0.405
1570.987     -0.243
1556.264     -0.324
1549.072     -0.891
1534.348     -0.891
1519.36     -0.405
1511.904     -0.243
1497.348     -1.215
1489.946     -1.377
1475.007     -0.648
1467.653     -0.486
1456.294     -0.0809999999999999
1449.23     -0.162
1435.281     -0.648
1420.251     -0.324
1412.644     1.11022302462516E-16
1397.857     -0.729
1390.217     -0.162
1375.683     -1.134
1368.674     -1.539
1353.725     -2.025
1338.592     -1.458
1330.915     -0.972
1315.545     1.11022302462516E-16
1300.876     -0.81
1285.89     -1.296
1278.159     -0.81
1262.871     -0.405
1247.776     -0.567
1232.807     -1.701
1225.184     -1.539
1209.95     -1.782
1202.252     -1.701
1186.851     -1.539
1171.611     -1.539
1163.87     -1.215
1148.345     -0.891
1133.235     -1.701
1125.208     -0.486
1109.909     -0.81
1102.282     -1.215
1086.671     -0.891
1071.54     -1.701
1063.734     -1.458
1048.031     -0.972
1040.355     -1.215
1024.841     -0.81
1009.452     -1.539
1001.679     -1.458
985.922     -0.648
978.127     -0.567
962.548     -0.324
954.7     -0.0809999999999999
939.37     -0.891
924.604     -1.377
916.772     -1.458
900.934     -0.81
893.194     -0.972
877.766     -1.377
862.027     -1.296
846.427     -1.377
838.422     -0.729
822.736     -0.729
815.039     -1.377
799.186     -1.215
783.549     -1.539
775.793     -2.025
759.756     -0.81
751.983     -1.134
736.471     -2.187
728.741     -2.673
712.516     -1.215
696.641     -0.891
688.583     -0.648
673.168     -1.863
656.813     0.243
648.835     0.243
633.113     -0.567
625.21     -0.324
609.934     -1.134
602.151     -1.782
586.26     -1.296
570.402     -1.377
562.457     -1.134
546.582     -0.243
538.68     -0.405
522.899     -1.539
506.938     -1.134
498.761     -0.324
482.979     -0.891
475.125     -1.053
459.499     -1.782
443.507     -1.539
435.643     -1.863
419.585     -1.377
403.339     -0.162
395.394     -0.324
371.753     -0.972
363.83     -1.215
347.966     -0.972
331.876     -0.243
323.856     -0.0809999999999999
308.079     -0.729
292.551     -1.782
284.487     -1.215
268.742     -1.296
260.856     -1.539
244.825     -0.972
229.073     0.486
222.146     -0.891
206.487     -1.296
190.748     -1.539
182.873     -1.62
166.809     -0.486
159.101     -1.134
143.616     -2.187
127.897     -1.944
120.145     -1.539
104.669     -1.458
88.8590000000001     -1.134
81.0260000000001     -0.891
65.6800000000001     -1.944
57.6700000000001     -1.377
42.0970000000001     -1.053
26.5820000000001     -0.648
11.1600000000001     -1.053
3.61900000000011     -1.62
-11.8309999999999     -1.134
-19.4639999999999     -1.053
