Distance_nm     Force_uN
-0.079     -1.539
-0.35     -0.486
1.477     -1.296
1.888     -0.567
1.699     0.243
2.953     1.62
3.404     2.673
3.295     4.05
4.469     4.05
5.693     2.835
6.039     2.268
8.864     -0.405
9.121     -1.053
9.306     -1.296
11.585     -1.863
11.626     -1.782
12.475     -0.324
13.5     -0.162
13.744     -0.324
14.29     1.377
14.9     3.969
15.028     3.645
17.19     3.969
17.661     2.835
18.054     1.539
20.923     -0.81
21.02     -0.405
22.02     -1.053
23.599     -1.782
23.716     -1.134
24.183     -0.162
25.572     -0.081
25.598     0.891
25.985     1.944
27.665     2.754
27.477     3.321
29.854     2.187
30.656     1.134
30.872     0.324
33.024     -0.243
33.581     -0.081
34.083     -0.405
35.783     -1.134
36.782     -2.43
36.482     -0.081
37.373     2.025
37.754     3.402
37.984     3.564
40.384     3.645
40.59     2.754
40.908     2.511
43.698     1.053
44.014     0.162
45.74     -0.486
47.133     -1.701
48.592     -1.782
49.75     -1.701
49.351     0.405
50.404     1.215
51.457     2.025
51.211     3.321
52.23     3.807
54.424     1.62
54.369     2.025
57.218     0.243
57.407     0.405
58.522     -0.243
60.417     -1.701
60.981     -2.592
61.328     -1.053
62.615     0.243
62.871     0.486
63.586     0.648
65.083     2.754
64.95     2.916
67.246     2.916
67.681     3.159
67.968     2.025
70.746     0
71.235     0.081
71.822     -0.324
73.533     -0.324
73.986     0.405
74.547     -0.081
76.959     -0.162
76.684     0.891
78.554     1.539
79.256     2.106
79.014     2.835
80.576     3.807
81.728     3.159
82.334     1.539
84.194     0.486
85.604     -0.81
85.782     -0.729
88.534     -1.215
88.628     -1.215
88.592     -0.486
90.975     0.648
91.01     0.81
92.065     2.106
93.256     2.835
93.57     2.349
94.841     1.944
96.806     1.053
97.005     0.324
99.628     0.162
99.779     0.486
99.988     -0.081
102.692     -0.486
102.562     0.81
103.588     0.081
105.246     0.243
105.179     2.268
105.88     2.268
108.161     2.025
108.054     2.268
108.454     3.159
111.532     0.162
111.576     -0.081
113.668     0.486
114.617     -0.486
114.906     0.324
116.552     0.729
117.673     -0.891
117.713     0.243
119.914     1.863
119.988     1.701
121.554     2.997
122.203     4.293
123.167     1.863
124.833     1.62
125.831     1.863
126.306     0.972
129.432     -0.405
129.686     -0.648
132.681     -1.296
132.711     -1.053
132.504     0.081
134.738     2.106
134.691     2.916
135.855     2.835
137.898     1.944
137.924     2.025
140.727     1.782
141.131     1.134
141.401     0.162
144.318     -0.648
144.603     -0.81
145.376     -0.567
147.09     -0.324
147.306     0.486
147.827     1.296
149.907     2.025
149.967     1.782
152.504     1.863
152.955     2.106
153.642     1.701
155.422     1.62
156.291     0.81
157.002     0
159.549     0.243
159.344     0.891
161.606     0.405
162.447     0.729
162.612     1.134
164.549     0.405
165.314     1.782
165.531     1.701
168.12     2.592
168.073     2.592
170.29     0.891
171.909     -0.324
172.083     -0.243
173.606     -0.486
175.113     -0.648
175.105     -0.324
176.405     -0.162
178.126     -0.162
177.84     0.972
180.404     1.782
180.636     1.701
181.323     2.916
182.783     3.402
183.561     2.106
184.894     1.053
186.883     1.215
186.841     1.296
189.786     0.243
190.461     -0.729
190.97     0.324
192.753     0.567
192.963     1.377
195.419     1.863
195.933     2.106
196.288     2.673
198.22     2.592
198.944     2.187
199.494     1.944
201.294     2.025
202.57     0.162
203.131     -0.324
206.112     -1.215
206.035     -0.729
207.67     1.215
208.681     1.215
208.648     2.106
210.37     2.025
211.609     1.863
211.675     2.268
214.531     2.592
214.676     2.187
216.491     1.701
217.902     1.62
220.23     -0.81
221.699     -0.891
221.62     -0.081
223.121     -0.972
224.251     1.782
223.967     3.24
227.305     1.701
227.278     2.511
228.139     2.916
230.069     2.511
230.536     1.863
231.23     2.835
234.073     0.486
234.391     -0.567
237.075     -0.486
237.654     -1.134
238.24     -0.648
240.483     0.162
240.256     1.053
240.84     1.053
243.48     0.729
243.41     1.053
245.336     2.754
246.374     1.863
247.317     0.081
249.013     0.891
249.925     0.648
250.494     -0.162
253.231     0
253.037     0.648
255.301     -0.243
256.218     0.486
255.984     2.349
258.036     1.053
259.445     0.567
259.324     2.025
260.931     1.944
262.655     0.729
262.561     1.458
265.918     0.162
266.212     -0.486
267.37     0.324
269.312     -1.053
269.23     0.162
270.208     1.053
272.081     1.296
271.966     1.944
272.899     2.673
275.022     2.43
275.104     2.025
277.754     2.511
278.412     1.701
279.836     -0.243
281.601     0.324
281.904     0.729
282.889     -0.081
284.966     -0.567
285.185     0.648
286.041     0.081
288.304     1.053
287.842     2.511
290.372     2.106
291.206     1.782
291.377     2.916
293.333     2.511
294.689     0.567
295.078     0.648
298.075     0.486
298.311     -0.162
299.904     1.62
301.236     0.891
301.686     0.567
303.381     0.648
304.504     1.215
304.67     1.458
306.007     2.349
307.315     2.754
307.501     2.511
310.616     2.106
310.972     1.539
314.417     -0.243
314.596     -0.324
315.889     0
317.737     -0.81
318.125     -0.567
319.025     0.405
320.965     0.729
320.787     1.377
323.073     3.564
323.614     2.997
324.725     2.268
326.576     2.592
327.187     1.782
328.36     0.243
330.893     0.162
331.06     -0.405
331.853     -0.891
333.819     1.215
333.966     0.567
336.381     0.729
336.781     2.268
337.352     2.025
339.283     2.106
340.048     2.673
340.342     2.916
343.622     1.215
343.474     2.106
346.057     0.162
347.201     -0.081
347.289     0.891
349.242     0.162
350.528     0
350.187     2.106
351.891     1.701
353.501     1.053
353.367     2.187
356.384     2.106
356.571     1.701
357.84     2.511
359.587     1.863
360.264     0.567
361.593     0.243
363.736     -0.486
363.933     -0.81
364.891     0
366.512     1.62
366.7     1.053
369.486     1.701
369.748     1.944
370.637     2.106
372.638     1.944
372.977     2.43
374.172     0.891
376.522     1.377
376.447     1.62
377.589     0.162
380.233     0
380.033     0.729
382.667     0.486
383.427     0.324
383.743     1.053
385.551     1.458
386.278     2.268
386.586     2.673
388.481     2.673
390.021     0.729
390.574     -0.081
393.701     -0.81
393.802     -0.972
395.545     -0.162
396.447     1.053
396.968     0.405
398.569     0.324
399.787     0.729
399.813     1.701
401.48     1.215
402.524     3.321
402.661     3.24
406.299     1.701
406.442     1.62
410.039     -0.162
410.589     -1.377
411.225     0.486
412.921     1.053
413.581     0
414.682     0
416.361     1.62
416.57     1.053
418.792     3.402
419.288     3.24
419.594     2.349
422.456     1.863
423.052     1.782
424.023     0.648
426.304     -0.324
426.94     -0.243
427.514     -0.162
430.13     -0.081
430.129     0.081
432.387     0.891
433.191     1.215
433.121     2.916
435.267     1.701
436.402     2.025
436.644     2.106
440.236     0.324
440.541     -0.405
442.061     0.648
443.392     0.729
443.557     0.486
445.316     0.405
446.668     0.648
447.162     0
448.625     0.081
449.817     2.025
449.836     2.43
453.041     1.863
453.304     1.782
454.963     0.162
456.972     -0.324
456.873     1.134
458.171     0
460.012     0.162
460.427     0.324
461.484     -0.324
463.641     0.81
463.585     1.215
466.365     1.296
467.007     1.377
467.287     2.835
469.535     2.025
470.484     0.972
471.15     0.567
473.163     0.324
473.883     0.567
474.52     -0.243
477.522     -0.405
477.549     -0.405
479.133     2.025
480.143     2.187
480.835     1.053
482.558     1.62
483.556     2.673
483.789     2.511
487.081     1.539
487.051     2.025
489.608     -0.729
491.098     -0.81
491.091     0.243
492.682     0.162
494.321     -0.081
494.028     2.025
495.514     1.701
497.173     2.43
497.155     2.835
500.28     2.349
500.545     2.187
503.775     1.782
504.279     1.134
504.494     0.567
507.584     -0.162
507.908     0.162
509.08     -0.243
510.855     0.324
511.35     0.405
512.127     0.648
514.304     1.944
514.325     1.944
517.068     1.944
517.823     1.62
517.579     2.592
520.337     2.025
521.649     0.243
522.192     0.162
524.194     0
525.028     0.486
525.347     0.729
528.261     1.215
528.131     1.701
528.281     2.187
531.335     2.025
531.712     0.81
533.658     1.134
534.898     1.539
535.204     1.458
536.904     1.458
538.685     0.567
539.037     -0.243
542.086     -0.243
542.001     0.648
542.169     0.648
544.934     2.106
545.164     2.349
546.902     0.81
548.627     0.972
548.79     1.782
550.073     1.296
552.155     1.701
552.057     2.268
555.506     0.648
556.149     -0.243
556.103     0.243
559.126     0.162
559.405     0.891
560.137     0.972
562.132     1.053
562.94     0.567
563.268     1.944
565.75     2.43
566.139     0.891
568.484     2.268
569.373     2.268
570.592     -0.486
572.222     0.648
573.282     0.324
574.081     -0.972
575.905     -0.486
576.171     2.187
576.869     0.891
579.523     2.43
579.674     1.944
581.884     1.377
583.368     0.648
583.394     1.539
585.536     0.081
587.222     -0.081
586.95     1.134
590.558     -0.648
590.683     -0.486
591.76     1.458
593.322     1.782
593.529     2.268
594.924     2.268
596.644     2.511
597.454     0.405
598.336     1.458
600.666     1.053
600.869     0.648
604.143     0.81
604.249     0.648
607.591     -0.81
608.015     -0.324
608.344     1.62
610.478     1.296
610.72     2.916
613.658     2.106
614.474     1.458
615.061     1.782
617.218     1.296
618.234     1.215
618.671     1.296
620.646     1.134
621.955     -0.081
624.199     0.486
625.086     0.972
625.4     1.215
627.226     1.296
628.719     0.891
628.707     1.863
631.699     2.43
632.151     1.053
634.178     0.972
635.663     0.972
636.34     -0.243
637.905     -0.486
639.427     0.243
639.835     -0.891
642.59     0.405
642.74     0.81
644.025     1.539
645.763     1.458
645.883     2.43
647.078     2.43
649.749     0.729
649.375     2.268
652.897     0.81
653.563     -0.405
654.17     0.891
656.116     1.215
657.253     -0.324
659.358     2.268
660.201     1.296
660.838     2.106
662.597     2.835
663.361     2.673
664.728     -0.081
667.242     1.053
667.302     0.81
670.293     -0.972
671.241     -0.972
671.417     0.324
673.386     0.324
674.369     0.486
676.189     2.43
677.14     3.402
677.918     2.106
679.815     1.863
681.092     2.187
681.352     1.944
685.008     -0.081
685.345     -0.81
686.972     0
688.681     -0.567
688.937     -0.162
690.243     0.567
691.906     1.377
691.834     2.025
694.789     2.592
695.569     0.81
696.657     1.863
698.365     2.43
699.379     0.324
700.474     0.405
703.2     -1.053
704.118     -0.567
706.156     1.053
706.215     0.891
709.319     0.405
709.789     0.972
710.674     0.972
712.745     0.567
713.39     0.972
714.072     0.648
716.963     0.567
717.182     0.081
719.722     0.567
720.471     1.053
721.364     -0.162
723.22     0.162
724.17     0.567
724.457     0.972
727.527     0.891
728.053     -0.567
729.505     1.944
730.643     2.592
731.749     0.162
733.218     1.053
734.499     1.539
735.288     0.162
738.61     -0.648
738.417     0.648
740.473     -0.486
742.137     -0.648
741.785     1.62
743.201     1.701
745.294     1.296
745.495     1.134
748.641     0.81
748.762     1.539
749.768     2.268
752.796     -0.243
752.891     -0.243
755.779     0.162
756.221     0.243
757.057     1.134
759.202     0.81
759.781     0.81
760.334     1.62
762.993     1.62
763.249     1.134
766.084     0.729
766.675     1.296
767.56     0.486
769.915     -0.486
770.952     -0.567
771.485     -0.729
774.4     -0.486
774.241     0.486
776.65     0
778.018     -0.567
777.988     0.81
779.604     1.62
781.103     1.053
783.129     1.215
784.768     0.243
785.222     -0.081
786.776     0.648
788.607     0.081
788.855     0
791.869     0.405
792.479     -1.134
794.046     -0.729
795.647     -0.081
795.839     0.324
796.973     0.891
798.995     1.539
799.371     0.486
802.59     0.162
803.01     0.324
803.993     0.567
806.14     0
807.434     0.891
809.562     0.729
810.566     -0.486
811.107     0.405
813.947     0.081
813.791     0.648
816.107     2.268
816.952     1.944
817.895     1.053
820.152     0.405
821.197     0.081
821.401     1.053
824.85     -0.486
824.998     -0.567
827.077     0.324
828.148     0.729
828.595     0.729
830.218     1.377
831.923     0.648
832.062     1.134
835.374     0.324
835.961     -0.891
837.486     0.243
839.175     0.405
839.522     -0.324
841.148     -0.972
842.544     1.296
842.638     1.458
846.428     -0.81
846.674     -0.567
847.83     0.567
850.122     0.162
849.899     1.296
853.091     1.134
853.766     0.162
854.805     0.729
857.044     -0.324
857.627     -0.081
858.323     0.567
860.772     1.215
860.894     1.053
863.936     0.405
864.628     0.162
865.478     -0.243
867.318     0.891
868.048     1.215
868.827     0.486
871.759     0.486
871.919     0.243
874.342     0.81
875.029     2.106
875.917     0.81
878.167     -0.243
879.203     0.648
879.592     0.729
882.849     0.324
882.765     1.053
884.892     0.972
886.359     0.567
886.532     1.458
888.314     1.134
890.32     0.243
890.293     1.134
893.679     0.243
893.987     -0.081
895.459     0.243
897.309     0
898.032     -1.053
899.186     -0.405
901.088     0.891
901.457     0.081
904.156     1.134
904.648     0.81
905.811     0.891
907.632     1.782
907.975     2.43
909.269     1.053
911.996     1.134
912.942     0.567
915.862     0
916.038     -0.324
918.807     -0.162
919.558     0.081
919.918     1.377
921.897     1.377
923.356     -0.162
923.525     1.296
926.164     2.673
926.517     1.782
929.015     1.458
930.432     0.567
930.988     0.081
932.701     0.567
934.465     -0.243
936.518     -0.162
937.747     0.324
938.041     0.486
939.714     0.567
941.084     2.025
941.409     1.458
943.063     1.377
944.969     1.296
947.1     -0.081
948.732     0
948.896     0.567
950.857     -1.296
952.305     0.324
952.75     0.567
954.075     0.081
956.183     0.567
957.145     1.539
958.968     2.268
959.49     2.835
960.417     2.835
963.519     1.053
963.642     0.891
966.554     0.81
967.663     -0.567
968.347     -0.486
970.339     0
971.531     -1.053
971.978     -0.243
974.436     1.539
974.424     1.782
976.798     2.592
977.938     2.187
978.675     1.458
980.486     2.187
982.229     0.567
982.877     -0.243
985.523     1.62
985.667     1.377
988.397     -0.648
989.899     -0.81
989.866     0.972
992.971     1.215
992.999     1.782
994.956     1.215
996.757     1.053
997.216     0.972
998.667     1.296
1000.841     0.486
1001.23     -0.162
1004.458     -0.243
1004.831     -0.081
1005.888     0.891
1007.983     0.162
1008.591     -0.162
1009.325     0.972
1011.706     1.62
1011.848     1.701
1014.742     1.944
1015.515     1.296
1016.646     0.567
1019.303     0.972
1020.399     -0.081
1022.792     -1.134
1023.372     0.324
1026.159     0
1026.914     0.486
1027.147     1.863
1029.373     1.215
1030.531     1.296
1030.907     1.701
1032.914     1.539
1034.339     0.972
1037.011     -0.081
1038.209     0.243
1038.802     -0.243
1040.802     -0.972
1042.436     -1.296
1042.628     -0.891
1045.59     0.324
1045.833     0.162
1047.48     1.134
1049.156     1.62
1049.281     1.782
1052.862     0.891
1053.011     1.539
1054.811     0.81
1056.939     -0.162
1057.43     -0.405
1060.59     -0.486
1060.752     0.405
1062.077     0
1063.91     0.567
1064.433     1.134
1065.23     1.62
1067.843     1.458
1068.001     1.458
1070.991     1.458
1071.961     0.486
1072.963     0.324
1075.082     -0.081
1075.976     0.081
1076.537     0.405
1079.75     -0.567
1079.671     0.162
1081.948     1.458
1083.315     0.891
1083.859     0.648
1086.971     0.648
1087.252     0.243
1089.613     -0.081
1091.044     -0.648
1091.371     0.081
1093.057     0.567
1094.842     -0.162
1094.99     0.486
1098.337     0
1098.368     0.81
1100.356     0.405
1101.906     0.81
1102.434     0.648
1105.73     0.648
1105.809     1.377
1107.531     0.486
1109.331     0.648
1109.53     1.62
1110.934     1.053
1113.606     -0.081
1113.715     0.162
1116.724     0.486
1117.084     0.972
1118.121     1.053
1120.146     1.377
1121.087     0.729
1121.885     1.053
1124.772     0.891
1125.016     0.567
1128.65     0.405
1128.55     1.215
1131.504     0.405
1132.573     0.243
1133.233     0
1135.12     0.567
1136.127     1.134
1136.784     0.405
1139.739     1.053
1140.351     0.81
1142.499     0.081
1143.903     0.405
1144.17     0.567
1147.714     -0.243
1147.951     0.405
1149.5     1.053
1151.432     0.324
1151.737     0.324
1154.768     1.458
1155.14     0.972
1156.818     1.215
1158.344     2.025
1159.002     1.215
1160.538     0.729
1162.98     0
1163.305     -0.567
1166.505     -0.324
1166.872     -0.162
1167.571     1.62
1169.815     0.648
1170.566     0.162
1171.709     0.081
1173.941     1.701
1175.025     1.863
1177.126     1.863
1178.067     1.296
1179.125     0.405
1182.227     -0.405
1182.256     0
1184.954     0.324
1185.88     0.486
1186.368     0.729
1189.453     0.81
1189.519     1.134
1192.146     1.215
1193.358     0.972
1194.09     0.162
1196.03     0.567
1197.388     0.729
1197.718     0.891
1201.069     0.486
1201.69     -1.053
1203.278     0.891
1204.477     1.944
1205.033     1.458
1206.917     0.81
1208.77     0.81
1210.877     -0.162
1212.453     0.324
1212.625     1.458
1214.046     1.458
1216.517     0.486
1216.718     0.324
1219.971     0.405
1220.183     0.972
1221.66     0.648
1223.614     0.567
1224.293     0.567
1225.286     0.891
1228.069     0.405
1228.066     0.81
1230.965     1.215
1231.785     1.377
1232.523     1.134
1235.862     -0.486
1236.783     -0.486
1239.576     0
1239.621     0.324
1242.312     0.243
1243.177     0.81
1243.836     0.567
1245.69     1.296
1247.228     0.405
1247.729     0.324
1250.968     0.162
1251.011     0.81
1253.561     -0.243
1254.805     0.324
1255.334     0
1257.059     0.324
1258.689     0.648
1259.022     0.405
1262.085     1.296
1262.9     -0.081
1264.366     0.324
1266.489     0.243
1266.914     -0.324
1270.296     -0.729
1270.476     0
1271.639     0.891
1273.528     1.053
1274.428     0.324
1275.69     -0.243
1278.055     0.324
1279.476     -0.324
1281.637     -0.648
1281.701     1.62
1282.546     1.944
1286.038     -0.648
1286.191     -0.648
1286.699     0.486
1289.578     0.729
1290.52     0.729
1292.493     0.891
1294.03     -0.567
1294.599     -0.648
1297.861     -1.134
1297.738     0
1300.119     0.648
1301.257     0.567
1301.852     0.567
1303.628     0.972
1305.028     1.053
1305.472     0.891
1308.789     0.81
1309.429     0.324
1311.467     -0.405
1313.279     -0.567
1313.396     0.081
1316.265     1.62
1316.583     1.296
1318.69     0.405
1320.313     1.053
1320.733     1.215
1322.241     0.891
1324.554     0.648
1326.099     0.243
1328.106     0.081
1328.552     1.053
1329.69     0.972
1332.403     0
1332.506     0.324
1335.692     0.162
1336.509     -0.729
1337.231     0.729
1339.228     1.377
1340.245     0.405
1341.201     -0.081
1344.085     0.081
1344.254     0
1346.888     0.648
1347.816     0.486
1350.55     0.972
1351.572     0.891
1352.454     0.486
1354.599     0.162
1355.678     0.972
1358.505     -0.567
1359.676     0
1360.006     0.972
1361.994     0.567
1363.939     -0.648
1364.206     -0.405
1367.19     0.648
1367.324     0.972
1369.47     0.486
1371.468     -0.567
1371.629     0.567
1373.138     0.81
1375.234     0.729
1375.505     0.405
1378.576     0.972
1379.094     0.648
1380.714     0
1382.764     -0.243
1382.997     1.215
1386.596     -0.081
1387.171     -0.243
1388.273     0.324
1390.407     0
1391.013     0.729
1391.865     0.972
1394.872     0
1395.174     -0.324
1397.869     0.648
1398.923     -0.324
1399.587     0.324
1401.747     0.162
1402.993     -0.324
1405.484     0.405
1406.5     0.405
1407.177     0.648
1409.301     0.324
1410.73     0.081
1410.978     0.729
1414.145     1.134
1414.631     0.162
1416.814     0.405
1418.09     0.891
1419.046     -0.324
1420.911     -0.567
1422.252     1.215
1422.527     1.134
1425.917     0.405
1426.43     0.891
1428.145     0.324
1430.282     0.324
1430.498     0.324
1433.841     0.405
1434.403     -0.243
1435.83     -0.162
1438.315     -0.162
1438.655     -0.648
1441.647     -0.081
1442.163     -0.081
1443.02     1.62
1445.074     1.62
1446.026     0.891
1447.011     0.81
1449.726     1.053
1450.034     0.648
1453.06     0.081
1453.984     -0.243
1454.815     -0.162
1457.913     -0.486
1457.963     0
1460.561     0.405
1461.712     0.648
1464.177     1.296
1465.323     1.539
1466.204     0.567
1468.252     0.567
1469.678     0.729
1472.379     -0.972
1473.579     -0.081
1474.235     -0.486
1475.937     0
1477.549     0.648
1477.736     1.053
1481.317     0.162
1481.778     0.567
1483.299     0.567
1485.576     0.162
1485.77     0.324
1489.12     0.162
1489.812     -0.972
1491.134     -0.324
1493.059     0
1493.642     0.162
1494.779     0.324
1497.426     0.486
1497.421     1.134
1500.778     0.729
1501.649     -0.405
1502.465     0.324
1504.516     0.81
1505.266     1.215
1508.798     -1.053
1509.349     0
1510.207     0
1512.589     -1.053
1513.466     0
1513.903     0.81
1517.124     0.162
1517.212     0.486
1519.719     1.134
1520.909     1.053
1521.605     0.891
1524.852     1.134
1525.279     0.324
1527.862     -0.243
1529.133     0.243
1529.671     0.162
1531.229     0.972
1533.371     -0.486
1533.546     0.081
1536.913     -0.243
1536.916     0.891
1538.718     1.458
1540.547     1.215
1541.038     1.701
1544.485     1.215
1545.24     0
1546.639     0.324
1548.779     -0.081
1549.481     -0.324
1550.439     0.486
1553.041     0.324
1554.031     1.134
1555.996     1.701
1556.733     1.701
1557.664     1.863
1560.652     1.377
1560.993     0.891
1564.036     0.81
1564.959     0.567
1566.102     -0.243
1568.089     0.243
1569.324     -0.243
1570.031     -0.405
1573.05     0.081
1573.379     -0.405
1576.964     0.567
1576.996     2.754
1579.026     2.43
1581.174     0.081
1581.589     0.081
1584.745     0.567
1584.949     0.729
1587.119     0.729
1588.947     -0.324
1589.401     0.405
1591.187     0.162
1593.254     -0.324
1594.714     0.972
1596.441     1.053
1597.173     0.972
1598.559     0.81
1600.91     1.134
1601.289     0.405
1604.904     -0.891
1605.351     -0.729
1606.572     0.081
1608.534     0.324
1609.327     -0.081
1610.13     0.972
1612.737     1.62
1612.852     1.863
1616.126     1.134
1616.934     1.539
1618.057     0.486
1621.054     0.324
1621.32     0
1624.237     0
1625.219     -0.486
1625.774     0.81
1627.945     0.486
1629.085     0.891
1629.492     1.377
1632.805     1.215
1633.128     0.891
1635.695     0.567
1636.706     1.296
1637.449     1.215
1641.051     0.324
1641.164     0.648
1643.435     0.486
1645.005     0.324
1645.778     -0.405
1647.574     -0.405
1649.107     0.972
1649.623     0.162
1652.843     1.296
1652.938     2.106
1654.761     1.863
1657.038     1.458
1657.582     0.405
1661.164     -0.648
1661.542     -0.486
1662.741     0.486
1664.908     0.081
1665.812     -0.486
1666.766     0.162
1669.235     1.053
1670.51     0.81
1672.396     1.539
1673.477     0.486
1673.957     1.863
1677.262     0.486
1677.333     0.891
1680.653     -0.324
1681.845     -1.377
1682.502     -0.405
1684.366     0.324
1685.893     -0.567
1688.415     0.243
1689.551     0.405
1690.467     -0.243
1693.226     1.215
1693.97     1.053
1695.944     1.053
1697.544     1.134
1698.07     0.405
1701.58     -0.081
1702.212     -0.081
1703.762     0.405
1705.563     1.053
1705.897     0.81
1709.523     0.162
1709.854     0.243
1711.362     0.81
1713.197     1.134
1713.741     1.701
1715.224     1.134
1718.058     0.162
1718.275     -0.081
1721.362     -0.324
1722.283     -1.053
1723.044     0.081
1726.013     0.162
1726.203     0.162
1728.739     1.134
1729.491     2.106
1730.685     0.648
1733.847     0.972
1734.092     0.648
1736.773     0.486
1738.187     -0.081
1739.01     -0.243
1741.071     -0.648
1742.612     -0.405
1742.802     0.324
1746.16     0.486
1746.336     0.891
1748.369     0.891
1749.694     1.944
1750.365     1.62
1754.27     0.162
1754.582     0.081
1756.171     0.891
1758.258     -0.081
1759.029     -0.486
1760.568     -0.729
1762.613     0.486
1764.107     0.648
1766.023     0.81
1766.615     1.215
1767.659     1.782
1770.191     1.863
1770.654     1.134
1774.065     0.486
1774.733     0.486
1776.199     -0.648
1778.825     0.324
1778.998     0.405
1782.098     -0.081
1783.009     -0.243
1783.736     0.567
1786.047     -0.162
1786.935     0.891
1787.534     1.053
1790.707     1.377
1791.029     1.134
1793.875     -0.081
1795.102     -0.081
1795.7     0.324
1799.017     0.324
1799.276     0.162
1801.709     0
1803.323     -0.405
1803.723     0.324
1805.513     0.405
1807.037     1.701
1807.741     0.324
1811.27     0.891
1811.56     0.81
1815.169     0.405
1815.72     0.729
1817.193     0.891
1819.918     -0.324
1820.301     -0.891
1823.664     -0.81
1824.04     -0.324
1825.125     0.405
1826.99     1.053
1827.834     0.729
1831.144     0.324
1831.778     0.729
1833.228     -0.324
1835.267     0.243
1836.447     -0.648
1837.468     -1.377
1840.198     -0.324
1840.264     0.162
1843.083     0.567
1844.559     -0.567
1845.013     0.081
1847.728     1.944
1848.177     0.972
1848.81     0.81
1852.267     0.243
1853.052     0.243
1855.103     -0.162
1856.456     0.567
1857.135     -0.243
1860.466     0.081
1860.864     -0.324
1862.812     0.405
1864.441     0.162
1864.863     0.81
1868.332     0.81
1868.577     1.215
1870.861     -0.243
1872.725     -0.243
1873.237     0.405
1874.987     -0.729
1877.229     -0.567
1877.444     -0.486
1880.62     0.162
1880.915     0.891
1882.621     0.081
1885.235     0.567
1885.29     0.891
1888.534     0.81
1889.526     0.567
1890.284     0.567
1893.747     -0.891
1893.822     -0.324
1896.376     0.405
1897.527     -0.081
1898.196     0.729
1900.53     -0.324
1901.609     0.567
1904.65     -0.729
1905.838     -0.486
1906.354     0.324
1908.344     0.324
1910.122     -0.162
1910.628     -0.324
1913.836     0.243
1914.072     0.486
1916.233     0.081
1917.821     0.324
1918.25     0.81
1921.909     0
1922.358     -0.162
1923.962     0.891
1925.819     1.134
1927.95     0.486
1929.721     1.053
1930.493     1.215
1932.085     0.162
1934.352     1.377
1935.99     0.486
1938.133     0.405
1938.922     0.567
1942.32     -0.567
1943.122     -0.891
1943.694     1.053
1945.734     1.458
1947.025     0.486
1947.868     0.486
1951.184     -0.243
1951.518     -0.567
1954.217     -0.243
1955.078     0.81
1955.64     1.053
1959.051     0.405
1959.207     0.729
1961.812     0.891
1963.044     0.81
1963.421     2.025
1965.779     0.567
1967.516     0.567
1969.78     0.567
1971.209     0.972
1971.734     1.215
1973.539     1.377
1975.644     0.729
1976.057     0.405
1979.305     1.296
1979.866     1.62
1981.447     1.377
1984.072     0.081
1984.233     0.405
1987.482     1.134
1988.085     0.729
1989.592     0.648
1991.773     0.324
1992.295     1.053
1995.663     0.486
1996.288     0.729
1997.611     0.486
1999.684     0.729
2000.685     0.648
2001.407     1.377
2004.488     1.215
2004.667     1.134
2007.663     1.215
2008.777     0.648
2009.728     0.243
2012.827     0.486
2013.194     0
2015.957     0.081
2017.654     -0.972
2017.941     -0.567
2021.11     0.324
2021.326     0.243
2023.756     0.648
2025.006     1.134
2025.563     1.296
2027.508     0.972
2029.316     1.377
2031.644     0.567
2033.276     0.486
2033.807     0.729
2035.26     0.729
2037.621     1.134
2038.041     0.486
2041.445     0.162
2042.278     -0.081
2043.318     0.324
2046.016     0.729
2047.527     -0.081
2050.316     0.162
2050.419     0.486
2053.304     1.377
2054.255     0.891
2055.528     0.162
2058.785     -0.243
2059.195     -0.891
2061.735     0.243
2062.52     1.053
2063.486     0.648
2065.738     0
2067.186     0.081
2067.756     -0.162
2070.827     1.134
2071.27     0.243
2073.651     0.162
2075.319     -0.567
2075.819     0.324
2077.834     -0.243
2079.596     0
2081.487     0.648
2083.392     0
2084.071     0.081
2085.733     0.243
2087.86     0.324
2087.87     1.215
2090.877     2.673
2091.463     2.349
2093.588     0.405
2095.454     0.81
2096.364     0.162
2097.623     0
2100.153     0.405
2101.644     0.324
2103.938     -0.243
2104.684     -0.081
2105.769     -0.162
2108.613     0.567
2108.724     1.215
2111.909     0.567
2112.811     0.243
2113.951     -0.162
2116.184     -0.243
2117.064     0.486
2120.116     -0.081
2121.043     0.567
2122.205     -0.648
2124.542     -1.458
2125.177     1.215
2127.856     1.377
2129.341     0.567
2129.916     1.134
2132.086     0.324
2134.013     -0.486
2134.418     -0.405
2137.369     1.458
2137.874     0.81
2140.102     0.729
2141.68     0.891
2142.882     -0.891
2144.524     -0.81
2146.057     1.458
2148.106     0.567
2150.184     0
2151.004     -0.648
2152.569     -0.81
2154.704     0.324
2155.038     0
2158.46     0
2158.782     0.729
2160.348     0.324
2163.129     0.162
2163.14     0.891
2166.442     0.81
2167.559     0.648
2170.82     0.324
2171.642     0.324
2172.548     1.053
2174.76     0.891
2176.144     0.162
2176.752     0.648
2180.129     0.243
2180.761     1.134
2182.973     0.891
2184.655     -0.162
2185.024     0.567
2188.399     0.486
2188.721     0.324
2191.142     0.567
2192.332     1.296
2193.167     0.81
2196.513     1.215
2196.85     1.215
2199.17     0.729
2200.733     0.729
2201.755     -0.081
2203.401     0.243
2205.546     -0.081
2207.204     0.81
2209.148     0.567
2209.717     0.567
2211.207     0.567
2213.557     1.053
2215.39     0.162
2217.6     -0.486
2218.093     0.648
2219.34     0.729
2222.241     -0.081
2222.36     0.243
2225.831     -0.729
2226.301     0.567
2227.404     0.972
2230.522     0.081
2230.645     0.486
2233.531     1.296
2234.615     0.567
2235.825     -0.081
2237.693     0.891
2239.107     0.324
2239.949     -0.405
2242.894     0.972
2243.222     0.648
2246.255     -0.972
2247.561     -0.891
2247.795     1.134
2251.368     0.486
2251.669     0.486
2254.117     0.405
2255.364     1.296
2256.222     0.567
2258.018     0.567
2260.068     0.243
2262.077     0.567
2263.84     0.729
2264.392     0.729
2266.177     0
2268.471     0.162
2268.598     0.891
2271.877     1.134
2272.506     0.648
2274.214     0.405
2276.488     -0.405
2277.156     -0.162
2280.446     -0.081
2281     0.405
2282.112     1.134
2284.475     0.486
2285.676     -0.405
2286.337     0.729
2289.485     0.729
2292.403     1.377
2293.439     0.729
2294.742     -0.324
2296.971     -0.648
2297.954     0.405
2298.677     0.081
2302.333     -1.053
2302.814     0.243
2304.818     0.567
2306.332     0.891
2306.778     1.215
2310.193     0.729
2310.779     1.215
2312.857     0.648
2314.948     -0.243
2315.305     -0.081
2318.719     0.405
2319.067     0.324
2321.062     0.324
2323.128     0.81
2323.482     0.729
2326.628     1.782
2327.048     1.944
2329.098     0.972
2330.917     1.296
2331.892     0.324
2335.122     0.729
2335.906     0.081
2337.358     0.324
2339.592     0
2340.277     0.648
2343.49     0.567
2344.174     0.567
2345.52     0.081
2347.51     0.891
2348.721     0.162
2349.562     0.324
2352.688     0.486
2353.577     0.567
2355.973     -0.162
2357.336     -0.891
2357.961     -0.648
2360.747     1.62
2361.946     0.162
2363.84     1.134
2365.568     0.243
2366.164     0.081
2369.145     1.458
2369.445     1.458
2372.326     -0.162
2373.426     1.458
2373.038     5.184
2376.032     0.648
2379.485     -4.698
2380.553     -0.648
2381.393     2.835
2381.392     5.427
2384.391     0.081
2388.086     -5.265
2387.248     -1.134
2388.716     6.156
2391.066     0.243
2392.884     -1.539
2396.147     -3.645
2395.444     -0.081
2398.285     1.782
2399.004     1.296
2401.183     -1.782
2402.688     3.078
2403.383     1.62
2406.764     0.567
2407.881     -0.324
2408.23     2.673
2410.712     1.539
2413.334     -0.891
2415.565     -1.377
2416.436     -0.243
2416.74     1.62
2420.205     0.729
2421.382     -0.567
2423.665     -1.053
2424.453     1.62
2424.959     1.539
2428.13     2.187
2428.64     1.377
2431.33     0.648
2433.031     -0.081
2433.651     0.081
2435.258     0.729
2437.239     1.215
2439.994     -1.377
2441.8     -1.296
2441.944     0.729
2443.281     1.62
2445.251     2.997
2445.948     1.215
2449.83     0.162
2450.066     1.782
2451.545     1.053
2454.72     -0.567
2455     -0.729
2458.253     -0.567
2458.685     0.162
2460.17     -0.567
2462.294     -0.162
2463.163     0.648
2463.954     1.458
2467.106     0.729
2468.185     0.729
2470.532     0.081
2471.331     1.053
2471.987     1.377
2475.673     -0.243
2475.883     -0.162
2478.808     -0.567
2479.812     1.215
2480.462     0.891
2484.447     -1.377
2484.385     -0.081
2486.451     1.215
2487.582     2.106
2488.566     1.458
2490.73     0.648
2492.589     0.567
2495.486     -2.025
2496.967     -1.377
2497.002     1.215
2498.531     1.782
2498.531     1.782
2498.391     2.187
2497.138     2.997
2494.914     3.321
2494.164     2.916
2492.525     2.349
2492.066     2.511
2491.113     3.321
2488.939     2.43
2489.234     1.539
2486.671     1.458
2486.07     1.62
2483.353     2.43
2482.721     2.43
2482.528     2.106
2480.072     0.972
2479.829     1.863
2477.466     2.511
2476.61     2.187
2476.261     2.349
2474.535     2.187
2473.855     0.729
2471.611     1.782
2469.562     5.022
2469.9     3.24
2469.121     0.162
2467.806     -0.081
2467.251     1.863
2463.432     5.265
2463.669     3.645
2462.528     2.673
2461.105     2.025
2460.944     2.511
2458.06     2.43
2458.006     1.782
2456.831     1.863
2454.9     1.701
2455.267     0.324
2452.617     -0.081
2451.809     1.782
2450.428     3.564
2448.645     3.321
2448.746     1.62
2448.064     1.215
2445.287     2.43
2445.07     3.402
2442.629     3.078
2442.224     2.268
2441.976     1.458
2440.313     0.567
2439.483     1.134
2438.458     3.159
2435.399     3.969
2435.653     3.078
2434.088     0.891
2432.821     2.187
2432.165     3.402
2430.083     4.536
2429.5     2.835
2428.117     0.891
2426.9     1.053
2426.863     1.053
2424.632     2.43
2423.111     3.078
2423.461     1.215
2420.47     1.296
2420.303     1.782
2418.355     3.402
2417.039     2.511
2416.856     2.43
2415.732     1.944
2414.084     1.134
2412.733     1.701
2410.671     2.916
2410.501     2.43
2409.678     1.863
2407.383     2.511
2407.492     2.025
2404.388     3.24
2403.896     3.564
2403.428     2.673
2401.256     1.62
2401.267     1.458
2398.482     2.268
2397.93     2.106
2397.689     1.134
2395.871     0.648
2394.346     1.944
2392.144     2.916
2391.51     2.43
2391.131     2.349
2388.168     3.078
2388.187     1.782
2386.235     2.349
2385.124     2.43
2384.84     2.349
2382.112     1.62
2382.183     1.215
2380.15     2.106
2378.9     1.701
2378.446     2.592
2376.656     3.402
2375.749     1.215
2374.012     1.944
2372.232     2.916
2372.123     2.592
2371.064     1.944
2369.049     2.43
2369.121     1.944
2366.066     2.106
2365.679     2.592
2364.6     2.511
2362.708     2.754
2362.973     0.891
2361.892     1.215
2358.961     3.321
2358.857     3.888
2356.447     2.916
2356.161     2.349
2355.517     1.863
2353.112     1.62
2353.047     2.025
2350.267     2.754
2349.747     1.863
2349.302     1.377
2346.551     1.863
2346.428     2.106
2344.288     1.62
2343.382     1.782
2342.846     2.349
2341.062     2.268
2340.074     2.025
2337.928     2.511
2337.038     1.62
2336.797     1.458
2334.936     1.944
2333.498     2.025
2333.614     1.215
2330.423     1.944
2330.533     1.377
2328.981     1.053
2327.438     1.134
2326.674     2.835
2323.796     2.592
2323.612     2.511
2322.439     2.349
2320.742     2.592
2320.513     2.268
2319.521     1.782
2317.201     2.187
2317.374     1.62
2314.718     1.134
2314.34     1.053
2311.37     1.782
2310.696     2.592
2309.644     3.24
2307.386     2.43
2307.433     2.43
2304.835     2.754
2304.194     2.592
2303.914     1.944
2301.025     1.782
2300.942     0.729
2298.088     0.891
2297.927     1.215
2295.354     2.592
2294.383     2.187
2293.905     2.754
2291.064     2.43
2290.759     3.24
2289.041     2.673
2287.939     2.106
2287.811     1.539
2285.032     0.648
2284.496     2.025
2282.933     2.025
2281.066     3.24
2281.032     2.754
2279.784     2.106
2278.113     1.62
2276.36     3.159
2274.601     3.24
2274.5     2.511
2273.47     2.187
2271.67     0.567
2271.832     0
2268.537     2.187
2267.925     2.43
2267.55     1.782
2264.739     2.43
2264.524     3.078
2262.458     1.134
2261.462     1.944
2260.648     3.24
2258.904     2.673
2257.989     2.511
2257.684     2.43
2254.805     2.349
2254.865     2.025
2252.839     1.782
2251.582     1.701
2251.209     2.268
2248.289     2.025
2248.206     1.863
2246.069     3.24
2244.756     2.754
2244.724     2.106
2243.283     1.863
2241.711     1.458
2241.541     1.782
2238.389     2.268
2238.372     1.701
2236.869     2.106
2234.955     1.62
2234.881     1.701
2231.867     2.106
2231.287     2.997
2230.402     2.349
2228.674     1.701
2228.354     1.539
2227.565     1.296
2225.082     1.782
2224.158     2.187
2221.975     2.754
2221.712     1.134
2221.123     1.053
2218.306     1.863
2217.579     2.673
2215.642     2.592
2214.73     2.754
2214.52     1.944
2211.716     1.539
2211.245     1.944
2209.344     2.025
2208.217     2.025
2208.004     1.62
2205.115     1.296
2205.103     0.729
2201.774     1.863
2201.63     2.025
2199.653     2.43
2198.267     1.944
2198.098     2.025
2196.58     2.187
2194.845     1.863
2194.658     2.268
2191.747     2.187
2191.653     1.296
2190.487     0.891
2188.491     0.891
2188.359     0.972
2185.14     2.106
2184.803     2.106
2183.835     2.025
2181.806     2.349
2181.245     2.754
2180.48     2.187
2178.217     1.296
2177.308     1.782
2175.365     1.782
2174.981     0.972
2174.542     0.486
2171.47     1.62
2171.143     0.972
2169.13     1.215
2168.031     1.701
2167.535     1.863
2164.662     1.701
2164.704     1.62
2162.539     1.782
2161.478     1.458
2160.932     2.025
2158.925     2.916
2158.217     0.972
2156.135     1.377
2154.793     1.215
2154.453     1.62
2153.172     0.405
2150.967     2.592
2149.254     2.916
2147.874     2.106
2147.728     1.863
2146.137     2.916
2144.585     1.134
2144.392     1.62
2141.389     1.944
2141.268     1.053
2139.846     2.025
2137.801     1.458
2137.873     0.972
2134.84     1.782
2134.236     2.349
2133.265     2.673
2131.389     2.187
2130.821     2.106
2130.337     1.215
2127.583     1.377
2127.578     1.296
2124.863     1.782
2124.226     1.053
2123.871     0.567
2120.8     1.539
2120.65     1.944
2118.259     2.025
2117.344     1.863
2117.05     1.701
2115.154     1.782
2113.691     2.511
2111.692     2.268
2110.547     1.863
2110.24     2.187
2108.394     2.673
2106.953     1.539
2103.964     1.296
2103.794     1.539
2101.763     2.916
2100.179     2.835
2100.138     1.863
2098.698     2.349
2096.992     1.539
2096.664     2.511
2093.611     2.43
2093.394     1.782
2092.439     1.377
2090.447     0.81
2090.318     1.134
2087.462     0.81
2086.887     0.972
2085.77     1.863
2083.173     2.106
2083.244     1.62
2080.312     2.43
2079.433     3.159
2079.115     1.863
2077.038     2.187
2076.39     1.539
2076.094     0.891
2073.139     1.134
2073.016     1.377
2070.629     1.62
2069.61     1.377
2069.143     1.944
2066.245     1.458
2066.322     0.891
2063.933     2.268
2062.537     2.43
2062.252     2.511
2059.438     1.296
2059.349     1.215
2057.682     0.972
2055.912     1.944
2055.499     2.187
2053.971     2.43
2052.644     0.81
2052.339     1.539
2049.13     1.944
2048.681     2.268
2047.404     2.592
2045.338     2.106
2045.287     1.944
2042.433     1.944
2042.124     1.782
2041.175     1.863
2039.18     1.863
2038.67     1.701
2037.666     2.268
2034.84     2.835
2034.17     2.349
2032.019     2.673
2031.252     3.24
2030.733     2.916
2028.153     2.187
2028.171     1.782
2025.744     1.782
2024.877     1.539
2024.304     2.187
2021.357     2.025
2021.294     1.944
2018.999     1.944
2017.721     2.43
2017.195     3.24
2015.561     2.673
2014.166     2.673
2014.009     2.43
2010.88     2.673
2011.052     1.458
2009.165     1.782
2007.406     1.782
2005.905     1.944
2004.099     1.944
2003.935     2.025
2000.823     2.025
2000.618     2.025
1998.864     3.726
1996.987     2.592
1997.016     2.187
1994.2     1.215
1993.671     1.62
1992.594     2.025
1990.803     1.458
1990.416     0.972
1989.434     1.458
1986.998     1.215
1985.902     2.106
1983.659     2.916
1983.1     2.268
1982.559     2.025
1979.813     1.701
1979.422     1.134
1977.608     0.729
1976.465     1.539
1975.985     1.701
1973.09     0.891
1973.074     0.81
1970.906     0.648
1969.237     2.268
1968.933     2.106
1965.877     2.43
1965.735     2.349
1964.062     1.377
1962.623     1.62
1962.293     1.458
1959.096     1.62
1958.916     1.701
1957.47     0.648
1955.837     0.729
1955.546     0.972
1954.167     0.972
1951.923     1.863
1951.64     2.511
1948.593     2.268
1948.268     2.106
1947.151     2.106
1945.088     1.296
1944.971     1.458
1942.018     1.296
1941.645     1.134
1940.903     0.324
1938.087     1.053
1937.71     2.268
1935.118     1.782
1934.465     1.782
1933.745     1.62
1931.755     1.539
1930.568     2.754
1929.945     2.997
1927.263     2.511
1927.126     0.972
1925.12     0.891
1924.141     0.81
1923.568     1.539
1920.517     1.863
1920.27     1.053
1918.465     0.891
1916.943     1.782
1914.83     2.025
1913.401     2.43
1913.155     2.106
1911.389     2.43
1910.017     1.296
1909.708     1.863
1906.785     1.296
1906.276     1.863
1903.104     2.106
1902.912     1.782
1901.658     1.053
1899.051     2.754
1899.075     2.43
1896.171     2.025
1895.592     2.754
1894.876     1.215
1892.856     1.701
1892.265     1.944
1889.512     1.053
1888.964     1.134
1887.89     1.944
1885.826     1.863
1885.474     1.053
1882.564     1.62
1881.611     2.43
1880.677     3.402
1879.134     1.863
1878.26     1.863
1875.9     1.377
1874.7     2.025
1874.575     1.053
1872.572     1.377
1871.359     0.972
1868.667     2.754
1867.472     2.754
1867.174     2.349
1865.583     1.701
1863.865     2.835
1863.529     3.402
1860.652     2.187
1860.501     1.134
1858.872     1.458
1856.833     2.511
1856.88     1.701
1853.737     1.701
1853.196     2.268
1851.692     2.916
1850.064     1.458
1849.787     1.944
1846.522     2.754
1846.161     2.43
1845.395     1.296
1842.82     2.187
1842.859     1.863
1840.195     1.053
1839.341     1.944
1838.193     2.835
1836.21     2.511
1835.742     1.62
1832.939     1.944
1832.33     1.62
1831.462     2.349
1829.337     2.754
1828.525     2.187
1828.145     1.539
1825.051     2.106
1824.551     2.106
1822.592     2.106
1821.296     2.268
1821.002     2.106
1817.988     1.701
1817.759     2.106
1815.505     2.916
1814.263     2.025
1814.02     2.187
1810.877     2.187
1810.877     1.377
1809.113     1.458
1807.555     1.377
1807.238     1.539
1803.987     1.863
1803.756     1.053
1800.509     1.539
1800.225     1.458
1798.952     1.296
1796.751     2.106
1796.485     1.863
1793.797     0.648
1793.274     0.972
1791.988     1.863
1789.848     2.187
1789.436     1.701
1788.691     1.296
1785.933     1.215
1785.154     1.134
1783.148     1.134
1782.114     2.268
1781.428     2.511
1778.661     2.106
1778.551     1.944
1776.199     1.782
1775.164     1.458
1774.811     1.458
1771.74     1.701
1771.812     1.215
1769.544     0.972
1768.431     0.486
1767.536     2.025
1764.216     2.511
1764.22     1.944
1762.047     2.592
1760.62     2.511
1760.69     0.81
1759.121     0.729
1756.991     1.944
1756.768     2.187
1753.805     1.215
1753.371     1.62
1751.872     2.187
1749.846     2.106
1749.913     1.458
1746.727     1.539
1746.402     1.377
1744.844     2.835
1742.7     2.187
1742.795     1.458
1739.794     1.377
1739.183     1.458
1737.804     2.997
1735.791     0.891
1735.597     1.458
1732.749     1.458
1732.058     1.62
1731.258     1.701
1729.02     2.43
1728.357     1.62
1727.756     1.782
1724.73     2.268
1724.164     1.944
1722.287     1.539
1721.049     1.701
1720.577     2.187
1717.445     2.025
1717.631     1.053
1715.273     1.701
1713.924     1.863
1713.564     2.106
1710.551     1.62
1710.41     1.458
1708.448     1.944
1706.48     2.592
1706.387     2.268
1703.289     1.863
1703.089     1.782
1701.482     1.944
1699.434     1.944
1698.045     1.863
1695.881     1.863
1695.877     1.62
1692.802     1.62
1692.384     1.215
1691.417     0.972
1688.579     2.511
1688.388     2.835
1685.775     1.377
1685.083     1.701
1684.205     1.539
1682.108     1.863
1681.28     2.025
1680.68     2.025
1678.053     1.215
1677.196     1.782
1675.217     1.62
1674.362     1.215
1674.028     0.729
1670.399     2.511
1670.077     1.944
1668.074     2.268
1667.096     1.296
1664.675     1.944
1663.358     2.025
1663.131     1.377
1661.286     1.701
1659.55     2.187
1659.335     2.106
1656.311     1.62
1656.053     0.729
1654.532     0.648
1652.287     1.863
1651.972     2.43
1648.988     1.458
1648.688     1.458
1646.947     2.835
1645.047     1.863
1644.991     1.62
1641.868     1.782
1641.461     1.944
1640.372     1.863
1638.403     1.782
1637.897     1.134
1634.848     1.296
1634.21     1.296
1632.991     2.592
1631.014     2.187
1630.514     1.296
1627.659     1.539
1626.628     2.268
1626.177     1.215
1624.219     1.134
1622.986     1.944
1622.519     1.701
1619.422     1.944
1618.831     2.106
1616.758     2.754
1615.813     1.458
1615.601     0.972
1612.139     2.187
1611.728     2.187
1609.873     2.511
1608.214     2.511
1606.339     2.592
1604.803     2.511
1604.638     1.944
1602.973     2.187
1601.037     1.944
1601.063     1.215
1597.658     1.782
1597.24     2.106
1596.084     1.62
1593.687     1.863
1592.42     2.43
1589.983     2.268
1589.922     2.025
1586.994     2.025
1586.617     1.701
1585.421     1.944
1583.049     3.159
1582.663     1.701
1581.885     1.62
1579.12     1.701
1578.588     1.782
1576.54     1.782
1575.231     2.268
1574.863     2.187
1571.603     2.268
1571.475     2.511
1569.305     2.592
1568.011     2.511
1567.553     2.43
1564.428     2.106
1564.356     1.863
1562.272     2.511
1560.605     2.997
1560.503     1.701
1558.891     1.863
1557.197     0.81
1555.367     2.025
1553.416     2.511
1552.829     2.916
1551.727     2.43
1549.605     1.62
1549.455     2.025
1546.28     2.106
1545.824     1.701
1544.764     1.944
1542.26     1.701
1542.132     1.863
1539.198     1.296
1538.451     1.296
1537.682     1.215
1534.574     2.349
1534.673     1.62
1531.8     2.187
1531.319     0.972
1530.305     2.187
1527.219     2.349
1527.012     2.592
1524.989     1.215
1523.871     1.458
1523.601     0.81
1521.477     1.134
1519.926     1.62
1519.648     1.539
1516.291     2.025
1515.802     1.944
1514.311     1.296
1512.346     2.187
1510.573     1.944
1508.962     1.944
1508.41     2.673
1506.851     2.754
1505.104     1.863
1505.038     1.458
1501.809     1.701
1501.557     1.62
1500.184     1.458
1497.999     1.458
1497.803     1.539
1494.781     0.81
1494.366     0.648
1493.385     2.511
1491.756     1.944
1490.038     2.268
1486.686     1.944
1486.677     1.701
1484.829     1.782
1483.075     1.863
1482.698     1.458
1481.258     1.134
1479.205     1.053
1477.87     0.81
1476.02     0.972
1475.22     1.782
1474.013     2.025
1471.715     1.539
1470.689     0.648
1468.563     1.296
1467.844     1.701
1466.651     2.268
1464.07     2.349
1464.052     1.863
1461.398     1.134
1460.644     1.296
1459.657     1.701
1456.529     2.673
1456.547     2.268
1454.072     1.539
1453.097     1.701
1452.53     1.458
1450.239     2.43
1448.836     3.564
1446.77     2.268
1445.715     1.782
1445.378     0.972
1443.643     0.648
1442.088     0.972
1441.643     1.377
1438.406     1.134
1438.095     0.405
1436.41     0.486
1434.457     1.134
1434.044     1.62
1430.783     1.782
1429.883     3.321
1428.754     2.106
1426.922     1.377
1426.635     1.701
1423.238     2.673
1422.882     2.349
1421.77     1.782
1419.724     0.648
1419.512     0.891
1416.362     1.053
1415.692     1.296
1414.686     1.377
1411.789     2.268
1411.798     1.782
1408.352     1.296
1408.144     1.782
1405.253     1.863
1404.378     2.025
1403.835     1.377
1401.884     0.972
1400.841     1.053
1398.149     1.296
1397.197     1.134
1396.426     1.539
1394.614     0.891
1393.286     0.972
1392.75     1.701
1389.291     2.349
1389.041     2.754
1387.427     0.891
1385.561     1.944
1385.288     1.863
1382.302     1.134
1381.845     1.863
1378.252     2.106
1378.01     2.187
1376.406     1.863
1374.411     1.782
1374.271     1.539
1370.896     2.268
1370.469     2.349
1368.971     2.835
1367.06     1.215
1366.87     1.296
1363.564     1.944
1362.995     2.025
1361.847     2.106
1359.8     1.944
1358.841     2.835
1358.073     2.754
1355.702     1.377
1354.78     1.539
1352.418     2.673
1351.685     2.106
1351.017     2.106
1348.08     1.944
1348.067     1.458
1345.411     1.863
1344.375     1.62
1343.824     1.458
1340.4     2.511
1340.312     2.268
1338.238     1.296
1336.847     1.458
1336.217     2.025
1334.498     1.701
1333     1.296
1331.058     1.215
1329.553     0.972
1328.825     2.106
1327.003     2.835
1325.275     2.268
1324.016     0.729
1322.399     0
1321.404     1.62
1320.141     1.539
1317.667     2.268
1317.508     2.349
1314.64     1.377
1314.116     1.053
1312.837     1.701
1309.825     3.483
1309.827     3.078
1307.26     1.134
1306.706     0.567
1305.895     0.567
1302.75     1.701
1302.392     2.511
1299.631     2.025
1298.96     1.539
1298.515     0.324
1295.6     0.162
1295.387     0.486
1292.462     1.701
1291.256     1.782
1290.994     0.81
1287.667     1.458
1287.401     1.944
1285.133     1.701
1283.665     1.62
1283.436     1.215
1280.354     0.729
1280.196     0.729
1277.894     1.62
1276.309     0.891
1275.942     1.377
1272.689     1.377
1272.43     1.458
1268.971     1.458
1268.445     2.187
1266.863     2.592
1264.567     2.673
1264.518     2.106
1261.483     1.701
1260.799     2.349
1260.046     0.81
1257.252     1.377
1257.151     1.458
1254.366     0.648
1253.66     0.729
1252.454     1.62
1249.591     1.377
1249.244     2.187
1246.453     2.268
1245.741     1.62
1245.275     1.215
1242.991     1.863
1241.941     1.377
1239.316     1.863
1238.28     1.62
1237.566     2.187
1235.647     1.782
1234.453     0.81
1232.004     1.701
1230.615     1.539
1230.121     1.458
1228.344     1.782
1226.215     2.916
1226.312     1.782
1223.151     1.296
1222.541     2.025
1221.077     1.944
1218.627     3.078
1218.6     2.349
1215.718     1.134
1214.855     2.592
1213.618     2.511
1211.21     2.106
1210.976     2.349
1208.069     1.701
1207.441     2.025
1206.405     1.782
1203.745     1.944
1203.651     1.782
1200.611     2.106
1199.927     2.025
1199.102     1.782
1197.099     1.377
1196.415     0.567
1193.097     2.268
1191.975     3.078
1191.994     1.053
1189.937     0.891
1188.661     1.134
1185.885     2.106
1184.587     2.592
1183.997     2.592
1182.26     1.782
1180.969     1.134
1178.595     1.863
1176.801     3.159
1176.582     2.106
1175.033     1.458
1173.242     1.539
1173.033     1.296
1169.242     2.916
1168.98     2.754
1167.767     0.648
1165.408     1.539
1164.976     2.349
1161.899     1.944
1161.561     2.025
1158.192     2.025
1157.767     1.782
1156.573     1.539
1154.016     1.377
1153.809     1.62
1150.562     2.106
1150.182     1.458
1149.161     1.377
1147.097     1.458
1146.087     2.025
1142.924     2.754
1142.125     2.511
1141.826     0.81
1139.682     0.891
1138.309     2.349
1135.631     2.025
1134.791     1.701
1134.447     0.405
1132.064     1.701
1130.797     1.377
1130.376     1.377
1126.897     1.944
1126.602     1.134
1124.728     1.134
1122.943     2.025
1122.62     2.187
1119.594     1.215
1119.079     1.134
1117.607     0.729
1115.667     1.134
1115.327     1.539
1112.013     1.134
1111.56     1.215
1110.128     1.134
1107.747     1.377
1107.686     0.972
1104.043     2.511
1103.454     2.511
1102.456     2.025
1100.34     0.486
1099.137     0.81
1096.928     1.215
1095.918     1.944
1094.916     2.187
1092.485     1.134
1091.64     0.729
1089.13     2.106
1088.07     2.349
1087.486     2.268
1084.405     2.511
1084.265     0.567
1082.368     0
1080.71     1.458
1080.249     1.134
1077.021     1.296
1076.319     1.539
1074.419     1.377
1073.057     1.215
1072.413     2.187
1069.014     2.754
1068.763     1.701
1067.135     1.053
1065.364     1.296
1063.315     1.377
1061.625     1.458
1061.305     1.296
1059.65     1.458
1057.495     1.701
1057.554     0.891
1054.024     2.025
1053.618     1.296
1052.306     1.377
1049.937     1.377
1048.419     1.701
1046.268     0.486
1044.62     2.025
1042.853     0.972
1041.907     1.458
1038.968     0.972
1038.228     1.377
1037.076     1.944
1034.89     2.187
1034.183     1.539
1033.373     1.458
1030.511     1.134
1029.666     1.458
1027.57     1.539
1026.293     1.944
1025.762     1.863
1022.738     1.458
1022.54     1.944
1020.022     2.106
1018.676     1.863
1018.19     2.106
1014.904     2.106
1014.532     2.673
1012.583     1.944
1011.078     1.863
1010.476     2.106
1008.592     2.754
1007.019     1.782
1005.274     1.377
1003.774     0.567
1003.198     0.81
1001.438     1.782
999.236     2.106
997.817     1.62
995.837     1.782
995.089     2.511
994.003     2.025
991.442     2.268
991.506     1.458
988.1     2.187
987.675     1.134
986.782     0.729
983.87     1.62
983.803     1.458
980.774     1.62
979.626     2.511
978.846     2.673
976.2     1.539
976.128     1.296
973.164     2.025
972.19     1.944
971.602     1.701
968.552     1.215
968.421     1.134
966.016     0.891
964.726     0.972
964.002     1.296
961.897     2.025
960.131     3.078
958.26     1.863
956.797     1.782
956.001     2.673
954.225     2.916
952.447     2.673
952.34     2.106
949.419     0.405
948.547     1.62
947.046     1.701
944.798     1.782
944.447     2.268
941.429     1.62
940.838     1.782
939.553     1.944
936.989     1.863
935.519     2.835
933.276     1.296
932.23     0.972
930.112     1.215
929.144     1.863
928.294     1.458
925.423     1.701
925.146     2.106
922.412     1.62
921.147     2.673
920.354     3.078
917.449     2.835
917.409     2.511
915.05     1.053
914.078     0.729
913.124     1.701
909.947     1.296
909.75     1.539
907.327     1.782
906.114     1.296
905.306     2.349
903.447     2.43
901.967     1.782
899.585     2.835
897.876     3.402
897.947     1.377
894.693     1.377
894.528     0.891
892.369     1.782
890.203     2.025
889.934     2.187
886.902     1.296
886.166     2.673
884.841     2.349
882.862     2.268
882.229     2.511
879.098     2.268
878.491     2.43
877.731     1.134
875.926     0.243
874.916     0.891
871.324     2.673
870.678     2.43
869.584     2.997
867.495     2.916
866.978     1.377
863.762     2.835
862.767     2.916
862.427     1.701
860.276     2.106
859.208     1.296
856.838     0.648
855.544     1.215
854.929     0.972
853.115     0.648
851.163     2.025
850.698     2.268
847.457     2.025
846.67     3.078
844.967     2.673
843.187     2.835
842.901     2.997
840.033     1.296
839.845     0.972
837.694     2.268
835.718     1.62
833.943     2.511
832     1.053
830.264     2.349
827.983     3.321
827.375     2.916
826.365     2.754
823.843     2.106
820.906     1.134
820.188     1.458
819.537     0.405
817.621     -0.486
816.135     1.215
813.62     0.243
812.584     0.891
811.254     2.916
808.172     2.43
807.841     3.078
805.643     1.944
804.614     0.648
803.933     1.701
800.923     0.648
800.787     0.486
798.24     1.134
796.854     0.486
796.453     0.648
792.623     2.673
792.033     2.673
790.289     2.835
788.399     2.835
788.266     2.268
784.894     2.592
784.8     0.972
783.24     1.215
780.931     1.62
780.679     1.539
777.721     0.567
776.818     1.782
775.419     2.268
773.325     1.296
771.775     2.349
769.792     2.187
768.835     2.754
765.73     2.511
765.405     1.458
764.25     1.863
761.914     -0.081
761.751     0
758.411     1.863
757.736     0.405
756.823     1.539
753.35     2.835
753.285     2.268
750.842     1.539
749.206     2.916
748.985     2.025
745.921     1.215
745.266     1.539
743.652     0.486
741.722     1.62
739.721     0.891
738.3     0.81
737.392     2.025
735.594     2.349
733.705     2.268
731.761     2.349
730.412     0.972
729.674     1.944
726.674     0.972
726.467     0.405
724.523     1.377
722.483     1.782
722.119     1.134
718.536     2.349
718.215     1.539
717.085     1.134
714.166     2.268
714.019     2.187
710.955     2.268
709.291     2.268
707.379     1.539
706.437     1.458
705.523     2.025
702.919     0.891
701.925     1.458
699.824     1.539
698.628     1.701
695.789     2.592
694.555     2.916
694.325     1.134
690.768     2.43
690.577     2.511
688.215     2.268
686.841     2.268
686.656     0.81
683.306     1.053
682.885     1.782
680.893     1.215
678.71     2.511
678.56     2.106
675.412     1.215
674.605     3.078
673.21     2.268
670.962     2.187
670.617     2.592
667.92     0.405
667.45     0.648
665.758     1.782
663.318     1.296
663.074     1.62
659.817     2.106
659.134     1.863
658.235     1.62
655.433     1.782
653.894     3.645
652.084     2.673
651.315     1.944
650.526     1.863
647.545     1.944
646.907     1.377
644.804     1.62
643.917     0.486
641.027     1.134
639.621     2.025
638.889     2.754
635.878     1.944
635.704     1.944
633.49     1.539
632.213     1.215
631.677     1.134
628.528     0.405
628.134     0.972
626.404     -0.081
624.035     1.377
623.616     1.944
620.553     0.891
619.912     1.458
618.207     2.106
616.218     1.215
614.529     1.782
612.667     1.539
612.046     1.539
610.657     2.106
608.546     0.567
607.24     0.648
605.18     0.81
604.462     1.134
601.102     2.025
600.395     2.187
599.213     2.592
597.038     2.673
595.714     1.539
592.999     0.405
592.825     0.567
589.919     1.215
588.737     1.701
587.952     1.701
585.083     0.891
584.726     1.458
581.958     2.106
580.627     1.944
580.049     2.592
576.924     2.187
576.378     2.025
574.527     2.349
572.926     1.62
572.745     1.134
569.234     1.863
569.037     0.567
567.194     1.377
565.153     1.134
563.19     1.863
561.174     2.592
560.556     2.835
557.723     1.377
557.135     1.944
555.638     2.106
553.826     1.458
553.113     1.863
550.046     1.377
549.471     1.539
548.427     1.053
545.669     0.972
545.22     1.863
542.123     2.106
541.278     2.511
540.461     1.782
537.313     2.511
537.144     2.592
534.844     0.972
533.629     1.539
533.251     0.648
529.745     2.106
529.018     2.187
526.829     2.754
525.748     1.458
525.197     2.025
521.906     2.025
521.42     1.539
519.576     1.62
517.988     1.377
516.081     0.729
514.307     1.458
513.674     1.701
510.294     1.62
509.945     1.863
508.202     1.944
506.309     2.349
505.678     2.187
502.423     2.43
502.137     1.134
501.038     0.891
498.33     1.863
498.173     1.701
495.161     0.972
494.37     1.296
493.391     1.215
490.587     1.62
489.292     2.349
486.889     3.483
486.071     2.997
485.616     1.782
482.442     1.701
479.911     1.458
478.534     1.863
478.109     1.62
474.987     1.539
474.696     1.782
472.384     1.944
470.666     2.106
470.353     1.782
467.234     1.296
466.784     0.891
464.823     1.944
462.579     2.916
461.086     1.782
459.455     1.62
459.146     0.567
455.78     0.891
455.201     1.701
453.65     1.377
451.317     1.377
451.014     1.782
447.759     1.944
447.346     1.539
446.17     1.053
443.16     2.43
443.045     2.268
440.345     1.296
439.417     1.539
438.925     0.324
435.713     1.215
434.763     1.539
432.759     1.296
431.615     1.458
430.848     1.944
427.824     1.539
426.941     2.106
424.876     2.268
423.936     1.053
421.784     0.081
420.457     0.162
419.472     1.701
416.085     1.944
415.984     1.377
413.548     2.673
412.097     2.268
411.626     1.944
408.374     1.701
408.085     1.62
406.28     1.458
404.216     1.377
404.325     0.081
400.833     1.053
400.423     1.053
398.878     1.296
396.444     1.539
396.2     1.782
393.081     1.296
392.442     0.81
391.043     2.268
388.449     2.025
387.414     1.701
385.472     1.458
384.524     1.539
381.731     1.134
380.665     2.268
379.902     1.539
377.136     0.972
376.898     1.134
374.19     1.377
373.066     1.782
372.048     2.835
369.024     1.62
366.504     2.106
365.023     2.997
365.072     0.486
363.024     1.215
361.161     1.863
359.378     0.81
357.91     0.648
357.4     0.567
355.304     2.187
353.539     1.701
351.625     2.106
349.926     1.863
349.433     1.539
346.022     2.268
345.8     1.62
344.476     1.134
342.506     1.296
341.865     1.053
338.65     1.539
338.086     1.62
336.695     1.863
333.689     3.402
333.56     2.997
330.973     1.701
330.317     1.296
329.08     2.106
326.398     1.62
326.289     1.377
323.455     1.62
322.338     1.701
321.775     1.701
318.438     2.268
317.977     3.483
316.219     1.053
314.721     1.458
314.572     0.243
310.9     2.106
310.333     1.863
308.662     1.296
307.098     1.377
306.649     1.701
303.461     1.215
302.824     1.296
301.072     1.782
299.189     1.62
297.519     1.701
295.723     1.782
295.058     2.106
291.678     2.754
291.549     1.62
289.882     2.106
287.858     2.511
287.576     1.377
284.619     0.972
283.932     1.458
282.736     1.539
279.992     1.62
279.754     1.863
276.812     2.43
276.096     2.43
275.559     0.81
272.27     2.187
272.301     1.539
269.68     1.296
268.305     2.268
268.024     1.053
264.5     2.754
264.34     0.81
262.074     1.863
260.706     1.782
260.585     0.891
256.93     1.944
254.894     1.62
253.526     1.458
252.576     2.673
251.144     1.782
249.613     0.81
247.153     2.673
245.643     2.511
245.495     1.053
241.915     2.511
241.875     1.377
240.351     1.053
237.852     2.349
236.63     1.539
234.648     1.944
234.217     1.053
233.106     1.134
230.461     1.377
229.381     1.458
227.325     1.863
226.752     0.891
223.764     1.377
222.846     1.701
222.038     1.944
218.917     2.673
218.484     1.296
216.537     1.134
215.436     1.134
212.67     2.187
211.52     2.511
211.256     1.053
208.133     1.296
207.82     1.62
205.801     1.134
204.157     1.377
203.573     2.025
200.457     2.025
200.007     1.62
198.426     1.701
196.556     1.944
194.86     1.944
193.17     1.944
192.656     1.701
189.493     2.268
189.17     1.863
187.603     2.268
185.72     1.215
185.456     1.296
182.331     1.782
181.508     2.025
178.746     1.701
178.28     1.296
177.259     1.296
174.406     1.863
174.421     1.215
171.607     1.62
170.704     1.215
170.158     0.972
167.41     0.891
166.372     1.863
164.449     2.106
163.479     1.458
161.003     1.701
159.837     2.025
159.153     1.944
156.795     0.243
156.15     1.539
154.225     1.134
152.576     1.377
152.412     0.729
149.108     1.134
147.387     0.972
145.596     1.863
144.787     2.511
141.934     2.349
141.528     1.62
140.355     1.458
138.416     0.891
136.699     2.592
135.14     1.863
134.591     1.377
131.524     2.511
130.966     2.43
130.034     1.701
127.529     2.268
127.173     2.835
125.069     0.891
124.169     0.891
123.403     1.296
120.616     1.539
120.039     1.215
118.254     1.215
117.425     0.081
114.491     2.673
113.577     2.349
112.605     3.645
110.403     1.458
109.84     1.377
108.378     1.053
106.762     1.863
104.963     1.62
103.687     1.863
103.508     0.243
100.566     0.972
100.178     1.377
98.2270000000001     2.754
96.5060000000001     2.511
96.3290000000001     2.349
93.9230000000001     1.458
93.0770000000001     2.025
92.0780000000001     1.782
90.2700000000001     1.296
89.1070000000001     1.296
87.5980000000001     0.891
86.6400000000001     1.701
84.3310000000001     1.377
83.6010000000001     1.863
82.6140000000001     2.187
80.3490000000001     2.349
79.9770000000001     2.835
77.9290000000001     2.106
77.3260000000001     0.891
76.6560000000001     1.215
74.0390000000001     2.025
73.4280000000001     1.944
71.9760000000001     1.782
70.9990000000001     1.539
69.1970000000001     0.972
68.0250000000001     1.458
67.5640000000001     1.782
65.2810000000001     1.539
64.5830000000001     1.944
63.2510000000001     2.025
62.0210000000001     1.701
60.3110000000001     2.268
59.3250000000001     1.782
58.7550000000001     1.944
56.6840000000001     1.377
56.3850000000001     1.296
53.5910000000001     2.592
52.9810000000001     2.43
50.7190000000001     2.997
50.4280000000001     2.43
49.6020000000001     1.539
48.1560000000001     1.215
47.9780000000001     1.053
45.7140000000001     1.863
45.2070000000001     1.296
44.4300000000001     1.701
42.7260000000001     1.539
42.0640000000001     1.296
40.1800000000001     1.944
39.7480000000001     2.754
38.4360000000001     1.377
37.5640000000001     1.782
37.1810000000001     1.62
35.5360000000001     1.215
34.8020000000001     1.539
33.8080000000001     1.377
32.7290000000001     2.025
31.3750000000001     2.187
30.5310000000001     2.511
29.9500000000001     2.754
28.3890000000001     2.349
28.3940000000001     1.539
27.1990000000001     1.539
26.0360000000001     2.268
26.1970000000001     0.972
24.6770000000001     0.729
23.5340000000001     3.24
22.5730000000001     1.296
22.2020000000001     1.701
21.1060000000001     2.511
20.1290000000001     2.187
19.9830000000001     2.025
18.5740000000001     2.511
18.5730000000001     0.324
18.0290000000001     0.486
16.6870000000001     1.215
15.7680000000001     2.43
15.0500000000001     2.025
14.5830000000001     1.782
13.4410000000001     1.701
13.0110000000001     1.377
12.7510000000001     0.891
11.4470000000001     1.458
10.6920000000001     2.592
10.0030000000001     2.511
9.6490000000001     1.782
8.8370000000001     1.296
8.5490000000001     0.972
7.9880000000001     1.458
7.0910000000001     0.891
6.8360000000001     1.215
5.4730000000001     2.754
5.1040000000001     2.025
5.0440000000001     1.539
3.9510000000001     2.025
3.4040000000001     2.673
2.2200000000001     3.483
2.2080000000001     2.106
1.8470000000001     1.782
1.1070000000001     2.187
0.765000000000102     1.296
0.266000000000102     1.215
-0.215999999999898     1.62
-1.3029999999999     2.673
-1.5169999999999     2.511
-2.2089999999999     1.944
-2.5059999999999     1.62
-2.9579999999999     2.268
