Distance_nm     Force_uN
0     0.0941
0.036     -3.8563
0.057     -5.5492
0.057     -5.5492
0.026     -3.6054
-0.047     -1.4422
-0.115     -0.4703
-0.152     -0.0941
-0.241     -0.8465
-0.214     -3.1352
-0.167     -4.8909
-0.204     -5.1417
-0.251     -3.8249
-0.298     -1.066
-0.382     0.7524
-0.476     -0.4076
-0.585     -2.4141
-0.58     -4.3892
-0.523     -4.6714
-0.58     -4.1384
-0.601     -1.8497
-0.658     -0.6584
-0.763     -1.6303
-0.757     -0.7524
-0.784     -0.9092
-0.737     -3.9503
-0.721     -6.1449
-0.721     -4.8282
-0.825     -1.4108
-0.951     1.9125
-0.925     3.0725
-0.935     -1.3168
-1.034     -7.2736
-1.066     -9.4368
-1.039     -6.8033
-1.034     -1.787
-1.118     1.5989
-1.227     1.8497
-1.28     -0.5016
-1.3     -3.8563
-1.327     -5.6119
-1.327     -6.0195
-1.379     -5.2984
-1.405     -2.0692
-1.389     2.226
-1.494     3.386
-1.541     0.3449
-1.556     -4.8282
-1.577     -8.559
-1.551     -7.493
-1.567     -2.3514
-1.624     2.1633
-1.64     1.9752
-1.692     -2.0065
-1.671     -5.8314
-1.697     -6.7093
-1.729     -4.8909
-1.781     -3.1979
-1.838     -0.6584
-1.823     0.6897
-1.812     0.2195
-1.854     0.5016
-1.911     -2.5081
-1.896     -5.8001
-1.937     -6.333
-1.99     -5.3611
-2.021     -1.8184
-2.021     2.32
-2.047     3.6995
-2.042     0.3449
-2.099     -6.1763
-2.115     -10.4401
-2.094     -9.7817
-2.12     -4.1698
-2.162     2.1633
-2.214     5.0163
-2.256     2.8216
-2.293     -3.4173
-2.277     -8.026
-2.256     -9.186
-2.261     -5.5806
-2.303     0.1881
-2.355     4.7655
-2.423     4.9222
-2.48     -0.1881
-2.444     -6.1136
-2.444     -9.4682
-2.486     -8.6217
-2.512     -3.3233
-2.559     1.5676
-2.627     2.1319
-2.679     -0.4389
-2.679     -4.0444
-2.668     -6.8974
-2.658     -7.0228
-2.705     -4.3579
-2.757     -1.5362
-2.768     0
-2.799     0.533
-2.851     0.2195
-2.919     -2.1319
-2.971     -4.6714
-3.023     -5.0476
-3.044     -3.3233
-3.091     -0.2508
-3.154     1.8184
-3.211     0.4703
-3.232     -3.0411
-3.232     -6.1449
-3.269     -6.4898
-3.326     -4.3579
-3.373     0.4076
-3.394     -0.4076
-3.394     -2.6649
-3.446     -4.7655
-3.493     -5.3298
-3.504     -4.3265
-3.566     -1.9125
-3.582     0.5016
-3.603     0.6584
-3.629     -0.8151
-3.734     -3.1979
-3.77     -5.1103
-3.775     -4.7027
-3.838     -2.853
-3.875     -1.0346
-3.922     -0.3135
-3.932     -1.5989
-3.911     -3.8876
-3.969     -5.1103
-3.989     -4.4519
-3.979     -3.0725
-4.026     -1.8184
-4.073     -1.7243
-4.183     -1.5362
-4.172     -1.5362
-4.162     -2.4768
-4.23     -3.0725
-4.24     -3.2606
-4.214     -2.5081
-4.277     -1.0346
-4.324     -0.3135
-4.329     -1.066
-4.412     -2.7589
-4.454     -4.6714
-4.449     -4.6087
-4.459     -2.7589
-4.475     -1.16
-4.517     -0.8151
-4.491     -2.2887
-4.522     -4.3579
-4.59     -5.0476
-4.595     -4.64
-4.579     -2.9157
-4.569     -1.1287
-4.694     -0.2508
-4.783     -0.5016
-4.793     -1.8184
-4.82     -3.1352
-4.83     -3.7935
-4.846     -3.5427
-4.929     -2.2887
-5.055     -0.9719
-5.039     -1.0973
-5.039     -2.1006
-5.086     -2.9784
-5.185     -3.4487
-5.196     -3.1665
-5.248     -2.5708
-5.342     -2.0692
-5.399     -1.6303
-5.446     -2.0692
-5.488     -2.8844
-5.566     -3.1665
-5.603     -3.2292
-5.618     -2.4768
-5.686     -2.0692
-5.749     -2.226
-5.822     -2.2887
-5.906     -2.1006
-5.953     -2.3827
-5.947     -3.6368
-5.984     -4.7027
-6.031     -3.6995
-6.057     -1.8184
-6.088     -1.2854
-6.109     -1.7243
-6.224     -2.4768
-6.308     -3.2919
-6.313     -2.7903
-6.349     -1.5989
-6.391     -1.5049
-6.365     -1.787
-6.386     -1.9752
-6.386     -2.7589
-6.391     -3.4173
-6.396     -3.2606
-6.376     -2.4454
-6.376     -1.8811
-6.355     -2.2573
-6.339     -2.9471
-6.37     -3.7622
-6.407     -3.9503
-6.402     -3.4487
-6.402     -2.7276
-6.423     -2.1319
-6.428     -1.9125
-6.485     -2.0065
-6.48     -2.6335
-6.485     -2.6335
-6.475     -2.4141
-6.475     -1.8497
-6.574     -1.6303
-6.579     -2.6022
-6.558     -3.386
-6.6     -3.5114
-6.642     -3.3233
-6.605     -3.386
-6.642     -3.3546
-6.694     -3.1979
-6.725     -3.0411
-6.746     -2.5708
-6.825     -1.7243
-6.872     -2.4454
-6.819     -3.1038
-6.825     -2.6962
-6.866     -1.8811
-6.866     -1.3795
-6.908     -1.4108
-6.966     -1.7557
-7.013     -1.8184
-7.065     -2.1006
-7.117     -2.853
-7.174     -3.1979
-7.206     -2.5395
-7.2     -2.2887
-7.247     -3.7622
-7.247     -5.8001
-7.258     -5.5492
-7.321     -2.9784
-7.331     -1.5989
-7.378     -1.787
-7.409     -2.9157
-7.451     -3.48
-7.472     -2.6962
-7.535     -2.0379
-7.55     -2.32
-7.571     -2.9784
-7.597     -3.1352
-7.65     -1.8497
-7.743     -1.2854
-7.801     -1.7243
-7.796     -1.4108
-7.806     -1.8497
-7.77     -3.5114
-7.79     -4.1071
-7.864     -3.7622
-7.942     -3.0411
-7.978     -2.9471
-7.973     -3.2292
-7.984     -3.2919
-7.989     -3.0411
-7.942     -2.4454
-8.01     -1.9752
-8.02     -2.6649
-8.036     -2.6962
-8.046     -1.787
-8.161     -1.787
-8.26     -2.226
-8.24     -2.32
-8.198     -1.7243
-8.177     -1.2541
-8.172     -1.9125
-8.193     -3.0411
-8.234     -4.0444
-8.286     -4.2952
-8.36     -3.3233
-8.339     -2.3514
-8.307     -3.0725
-8.292     -4.4206
-8.344     -3.919
-8.349     -2.9784
-8.448     -2.4768
-8.563     -1.8497
-8.568     -1.6616
-8.548     -1.5989
-8.542     -1.5362
-8.579     -1.3795
-8.631     -1.8811
-8.652     -2.4141
-8.61     -2.4141
-8.647     -2.2887
-8.673     -2.6022
-8.736     -2.5081
-8.741     -2.4768
-8.746     -3.386
-8.751     -3.4173
-8.788     -3.0098
-8.824     -2.7589
-8.814     -2.4454
-8.845     -2.4454
-8.897     -2.9471
-8.856     -2.7903
-8.85     -2.2887
-8.876     -1.787
-8.908     -2.226
-8.934     -2.0692
-8.908     -0.8778
-8.882     -1.1287
-8.903     -3.2606
-8.944     -4.5773
-8.981     -4.6714
-8.955     -3.6368
-8.965     -2.1946
-8.955     -2.0065
-8.991     -2.7903
-8.991     -3.2919
-8.923     -3.3233
-8.903     -2.4141
-8.986     -1.8497
-9.007     -0.8465
-8.991     -0.3762
-8.97     -1.3795
-8.976     -2.4454
-8.991     -2.3514
-9.007     -1.4735
-9.017     -0.7838
-9.044     -0.7838
-9.017     -1.8811
-8.991     -3.2292
-8.997     -4.0757
-8.97     -4.4206
-8.95     -3.7308
-8.97     -3.3546
-9.059     -3.386
-9.038     -3.8249
-9.049     -3.3546
-9.049     -2.5081
-9.038     -1.693
-9.033     -0.9719
-9.044     -1.1914
-9.075     -1.9438
-9.117     -2.0379
-9.111     -1.9752
-9.08     -1.1914
-9.111     -0.7838
-9.143     -1.5676
-9.169     -1.8811
-9.211     -2.226
-9.179     -2.6962
-9.19     -4.1384
-9.221     -6.1449
-9.273     -5.9882
-9.341     -3.5427
-9.284     -1.6616
-9.336     -1.16
-9.383     -1.8811
-9.362     -3.2919
-9.42     -3.3233
-9.482     -1.4735
-9.44     -0.4389
-9.461     0.0627
-9.472     -0.5016
-9.524     -2.7589
-9.571     -3.919
-9.55     -2.7903
-9.581     -0.5643
-9.639     0.4076
-9.686     -1.16
-9.738     -3.6054
-9.733     -5.3611
-9.79     -5.4552
-9.816     -4.013
-9.769     -2.5395
-9.759     -1.7557
-9.743     -1.9125
-9.775     -3.0725
-9.816     -3.3233
-9.848     -2.0379
-9.879     -1.2541
-9.957     -1.2227
-9.957     -0.6584
-9.963     0.1254
-9.978     0.6584
-9.942     -0.0627
-9.989     -1.8811
-10.051     -3.2292
-10.14     -3.5427
-10.171     -2.4768
-10.187     -0.9719
-10.276     -0.7838
-10.323     -2.4141
-10.333     -4.1698
-10.396     -4.8282
-10.464     -3.7308
-10.511     -1.8184
-10.506     -0.627
-10.547     -1.16
-10.61     -2.5395
-10.683     -3.0725
-10.641     -2.6335
-10.61     -2.3514
-10.652     -1.1287
-10.756     0.1881
-10.798     -0.1568
-10.84     -2.1006
-10.876     -4.0757
-10.897     -4.3892
-10.881     -2.853
-10.876     -1.5049
-10.892     -1.8811
-10.923     -2.9784
-10.965     -3.919
-10.996     -4.1071
-11.017     -3.7622
-11.08     -3.48
-11.116     -2.3514
-11.153     -1.5989
-11.231     -1.7557
-11.242     -1.787
-11.221     -1.5676
-11.247     -1.5676
-11.263     -1.1914
-11.315     -1.5362
-11.404     -2.7903
-11.44     -3.0098
-11.445     -2.6335
-11.435     -2.2887
-11.377     -2.4768
-11.419     -3.1038
-11.44     -3.6054
-11.545     -3.48
-11.644     -2.5708
-11.706     -1.3168
-11.717     -1.066
-11.712     -2.1006
-11.712     -2.7276
-11.8     -2.9471
-11.873     -2.3827
-11.973     -1.4735
-11.988     -0.6897
-11.947     -1.5989
-11.915     -3.0411
-11.947     -3.4487
-11.967     -2.4141
-11.999     -0.9719
-12.072     -1.0973
-12.124     -2.8216
-12.119     -4.3892
-12.108     -4.2952
-12.14     -2.9157
-12.182     -1.693
-12.218     -1.3481
-12.26     -1.8811
-12.323     -3.0725
-12.354     -4.0757
-12.354     -3.6681
-12.37     -1.8184
-12.443     -0.8465
-12.432     -1.066
-12.463     -1.9125
-12.448     -3.1665
-12.443     -3.7935
-12.5     -3.7308
-12.516     -3.2919
-12.516     -2.1006
-12.526     -1.8184
-12.516     -2.5708
-12.537     -2.9784
-12.547     -2.7903
-12.563     -2.1319
-12.636     -2.6022
-12.678     -4.013
-12.662     -4.1384
-12.714     -2.6649
-12.751     -1.9438
-12.772     -2.1633
-12.787     -2.3514
-12.829     -3.1038
-12.892     -3.0725
-12.923     -2.0065
-12.892     -1.5049
-12.907     -2.2887
-12.944     -3.5741
-12.986     -4.2011
-12.975     -3.7622
-12.954     -2.7589
-13.027     -1.4735
-13.08     -1.0973
-13.074     -2.6022
-13.121     -4.3892
-13.127     -4.4206
-13.127     -3.9817
-13.168     -3.4173
-13.236     -2.1006
-13.262     -1.3168
-13.247     -1.3795
-13.335     -2.226
-13.388     -3.0411
-13.424     -3.1038
-13.45     -2.7903
-13.456     -2.0065
-13.45     -1.9125
-13.534     -2.1946
