Distance_nm     Force_uN
0     -1.215
-0.303     0
0.584     0
11.765     0.162
17.946     1.458
31.408     -0.162
37.939     -0.243
57.454     -0.972
63.894     -1.215
77.087     -2.511
83.597     -2.754
96.256     -2.349
102.507     -1.62
115.382     -1.782
121.422     -0.648
134.038     -0.081
140.284     0.324
152.862     1.053
159.318     0.81
172.522     -0.486
178.903     -0.486
192.296     -2.349
205.289     -2.754
211.572     -2.106
224.145     -1.458
230.493     -1.134
243.508     -1.215
249.909     -0.891
262.568     0.081
269.104     0.162
281.844     0.891
288.629     -0.243
302.021     -1.458
308.725     -2.106
321.809     -1.782
328.351     -1.701
341.284     -1.296
354.438     -1.215
361.087     -1.134
373.945     -0.324
387.022     0.486
393.71     0.324
406.933     0.567
413.529     0.648
427.039     -0.243
434.105     -1.944
447.334     -1.782
453.88     -1.134
467.168     -0.972
480.672     -1.134
487.338     -1.215
494.025     -1.377
507.286     -0.81
520.525     0.162
527.363     -0.486
541.003     -1.539
554.49     -1.62
561.188     -1.539
574.518     -0.891
581.087     -0.486
594.429     -0.486
601.37     -1.215
614.787     -1.134
621.393     -0.891
634.568     0
640.916     0.405
654.092     -0.486
660.85     -0.648
674.24     -0.81
680.928     -0.891
694.276     -1.215
707.499     -0.891
714.133     -1.053
727.411     -1.62
734.191     -2.349
747.166     -1.701
760.072     -0.891
766.366     -0.081
779.374     0.324
786.143     -0.567
799.27     -0.567
811.757     -0.243
818.068     0
838.131     -1.053
844.916     -1.62
858.485     -3.078
865.011     -2.673
877.694     -0.324
890.95     -0.243
897.654     -0.324
910.845     0.081
924.209     -0.324
930.977     -0.648
944.286     -0.162
950.952     0.081
964.661     -0.891
971.715     -2.187
985.176     -2.592
991.992     -2.592
1005.15     -1.377
1018.61     -0.81
1025.264     -0.567
1039.043     -1.215
1045.891     -1.296
1059.162     0.081
1073.016     -0.648
1079.988     -0.891
1094.343     -2.997
1101.095     -2.592
1114.5     -1.458
1121.175     -0.405
1135.039     -0.972
1142.157     -1.62
1156.053     -1.701
1163.003     -1.215
1176.527     -0.243
1183.116     1.053
1197.233     0.486
1204.642     -1.134
1219.094     -2.916
1225.78     -1.944
1239.195     0.081
1246.437     -0.729
1261.076     -2.025
1267.924     -1.377
1282.213     -1.944
1295.924     -0.648
1302.826     0.081
1317.163     -0.405
1331.371     -0.567
1338.342     0
1353.003     -1.458
1360.39     -2.43
1374.668     -2.673
1381.332     -1.053
1395.377     -0.243
1409.843     -0.81
1417.225     -1.62
1431.589     -1.782
1438.679     -1.62
1452.804     -0.324
1459.781     0.567
1474.457     -0.486
1489.663     -3.159
1496.741     -2.268
1510.921     -1.134
1518.021     -0.405
1532.869     -1.377
1540.072     -1.053
1555.077     -2.43
1569.353     -0.81
1576.517     -0.162
1590.993     0.567
1605.676     -1.296
1612.793     -1.296
1627.257     0.081
1634.767     -0.081
1657.616     -2.187
1672.463     -2.187
1680.038     -2.592
1694.366     -0.486
1709.375     -0.243
1717.041     -1.053
1732.449     -2.592
1739.738     -1.782
1753.974     0.81
1761.63     0.243
1777.118     -1.053
1792.245     -0.891
1800.133     -2.106
1815.183     -1.539
1823.113     -1.863
1838.276     -1.215
1845.915     -1.377
1861.199     -1.863
1868.546     -0.729
1883.613     -0.081
1899.483     -1.863
1906.836     -0.567
1922.307     -0.891
1930.253     -1.458
1945.669     -0.891
1953.377     -0.729
1969.123     -1.377
1984.766     -1.458
1992.318     -0.567
2008.069     -1.053
2015.826     -0.891
2031.576     -0.567
2039.327     -0.486
2055.094     -0.81
2071.044     -1.215
2078.805     -0.243
2094.62     -0.162
2102.479     0.081
2118.687     -0.972
2134.68     -1.458
2142.992     -2.511
2158.395     -0.081
2166.265     0.405
2182.527     -0.324
2190.649     -0.567
2206.793     -1.215
2215.013     -1.539
2230.712     0.324
2247.271     -0.891
2255.566     -1.782
2271.817     -2.025
2287.641     -0.891
2295.634     -0.567
2311.9     -0.486
2320.379     -1.782
2336.878     -2.43
2352.696     -0.486
2360.834     -0.405
2376.954     0.648
2394.079     -2.43
2402.39     -2.997
2418.376     -1.701
2426.374     -0.972
2442.44     -0.081
2458.863     -0.648
2467.352     -1.377
2483.894     -2.106
2500.041     -1.458
2500.041     -1.458
2499.658     -0.81
2496.255     -0.648
2483.192     -0.081
2470.136     -0.729
2463.357     -0.567
2450.128     -0.486
2437.061     -1.377
2430.281     -0.891
2417.053     -1.539
2410.582     -2.187
2396.905     -0.972
2390.196     -0.729
2377.01     -1.296
2370.263     -1.053
2356.889     -0.972
2343.283     -0.405
2336.752     -0.81
2323.405     -1.377
2316.578     -1.053
2303.328     -1.62
2290.04     -2.187
2283.342     -2.349
2269.299     -0.405
2262.559     -1.134
2249.018     -1.053
2242.217     -0.81
2228.455     -0.162
2215.46     -2.349
2208.735     -2.43
2194.66     -0.81
2181.13     -1.134
2174.114     -0.405
2160.465     -0.405
2146.914     -1.215
2139.839     -0.324
2126.304     -0.972
2119.423     -0.972
2106.545     -2.43
2092.368     -0.972
2085.785     -2.187
2071.937     -1.782
2057.906     -1.458
2050.912     -1.296
2037.248     -2.025
2030.184     -1.539
2008.928     -0.405
1995.065     -0.729
1988.319     -1.458
1974.073     -0.567
1960.134     -0.729
1953.238     -1.296
1939.111     -1.539
1924.822     -0.729
1911.138     -2.025
1903.912     -1.458
1889.413     -0.081
1875.62     -1.215
1868.417     -0.81
1854.312     -1.215
1840.001     -0.891
1832.792     -0.567
1818.607     -0.972
1811.619     -1.701
1797.228     -1.053
1790.127     -1.296
1775.548     -0.567
1761.212     -0.891
1754.154     -1.377
1740.083     -2.673
1732.842     -2.673
1717.755     -0.567
1703.214     -0.324
1696.318     -0.567
1681.912     -1.134
1674.763     -1.458
1660.226     -0.972
1645.427     -0.162
1638.197     -0.729
1623.468     -0.567
1609.24     -1.944
1601.784     -1.863
1586.839     -0.891
1571.808     -0.081
1564.649     -0.648
1550.125     -1.62
1542.56     -0.729
1527.762     -0.972
1513.319     -1.701
1498.472     -2.025
1491.178     -2.592
1476.437     -1.458
1464.83     -0.972
1457.585     -1.539
1442.559     -1.053
1427.744     -1.215
1412.503     -0.081
1405.117     -0.162
1390.234     -1.215
1382.778     -1.296
1367.365     -0.405
1352.411     -0.648
1345.23     -1.944
1329.947     -1.539
1315.907     -1.863
1308.133     -1.215
1292.795     -0.243
1277.674     -0.405
1262.58     -1.053
1254.871     -0.648
1239.534     -0.243
1224.268     -0.567
1216.532     -0.324
1201.611     -1.863
1186.399     -2.268
1178.701     -2.106
1162.992     -0.81
1140.029     -1.782
1132.045     -0.729
1116.336     0.486
1101.119     -0.405
1085.432     0.162
1077.713     -0.162
1062.755     -2.106
1054.961     -1.944
1039.204     -1.215
1023.787     -1.539
1008.073     -0.729
1000.155     -0.324
984.684     -0.81
969.322     -1.863
961.333     -1.053
945.549     0
929.918     -0.324
922.086     -0.648
906.702     -1.944
899.129     -2.916
882.958     -1.215
874.92     -0.567
859.548     -1.62
851.672     -1.62
836.035     -1.62
820.009     -0.486
804.453     -1.134
796.13     0.243
780.471     -0.162
772.774     -0.81
757.078     -1.053
749.246     -1.296
733.588     -1.782
717.535     -1.134
709.563     -1.134
694.329     -1.458
678.132     -0.648
669.831     0.081
653.893     -0.081
645.732     0.405
630.128     -0.81
614.368     -1.215
598.397     -1.215
590.468     -1.296
574.648     -1.863
558.623     -1.62
550.63     -1.539
534.794     -1.701
518.574     -0.486
510.532     0
494.475     0
486.428     0
470.689     -0.405
454.907     -1.053
446.973     -1.215
430.818     -0.729
414.793     -0.405
407.172     -1.539
391.132     -1.62
374.756     -0.405
358.564     0.081
350.582     0
334.433     0.81
318.694     -0.081
310.981     -0.81
295.329     -2.025
279.196     -1.62
270.981     -0.729
254.87     -0.324
239.299     -1.62
223.349     -1.215
207.005     0.648
191.434     -0.891
183.235     -0.162
167.647     -0.81
151.778     -0.648
135.98     -1.215
128.326     -2.268
112.339     -1.458
96.6900000000004     -1.458
88.6210000000004     -0.891
72.5950000000004     -0.162
57.0930000000004     -0.729
49.4700000000004     0
34.0740000000004     -0.486
18.5930000000004     -0.648
2.74500000000039     -0.081
-4.59599999999961     -1.539
