Distance_nm     Force_uN
0     -1.863
-0.064     -1.215
0.258     0.162
3.043     -0.405
3.085     -1.539
5.028     -2.754
6.112     -1.62
6.333     -1.134
7.981     -1.701
9.155     -2.754
9.319     -2.673
10.856     -2.916
12.204     -2.43
12.272     -2.754
15.131     -2.106
15.305     -2.349
16.653     -1.944
18.106     -0.891
18.217     -0.243
19.396     -0.729
20.97     -0.162
21.191     -1.458
22.26     -1.701
24.24     -2.673
24.219     -2.673
26.93     -2.349
27.178     -1.62
27.109     -1.944
29.805     -1.863
30.121     -2.673
30.968     -2.106
32.758     -1.62
33.116     0.486
33.748     -0.324
36.218     -2.43
36.191     -2.187
36.807     -1.296
39.292     -0.729
39.703     -1.944
42.304     -1.701
42.262     -1.458
44.384     -1.62
45.268     -1.863
45.258     -2.349
47.316     -1.863
48.385     -1.701
48.532     0.324
50.165     0.972
51.344     -0.648
51.423     -1.701
52.808     -2.511
54.424     -1.62
54.466     -0.648
57.256     -0.567
57.43     -1.053
58.589     -1.539
60.3     -2.511
60.526     -2.106
61.532     0.162
63.295     0.162
63.469     -0.891
64.364     -0.729
66.612     -0.324
66.607     -1.377
67.376     -2.106
69.708     -1.539
69.677     0.162
72.256     -0.891
72.846     -1.701
73.283     -0.486
75.215     -0.567
75.863     -0.648
76.274     -0.486
78.948     -0.162
78.964     -0.891
79.38     -0.972
82.049     -1.458
82.065     -0.891
84.14     -0.729
85.15     -1.215
85.34     0.081
87.077     -0.891
88.246     -2.835
88.441     -2.349
90.052     -1.053
91.321     0.243
91.421     0.891
94.348     -0.324
94.427     -0.567
95.996     -1.701
97.486     -0.648
97.665     -1.215
99.008     -0.891
100.566     -1.296
100.661     -1.458
101.946     -2.106
103.82     -2.592
103.799     -0.972
106.732     0.486
107.063     -0.162
107.937     -1.863
109.78     -0.972
110.133     -0.324
111.023     -0.405
112.886     -2.025
113.234     -1.458
113.934     -1.296
116.425     -1.782
116.43     -1.053
117.014     -1.296
119.599     -0.162
119.641     0.729
122.074     0.405
122.843     0.648
123.28     0.648
125.091     0.162
125.938     -1.377
126.254     -2.754
128.081     -2.592
129.171     -1.863
129.434     -1.62
132.378     -1.134
132.525     -1.377
135.421     0
135.473     0.405
137.211     0.648
138.564     0.081
138.785     1.944
140.312     1.539
141.991     -1.215
142.065     -2.673
143.402     -2.835
145.187     -1.053
145.229     -0.891
148.078     -2.106
148.362     -3.321
149.483     -2.025
151.279     -0.972
151.589     0.81
152.637     0.729
154.506     0.405
154.806     -0.243
155.68     -1.62
158.071     -2.106
158.071     -1.944
160.745     -1.539
161.288     -1.053
161.898     -3.645
163.846     -3.483
164.52     -2.106
165.015     -0.243
166.969     0.324
167.627     2.43
168.048     1.377
170.938     -0.405
170.954     -0.243
173.129     -0.648
174.055     -0.648
174.35     -1.458
176.224     -0.729
177.383     -1.458
177.609     -1.782
179.31     -0.972
180.594     -0.486
180.847     -0.324
183.832     0.972
183.948     0.891
185.617     0.81
187.07     -0.243
187.281     -0.405
188.645     -1.134
190.424     -2.106
190.503     -3.078
191.819     -2.511
193.778     -0.972
193.836     -0.162
196.758     -0.081
197.032     0.081
198.106     -0.405
199.964     -0.081
200.38     0.891
201.286     0.081
203.518     -0.162
203.455     -0.729
206.23     -1.215
206.73     -1.296
206.756     -1.053
209.431     -0.729
210.063     -1.539
210.7     -0.162
212.616     0.891
213.395     2.349
213.838     0.972
216.56     -0.243
216.67     0.567
218.976     1.296
219.945     0
220.261     -0.567
222.151     -1.296
223.251     -1.701
223.494     -1.863
225.289     -1.62
226.526     -0.891
226.774     -0.729
229.822     1.296
229.964     2.187
233.097     1.053
233.186     -0.081
234.75     -0.486
236.361     0.567
236.567     0.405
237.878     -0.648
239.594     -1.215
239.952     -1.458
241.1     -1.053
243.179     -0.648
243.227     0.486
246.159     0.081
246.502     0.729
247.481     2.268
249.424     1.377
249.861     -0.405
250.714     -0.81
252.693     0.405
253.262     1.62
253.994     0.405
256.6     -1.377
256.605     -1.296
259.164     -1.62
259.917     -0.486
259.954     1.458
262.455     1.053
263.239     0.81
263.629     1.053
265.598     2.025
266.577     0.891
266.904     0.243
269.831     -0.81
269.91     0.972
271.937     0.243
273.111     -1.539
273.174     -1.62
275.08     -0.729
276.433     0.405
276.744     1.215
278.36     1.296
279.966     0.567
280.098     0.405
283.099     1.701
283.288     1.539
284.794     0.729
286.495     -0.162
286.774     -0.972
288.016     -0.081
289.769     -0.081
290.07     0.243
291.112     -0.972
293.318     -0.567
293.329     0.243
296.256     0.648
296.661     1.053
296.703     0.243
299.525     0.729
300.005     1.782
300.847     1.701
302.779     0.729
303.495     0.081
304.106     -0.081
306.812     0.162
306.875     0.486
309.303     -0.486
310.156     0.729
310.608     1.296
312.572     0.405
313.551     0.081
313.967     0.891
315.805     1.701
316.91     1.539
317.174     0.243
320.291     1.134
320.385     0.324
322.312     -1.377
323.639     -0.972
323.918     1.215
325.524     1.296
326.988     1.458
328.83     2.592
330.357     2.592
330.642     0.324
333.685     -0.891
333.99     -0.648
335.222     2.106
337.023     2.511
337.386     -0.081
338.555     -0.729
340.777     -1.377
340.756     0.486
343.683     2.187
344.141     0.891
345.105     0.243
347.084     1.134
347.569     -0.486
348.343     -0.81
350.886     1.782
350.954     1.863
353.687     -0.162
354.297     0.81
354.887     -0.405
356.898     0.324
357.667     1.215
358.162     0.324
360.147     0.405
361.089     1.863
361.521     2.511
364.469     1.296
364.527     0.243
366.765     1.944
367.897     1.458
368.155     0.243
369.95     0.324
371.282     0.162
371.545     0.486
374.636     1.053
374.741     1.296
376.479     1.053
377.995     0.729
378.306     1.863
379.754     2.511
381.702     1.215
381.765     0.405
384.85     0.648
385.155     0.486
386.435     -0.162
388.204     0.081
388.593     1.134
389.646     1.134
391.542     1.215
391.984     0.243
394.838     1.458
395.296     1.62
395.343     1.782
398.123     2.835
398.686     1.62
399.439     0.729
401.466     0.567
402.177     0.648
402.862     0.081
405.678     1.134
405.752     1.458
408.269     0.972
409.122     0.405
409.638     1.458
411.602     2.43
412.628     1.701
412.944     1.134
416.035     2.106
416.061     0.486
416.361     -0.324
419.415     0.486
419.494     1.539
421.484     1.296
422.832     1.377
423.242     0.891
424.79     0.324
426.454     0.486
426.659     1.458
429.871     2.349
429.982     2.187
433.056     0.972
433.314     1.296
434.62     0.729
436.442     1.296
436.773     2.43
437.937     2.349
440.248     0.162
440.259     -0.891
443.176     -0.162
443.618     0.243
444.587     3.159
446.624     4.536
447.267     1.053
448.025     0.162
450.589     -0.729
450.62     0.81
453.285     2.835
454.127     2.997
454.722     -0.162
456.717     -0.972
457.586     1.296
458.023     2.187
461.003     1.944
461.087     1.215
463.43     2.025
464.536     2.43
464.873     1.782
466.747     2.187
467.995     1.701
468.306     0.405
471.412     1.944
471.475     2.511
471.67     1.782
474.834     1.377
475.05     1.62
476.614     2.511
478.262     2.43
478.599     0.648
480.01     0.648
482.016     1.215
482.079     1.782
485.127     1.944
485.417     1.296
486.707     0.162
488.528     1.134
488.923     2.187
489.924     2.511
492.351     1.701
492.44     2.025
495.278     1.458
495.815     1.62
496.647     2.187
498.685     2.592
499.259     1.863
499.938     1.782
502.76     0.162
502.855     -0.567
505.35     0.324
506.24     1.782
506.824     3.726
508.867     3.321
509.873     0.648
512.095     0.324
513.227     1.296
513.648     4.05
515.485     3.402
516.817     1.215
517.128     0
520.213     0.486
520.313     1.377
522.188     2.511
523.693     2.592
524.025     2.592
525.594     1.215
527.242     1.296
527.379     1.215
530.533     3.645
530.764     4.212
533.965     1.944
534.213     -0.162
535.55     0.405
537.793     2.997
537.872     3.078
540.868     1.134
541.273     0.567
541.363     1.944
544.306     3.159
544.859     3.078
545.738     2.43
548.46     1.701
548.502     0.324
551.161     2.187
551.898     3.564
551.951     4.131
554.594     0.648
555.42     0.486
555.873     1.053
558.816     3.564
558.943     3.969
561.285     2.268
562.302     2.592
562.833     1.944
564.755     0.972
566.066     2.106
566.345     3.726
569.394     3.969
569.473     2.835
571.336     0.81
572.842     0.891
573.105     1.782
574.716     1.539
576.507     2.754
576.601     2.592
579.755     3.402
580.197     0.243
581.503     1.134
583.335     2.268
583.709     4.05
584.983     2.916
587.142     -0.243
588.4     1.458
590.269     2.349
590.659     2.754
591.749     3.402
594.171     1.863
594.223     1.863
597.177     1.863
597.735     2.025
598.609     2.187
600.631     3.321
601.252     2.835
601.958     1.944
604.816     1.863
604.885     2.43
607.502     2.349
608.381     2.025
608.902     2.349
611.84     2.106
611.966     1.863
614.315     2.106
615.42     2.916
615.515     3.321
617.71     1.944
618.906     1.863
619.29     2.997
622.465     1.782
622.623     1.62
624.508     1.458
626.024     1.215
626.256     1.863
627.925     2.025
629.673     2.997
629.831     4.131
632.995     2.754
633.305     1.944
634.664     1.944
636.98     2.511
638.17     2.592
640.366     3.078
640.476     2.43
643.525     0.405
643.978     2.106
644.915     3.321
647.447     4.455
647.547     3.159
650.385     1.377
651.006     2.511
651.78     3.321
653.828     2.268
654.529     1.944
655.108     2.43
658.093     1.458
658.214     1.053
660.683     2.106
661.715     3.078
662.152     2.511
665.217     3.078
665.301     2.997
667.517     4.86
668.755     4.212
669.155     2.187
670.987     1.701
672.424     3.078
672.672     3.159
675.847     1.863
676.247     2.592
677.826     2.916
679.411     2.187
679.764     0.648
682.875     5.346
683.112     4.941
684.576     3.24
686.34     2.43
686.777     2.268
687.993     1.782
690.215     3.24
690.367     3.645
693.432     1.944
693.827     1.296
694.88     0.972
696.901     2.673
697.417     4.941
698.254     3.726
700.871     1.944
700.971     1.782
703.804     2.511
704.504     4.131
705.252     4.536
707.3     2.673
708.147     2.511
710.696     2.511
711.591     1.782
712.191     1.863
714.202     3.969
715.271     2.43
715.618     1.053
718.688     2.106
718.862     4.293
721.036     4.941
722.279     4.536
722.721     3.888
724.506     2.106
726.043     0.891
726.27     2.025
729.46     3.969
729.855     2.187
731.392     1.62
733.014     2.025
733.414     3.645
736.631     3.888
736.905     4.617
738.316     3.645
740.164     2.835
740.548     1.134
743.602     1.701
744.107     3.726
745.134     3.645
747.593     2.673
747.645     1.62
750.567     1.134
751.131     2.997
751.989     4.374
754.037     4.698
754.801     3.888
755.49     3.402
758.286     2.349
758.386     1.782
761.003     4.941
761.898     4.212
762.487     2.592
765.536     2.592
765.589     3.402
767.963     4.293
769.111     3.321
769.49     3.24
771.427     3.564
772.849     3.807
773.112     2.997
776.24     3.888
776.398     4.374
778.361     2.673
779.915     2.106
780.246     3.402
781.799     4.131
783.579     4.698
783.763     4.131
787.038     1.701
787.286     1.863
788.591     2.997
790.466     3.969
790.918     4.779
792.077     3.807
794.504     2.835
794.562     1.539
797.547     3.402
798.068     5.184
799.095     4.86
801.164     2.511
801.801     1.782
802.591     3.159
805.26     3.888
805.318     3.888
805.982     3.807
808.835     3.969
808.956     3.24
811.652     2.187
812.51     2.43
813.058     3.969
816.117     4.536
816.175     4.212
818.57     2.916
819.75     3.321
820.139     4.536
821.977     3.969
823.372     2.268
823.63     2.349
826.778     2.835
827.173     3.078
828.89     3.159
830.574     4.86
830.822     4.455
834.06     2.673
834.265     2.349
835.866     4.05
837.814     3.564
837.935     3.321
841.173     3.645
841.473     4.536
842.763     4.617
844.637     3.159
845.174     2.349
846.248     2.997
848.697     3.969
849.602     3.321
852.229     4.212
852.298     3.807
855.157     3.24
855.815     2.997
856.557     3.483
859.363     4.131
859.495     4.05
862.096     2.592
862.991     2.025
863.66     3.726
865.734     3.969
866.756     3.24
867.156     3.24
870.241     5.913
870.746     4.455
872.679     3.321
873.963     2.916
874.316     3.564
877.422     4.131
877.807     3.807
879.581     4.536
881.313     3.969
881.498     3.645
884.714     3.564
884.867     3.645
886.552     4.536
888.226     4.455
888.7     5.751
890.122     5.022
892.122     2.511
893.523     3.321
895.376     3.402
895.787     6.156
896.824     5.265
899.399     3.888
899.409     3.483
902.389     2.835
902.989     2.673
903.832     3.807
905.801     3.726
906.648     5.589
909.291     4.536
910.186     3.402
910.824     4.131
912.787     4.779
913.856     3.159
914.346     3.24
917.479     3.078
917.589     3.321
919.785     3.24
921.138     4.374
921.411     4.86
924.57     4.536
924.665     3.726
926.729     3.726
928.245     4.293
928.598     4.131
931.762     4.131
932.005     4.05
933.632     4.131
935.595     4.05
935.801     3.726
939.018     4.05
939.307     3.483
940.629     4.86
942.535     4.617
943.003     4.941
944.088     5.67
946.583     5.103
946.599     4.374
949.606     3.402
950.169     3.159
951.127     3.24
953.749     5.346
953.891     3.888
957.45     2.349
957.503     3.969
960.23     5.67
961.025     4.293
961.668     4.374
963.758     5.589
964.785     4.617
967.217     3.24
968.286     4.05
968.86     3.321
970.708     3.888
972.029     5.022
972.298     5.022
975.488     4.536
975.646     4.374
977.736     4.131
979.363     4.374
979.574     4.698
982.775     4.293
982.933     3.564
984.634     3.726
986.35     5.103
986.771     4.536
988.119     3.807
990.23     3.888
990.357     4.131
993.531     4.293
993.889     3.564
995.042     4.779
997.433     5.508
997.501     5.508
1000.55     5.508
1001.05     5.103
1002.029     4.455
1004.061     4.455
1004.725     4.05
1005.509     3.888
1008.363     4.779
1009.074     4.212
1011.111     4.779
1011.991     5.022
1012.591     4.941
1015.602     4.536
1015.708     3.564
1018.172     2.673
1019.188     2.754
1019.788     3.807
1021.736     4.455
1022.947     5.265
1025.032     3.402
1026.385     2.592
1026.833     3.726
1028.575     4.455
1030.155     4.86
1032.05     4.05
1033.582     4.131
1034.046     3.888
1035.562     4.374
1037.415     4.536
1037.605     4.617
1040.832     4.212
1041.117     4.131
1042.37     4.617
1044.354     4.86
1044.834     4.05
1045.966     4.536
1048.335     5.427
1049.283     5.022
1051.294     5.103
1051.983     2.754
1052.857     3.483
1055.622     4.455
1056.401     4.374
1058.475     4.536
1059.254     5.184
1059.913     4.779
1062.766     4.86
1063.398     5.67
1066.31     5.427
1066.41     5.184
1068.984     4.05
1070.058     3.078
1070.453     4.455
1073.544     5.508
1073.681     5.184
1075.902     5.346
1077.334     4.293
1077.598     4.293
1080.841     5.427
1081.046     4.455
1082.921     5.103
1084.426     5.346
1084.795     3.969
1087.991     3.645
1088.201     5.265
1089.802     5.994
1091.603     5.589
1091.982     5.913
1095.141     4.86
1095.483     4.05
1096.71     4.536
1099.105     5.022
1099.158     4.536
1102.248     4.05
1102.728     4.05
1103.707     5.103
1105.739     4.617
1106.408     4.212
1107.224     4.86
1109.999     5.67
1110.693     5.427
1112.757     5.346
1113.626     5.508
1114.221     5.346
1117.201     4.779
1117.306     5.508
1119.76     5.184
1120.902     5.022
1121.281     5.022
1124.393     4.698
1124.44     3.888
1126.704     4.617
1127.936     5.508
1128.342     6.237
1131.548     7.209
1131.727     6.48
1133.586     5.022
1135.113     4.212
1135.502     5.022
1138.74     3.483
1138.924     3.564
1140.509     5.913
1142.231     5.508
1142.699     5.346
1145.864     5.265
1146.232     6.723
1147.522     5.103
1149.46     4.779
1149.944     5.184
1150.976     5.913
1153.514     5.103
1154.472     5.184
1156.562     5.427
1157.157     5.913
1157.984     6.237
1160.658     5.265
1160.758     4.86
1163.533     4.779
1164.27     5.346
1164.865     6.561
1166.924     6.237
1167.956     5.427
1168.477     3.969
1171.473     4.617
1173.879     6.399
1175.011     6.399
1175.495     5.346
1177.375     5.427
1178.775     5.832
1179.091     5.022
1182.229     4.86
1182.624     6.885
1184.272     6.237
1185.925     4.293
1186.136     3.807
1189.337     5.103
1189.753     5.913
1191.19     5.589
1193.164     6.237
1193.312     5.184
1196.397     5.832
1196.708     5.67
1198.114     5.265
1200.019     5.427
1200.53     5.832
1201.573     6.399
1203.963     5.994
1204.031     5.427
1207.048     4.374
1207.612     4.941
1208.454     6.399
1211.118     6.156
1211.218     6.561
1214.014     6.642
1214.73     4.455
1215.446     4.941
1217.51     5.67
1218.384     6.642
1220.9     7.209
1221.906     6.237
1222.454     4.779
1224.423     4.941
1225.523     4.941
1225.876     5.346
1229.077     7.29
1229.593     5.832
1231.383     5.913
1232.794     5.022
1233.02     4.779
1236.269     6.156
1236.627     7.209
1238.201     6.966
1239.986     6.075
1240.191     5.994
1243.361     4.455
1243.556     4.455
1244.825     5.832
1246.831     7.776
1247.257     6.075
1250.2     5.913
1250.779     5.832
1251.738     4.293
1253.749     4.941
1254.449     6.075
1255.123     6.642
1257.956     5.103
1258.05     4.05
1260.835     5.022
1261.694     6.642
1262.289     7.128
1265.227     6.318
1265.284     6.156
1267.743     6.156
1268.828     6.156
1269.27     5.103
1271.234     5.994
1272.54     5.346
1274.63     5.508
1276.009     6.237
1278.136     6.318
1279.716     5.751
1279.895     5.346
1283.038     5.994
1283.301     6.561
1284.928     6.399
1286.576     5.427
1287.018     6.237
1290.135     5.994
1290.398     5.346
1291.831     6.156
1293.731     6.561
1294.152     4.617
1297.19     6.237
1297.601     6.561
1298.77     7.047
1300.807     7.614
1301.302     6.966
1304.177     6.318
1304.788     5.346
1305.583     4.131
1307.662     5.103
1308.468     6.399
1309.079     5.832
1311.985     4.941
1312.69     8.505
1314.686     8.748
1315.713     6.237
1316.181     5.184
1319.319     5.913
1319.377     6.642
1321.715     6.156
1323.052     5.751
1323.305     5.346
1326.48     6.885
1326.569     6.642
1328.586     6.318
1330.007     6.885
1330.412     7.209
1331.981     6.885
1333.766     7.047
1335.556     7.938
1337.267     7.047
1337.62     5.265
1339.058     5.67
1341.032     5.589
1341.127     4.617
1344.37     5.589
1344.644     7.047
1345.634     7.128
1348.192     7.938
1348.313     7.128
1351.236     7.533
1351.799     8.181
1352.636     6.804
1355.463     4.941
1355.595     5.103
1358.191     5.913
1359.075     5.427
1359.728     4.293
1361.797     5.589
1362.871     5.913
1365.304     7.371
1366.399     8.505
1366.825     8.019
1368.784     7.128
1370.09     5.427
1370.453     4.131
1373.57     4.536
1373.691     5.265
1375.665     5.67
1377.139     5.427
1377.571     4.779
1380.767     6.075
1380.972     6.642
1382.51     7.695
1384.531     6.804
1386.074     6.075
1387.917     6.642
1388.243     6.885
1389.528     6.804
1391.887     5.751
1393.124     6.237
1395.088     6.156
1395.646     5.508
1396.609     5.184
1399.115     6.318
1399.21     7.209
1402.09     8.019
1402.675     7.29
1403.596     6.561
1406.455     7.533
1406.523     6.156
1409.235     5.589
1410.082     5.427
1410.756     5.265
1413.747     5.589
1413.81     6.723
1416.269     7.29
1417.295     7.695
1417.838     7.29
1419.796     8.019
1421.065     7.128
1421.36     8.1
1424.566     5.913
1425.067     5.265
1426.799     6.075
1428.41     6.804
1428.61     6.156
1431.864     6.075
1432.101     6.966
1433.775     8.262
1435.465     6.399
1435.855     7.371
1437.287     8.505
1439.408     8.991
1440.825     7.047
1442.704     6.075
1443.168     5.751
1444.358     6.966
1446.679     6.318
1447.838     5.103
1449.802     4.86
1450.412     7.533
1451.323     8.019
1454.008     8.181
1454.798     8.586
1456.888     7.614
1457.704     7.776
1458.341     7.857
1461.29     6.885
1461.332     6.399
1464.001     4.617
1465.039     5.508
1465.544     5.427
1468.587     6.723
1468.677     7.452
1471.162     7.938
1472.362     8.667
1472.757     8.505
1475.958     7.29
1476.053     6.723
1478.122     5.994
1479.544     6.399
1479.991     4.617
1483.203     5.346
1483.371     7.047
1485.135     6.804
1486.883     6.075
1487.346     7.614
1488.842     7.776
1490.832     8.586
1494.243     8.343
1494.665     7.857
1496.028     6.966
1498.092     6.48
1498.629     6.399
1501.688     6.561
1502.162     6.399
1503.247     5.832
1505.295     6.885
1505.99     6.48
1506.758     8.1
1509.57     7.209
1509.67     7.371
1512.476     7.533
1513.176     7.614
1513.919     7.209
1515.983     6.48
1516.994     5.832
1519.552     5.751
1520.511     5.832
1520.59     7.047
1523.111     6.561
1524.233     6.804
1524.665     8.262
1527.734     7.452
1527.945     6.642
1530.061     7.371
1531.399     7.533
1531.857     7.938
1533.62     6.966
1535.347     6.561
1535.605     6.399
1538.775     6.156
1538.991     7.371
1540.707     6.723
1542.434     7.128
1542.934     8.019
1544.356     7.371
1546.525     7.695
1546.635     8.91
1549.752     9.234
1550.295     7.209
1551.337     6.804
1553.77     7.29
1553.928     5.832
1557.002     6.075
1557.566     7.29
1558.476     7.371
1560.582     6.885
1561.32     8.262
1562.136     9.558
1564.937     7.047
1565.031     6.966
1567.753     6.966
1568.622     6.804
1569.275     6.318
1571.344     6.48
1572.381     6.723
1572.86     7.209
1576.041     6.885
1576.146     6.075
1578.404     8.748
1579.568     9.558
1580.163     7.776
1583.306     8.019
1583.448     8.991
1585.56     7.857
1587.086     7.371
1587.487     7.695
1589.092     7.533
1590.861     8.181
1591.109     7.128
1594.363     7.047
1594.658     7.776
1596.184     8.829
1597.985     8.343
1598.533     7.452
1599.78     7.857
1602.165     7.533
1603.308     8.748
1605.846     7.29
1606.009     6.399
1608.994     8.019
1609.542     7.533
1610.521     6.237
1612.632     7.209
1613.296     7.209
1614.133     7.857
1616.971     9.153
1617.071     8.343
1619.798     8.262
1620.698     7.857
1621.33     8.991
1623.415     8.181
1624.536     7.614
1625.047     6.804
1628.117     4.941
1628.659     8.181
1630.665     8.748
1631.96     7.938
1632.376     7.695
1635.546     7.209
1635.709     7.29
1637.688     9.072
1639.152     8.424
1639.726     7.29
1641.416     9.801
1643.185     8.343
1643.448     5.751
1646.686     6.966
1646.944     9.234
1648.545     8.667
1650.388     6.318
1650.761     7.209
1652.051     8.424
1654.431     8.91
1654.584     8.829
1657.695     8.262
1658.138     8.262
1659.249     8.667
1661.802     7.128
1661.886     6.561
1664.972     9.234
1665.546     7.938
1666.514     4.86
1668.647     6.075
1669.436     8.181
1670.121     8.748
1673.032     9.315
1673.159     8.1
1675.891     7.776
1676.839     9.72
1677.487     5.427
1679.498     5.103
1680.746     7.29
1681.061     5.103
1684.184     7.209
1684.31     8.748
1686.658     6.561
1687.98     7.695
1688.469     9.639
1690.328     8.181
1691.871     7.776
1692.15     7.209
1695.445     6.723
1695.893     9.72
1697.483     9.558
1699.521     4.941
1699.726     5.994
1702.943     8.586
1703.227     7.695
1704.701     7.209
1706.57     7.857
1707.06     8.424
1708.224     7.533
1710.672     9.153
1711.893     8.991
1714.51     8.424
1714.568     8.991
1717.611     7.452
1718.253     6.561
1719.28     7.533
1721.344     7.614
1722.171     7.128
1722.913     8.1
1725.819     7.695
1725.93     6.885
1728.762     7.614
1729.61     8.505
1730.21     10.206
1732.264     9.396
1733.49     8.019
1733.954     7.047
1737.065     7.29
1737.581     6.966
1739.471     8.748
1740.972     7.29
1741.309     5.508
1744.568     6.399
1744.71     7.857
1746.7     9.396
1748.264     8.667
1748.754     8.748
1750.354     10.125
1752.365     8.829
1752.555     7.209
1755.782     5.994
1756.019     7.128
1757.567     7.614
1759.442     7.938
1759.963     6.561
1761.184     5.346
1763.569     8.829
1764.749     7.371
1766.765     8.1
1767.381     10.935
1768.392     9.477
1771.03     9.396
1771.182     9.477
1774.205     6.156
1774.915     6.642
1775.858     8.343
1777.885     8.748
1778.848     8.424
1779.517     6.642
1782.534     5.589
1782.618     8.1
1785.335     11.097
1786.335     10.368
1786.935     9.396
1788.968     9.315
1790.231     7.128
1790.652     6.075
1793.869     7.371
1794.012     8.343
1796.212     10.206
1797.56     9.153
1798.039     6.318
1799.808     7.29
1801.588     8.748
1801.814     8.91
1805.136     9.315
1805.426     8.991
1807.137     9.153
1809.243     7.047
1809.464     5.994
1812.65     8.019
1812.992     7.857
1814.508     6.804
1816.419     6.642
1816.814     7.047
1818.12     8.667
1820.679     9.558
1820.795     9.153
1823.822     10.287
1824.496     9.234
1827.602     8.505
1828.245     8.1
1829.145     7.857
1832.046     7.938
1832.193     8.1
1834.731     8.586
1835.837     7.938
1836.395     7.29
1838.417     7.29
1839.738     10.044
1840.128     10.935
1843.276     9.234
1843.503     8.424
1845.724     8.586
1847.156     8.019
1847.583     8.1
1849.436     8.343
1851.137     9.315
1851.363     8.424
1854.685     8.181
1854.954     8.1
1856.712     7.938
1858.513     8.667
1858.971     9.72
1860.298     11.097
1862.52     9.477
1862.636     9.477
1865.947     8.1
1866.384     6.561
1867.658     6.885
1869.701     8.748
1870.354     10.044
1873.471     8.748
1874.082     8.343
1875.082     7.857
1877.177     7.614
1877.962     8.505
1878.741     11.097
1881.663     10.368
1881.832     9.477
1884.548     7.776
1885.507     7.452
1886.165     7.452
1888.155     7.371
1889.366     8.829
1889.808     9.072
1893.094     7.452
1893.294     6.075
1895.573     9.234
1896.926     10.044
1897.469     8.505
1900.765     9.963
1901.023     9.396
1902.728     7.614
1904.466     6.885
1904.998     7.452
1906.525     7.209
1908.662     8.262
1908.878     8.1
1912.1     7.29
1912.453     7.614
1913.89     8.991
1915.896     8.829
1916.549     11.502
1917.671     11.745
1920.245     9.153
1920.398     7.533
1923.452     7.209
1924.041     6.318
1925.052     6.318
1927.853     8.748
1927.985     8.505
1930.844     9.072
1931.739     9.072
1932.502     9.72
1934.655     9.72
1935.787     11.421
1938.357     10.53
1939.552     9.396
1940.02     8.667
1943.185     5.022
1943.353     6.156
1945.659     10.044
1947.081     7.452
1947.534     9.072
1949.376     10.206
1951.093     9.477
1951.435     9.477
1954.773     10.044
1955.031     11.664
1956.805     9.153
1958.548     7.938
1959.122     6.156
1962.376     7.371
1962.718     7.533
1964.229     8.667
1966.177     8.262
1966.751     8.991
1968.036     10.449
1970.531     9.234
1970.694     8.505
1973.838     10.773
1974.396     10.044
1975.486     7.695
1977.592     6.642
1978.36     7.614
1979.229     7.533
1982.014     6.804
1982.146     6.642
1984.941     9.315
1985.863     10.692
1986.7     10.125
1988.78     9.72
1989.906     11.097
1990.454     10.854
1993.597     7.695
1994.25     8.829
1996.288     9.396
1997.651     7.29
1998.062     6.075
2001.305     9.558
2001.489     10.044
2001.884     8.991
2005.238     9.801
2005.717     10.854
2007.439     9.963
2009.271     10.206
2009.54     9.882
2012.893     9.558
2013.178     9.72
2014.931     7.452
2016.742     5.589
2017.216     8.019
2018.648     10.773
2020.87     9.72
2021.091     9.234
2024.303     9.963
2024.734     10.287
2026.098     9.477
2028.141     10.287
2028.741     11.178
2031.816     10.206
2032.442     8.262
2033.564     5.589
2035.67     7.614
2036.459     11.016
2037.249     8.667
2040.103     8.424
2040.335     10.611
2043.178     9.558
2044.078     7.371
2044.873     10.611
2046.942     13.203
2048.09     8.991
2048.606     6.966
2051.944     7.938
2052.36     8.1
2055.761     8.748
2055.898     8.667
2058.22     8.829
2059.557     10.368
2060.094     9.477
2061.911     8.1
2063.806     10.449
2064.064     11.421
2067.36     7.533
2067.607     7.938
2069.445     11.421
2071.261     10.773
2071.746     7.857
2073.193     8.181
2075.473     8.667
2076.963     9.153
2078.901     9.234
2079.453     9.153
2080.659     8.991
2083.218     9.963
2083.36     8.262
2086.445     8.586
2087.14     10.692
2088.172     9.558
2090.294     9.072
2091.11     9.234
2091.995     9.072
2094.848     7.047
2094.98     8.586
2097.87     10.044
2098.802     9.396
2099.645     9.396
2102.698     8.181
2102.888     8.1
2105.484     8.91
2106.595     9.963
2107.263     7.857
2109.259     6.399
2110.654     10.854
2111.054     11.097
2114.324     7.857
2114.592     9.477
2116.724     9.72
2118.288     8.91
2118.762     10.611
2120.542     10.854
2122.369     10.53
2122.637     9.396
2126.07     8.829
2126.359     8.748
2128.107     10.125
2129.971     8.829
2130.429     7.857
2131.756     10.206
2134.173     9.72
2135.631     7.695
2137.621     9.072
2138.295     11.097
2139.432     10.206
2141.975     10.611
2142.218     10.287
2145.292     10.206
2145.898     10.287
2147.056     9.72
2149.178     8.991
2150.026     10.287
2150.81     10.449
2153.822     7.209
2154.059     7.938
2156.833     8.991
2157.834     9.882
2158.613     9.639
2161.793     9.558
2161.982     9.801
2164.499     11.745
2165.668     11.178
2168.295     8.424
2169.585     8.343
2170.201     11.502
2172.107     9.963
2173.734     8.424
2174.071     8.991
2177.425     10.611
2177.63     11.664
2179.662     9.963
2181.289     9.882
2181.795     11.097
2185.175     10.206
2185.549     9.801
2187.139     6.318
2189.044     7.371
2189.66     11.664
2191.045     9.558
2193.388     8.1
2193.588     9.234
2196.742     11.583
2197.258     12.231
2198.495     11.097
2200.591     10.53
2201.438     10.935
2202.412     10.287
2205.155     6.885
2205.324     7.614
2208.356     11.745
2209.183     11.259
2209.947     10.287
2212.979     9.639
2213.132     9.801
2215.98     11.826
2216.991     10.611
2217.623     9.315
2219.692     11.421
2221.045     9.234
2221.577     7.533
2224.925     8.586
2225.126     9.639
2227.453     11.502
2228.853     9.801
2229.453     9.801
2231.233     11.502
2232.86     11.097
2233.207     10.044
2236.624     10.53
2236.882     11.988
2238.757     10.044
2240.573     8.343
2241.136     8.829
2242.568     8.829
2244.848     9.963
2245.069     11.259
2248.36     10.692
2248.786     10.125
2250.197     10.044
2252.23     11.826
2252.909     11.178
2256.052     8.019
2256.694     8.991
2257.916     11.502
2259.98     9.396
2260.854     7.614
2261.759     9.153
2264.655     11.259
2264.845     11.259
2267.746     8.667
2268.635     9.477
2269.415     10.692
2271.552     11.097
2272.711     11.745
2273.274     10.854
2276.501     7.452
2276.728     9.963
2279.171     11.502
2280.661     6.156
2281.114     7.128
2284.609     11.664
2284.994     10.692
2288.358     9.639
2288.585     11.826
2290.68     11.664
2292.249     10.854
2292.891     9.396
2294.534     10.53
2296.524     11.664
2296.793     11.259
2300.189     8.748
2300.605     8.586
2302.168     9.234
2304.069     10.854
2304.659     9.315
2307.954     11.259
2308.402     13.122
2309.808     10.854
2311.93     9.396
2312.719     10.692
2313.678     10.287
2316.378     9.639
2316.584     9.396
2319.706     8.829
2320.538     9.072
2321.375     10.287
2324.402     9.153
2324.587     9.234
2327.351     13.284
2328.351     13.203
2329.151     11.502
2331.263     11.745
2332.553     10.044
2333.032     8.829
2336.333     11.016
2336.57     10.368
2338.955     9.963
2340.555     9.396
2340.903     9.72
2344.241     10.287
2344.478     10.773
2346.626     12.231
2348.237     12.798
2348.779     12.069
2350.411     12.474
2352.475     11.178
2352.791     11.016
2356.082     9.153
2356.435     9.639
2358.072     9.72
2360.383     8.181
2360.578     8.829
2363.932     12.879
2364.432     13.041
2365.738     11.826
2367.839     12.474
2368.618     11.826
2369.66     11.421
2372.393     10.935
2372.582     10.449
2375.715     8.829
2376.399     9.153
2377.437     9.234
2379.632     9.72
2380.664     10.368
2381.407     11.016
2384.402     12.393
2384.608     12.474
2387.298     12.15
2388.593     12.15
2388.972     12.231
2392.279     10.449
2392.495     10.368
2394.795     9.315
2396.296     8.91
2396.78     8.262
2398.576     10.368
2400.587     12.717
2402.451     12.231
2404.657     12.312
2404.878     12.879
2408.179     12.555
2408.627     12.15
2410.29     11.259
2412.196     11.259
2412.839     11.016
2414.044     10.692
2416.619     8.343
2416.756     8.424
2419.862     8.262
2420.589     9.72
2421.678     11.664
2423.795     12.393
2424.816     13.284
2427.812     12.312
2428.755     10.611
2429.56     10.854
2431.582     11.097
2432.893     11.097
2433.446     10.206
2436.647     9.72
2436.857     9.558
2439.027     9.153
2440.564     10.044
2441.148     13.608
2442.875     14.499
2444.829     13.365
2445.224     12.717
2448.588     11.097
2448.967     10.773
2450.604     10.53
2453     10.53
2453.147     9.882
2456.491     9.558
2456.986     9.477
2458.291     11.097
2460.424     12.474
2461.166     11.502
2462.235     11.907
2464.93     12.393
2465.131     12.555
2468.274     11.178
2469.221     11.016
2470.101     9.639
2473.012     9.558
2473.275     10.53
2476.203     10.125
2477.108     9.801
2477.856     12.15
2479.978     11.988
2481.268     11.664
2481.831     12.393
2485.053     12.717
2485.796     12.474
2487.765     11.826
2489.339     8.991
2489.797     8.991
2493.167     8.829
2493.461     10.53
2495.583     11.583
2497.158     11.259
2497.774     11.907
2499.469     11.34
2501.512     11.016
2503.328     13.446
2505.16     13.608
2505.761     11.34
2507.203     9.153
2509.483     8.991
2509.767     8.991
2513.026     11.502
2513.547     10.935
2514.974     12.15
2517.001     11.907
2517.791     10.773
2518.891     12.231
2521.787     12.717
2522.661     12.15
2525.646     12.798
2526.673     10.935
2528.921     9.639
2529.89     9.396
2530.648     10.611
2533.77     11.178
2533.997     11.502
2536.761     11.988
2537.824     12.474
2538.588     11.745
2540.72     11.988
2542.068     11.826
2542.563     12.717
2545.911     11.907
2546.148     10.854
2548.449     9.315
2550.192     9.963
2550.566     11.502
2553.898     10.692
2554.177     10.044
2556.21     12.555
2557.91     13.689
2558.563     12.312
2560.195     11.421
2562.37     11.826
2562.633     11.826
2565.961     11.745
2566.371     11.178
2567.982     9.963
2569.946     9.72
2570.646     11.097
2573.974     11.502
2574.453     11.34
2575.764     14.337
2577.933     13.608
2578.802     11.502
2579.802     11.259
2582.693     11.664
2582.861     12.15
2585.936     10.449
2586.742     10.53
2587.684     10.449
2589.785     10.854
2590.938     9.477
2593.697     11.664
2594.729     12.393
2595.587     14.094
2597.661     12.069
2599.035     11.745
2599.509     13.041
2602.884     11.664
2603.142     11.583
2605.543     10.692
2607.07     11.097
2607.586     12.069
2610.987     11.178
2611.266     11.016
2613.356     10.287
2615.036     11.34
2615.704     12.069
2617.336     13.284
2619.437     13.284
2619.679     12.636
2623.107     10.206
2623.712     11.178
2625.071     12.717
2627.608     11.988
2627.803     10.935
2631.168     11.097
2631.631     10.53
2632.973     12.312
2635.116     14.175
2635.953     14.337
2636.854     13.203
2639.681     13.203
2640.845     11.583
2643.825     10.692
2644.014     12.069
2647.015     12.717
2647.947     11.259
2648.79     10.854
2650.98     10.935
2652.159     12.069
2654.892     13.284
2656.034     13.851
2656.824     12.474
2658.883     11.502
2660.373     12.231
2660.783     12.393
2664.179     11.259
2664.469     11.502
2666.775     12.312
2668.307     12.474
2669.028     11.421
2670.776     11.016
2672.74     11.988
2674.646     11.421
2676.426     11.097
2677.052     14.175
2678.595     13.689
2680.859     13.122
2681.027     12.393
2684.476     10.449
2684.907     10.611
2686.524     11.421
2688.577     12.474
2689.298     12.312
2690.473     11.745
2693.226     11.34
2694.411     12.555
2696.548     13.527
2697.433     14.337
2698.275     13.932
2701.313     12.798
2701.519     11.664
2704.488     10.53
2705.372     10.692
2706.404     11.502
2708.537     11.502
2709.832     11.988
2712.533     12.15
2713.707     11.259
2714.444     11.907
2716.492     12.636
2718.003     14.337
2718.482     14.175
2721.852     11.988
2722.12     11.988
2724.427     12.231
2725.906     12.312
2726.59     11.988
2729.986     11.583
2730.334     11.826
2732.298     12.798
2734.056     13.122
2734.714     12.474
2736.215     12.636
2738.516     14.418
2738.779     14.661
2742.227     13.365
2742.696     12.474
2744.239     11.502
2746.813     11.583
2747.055     11.016
2750.262     12.879
2750.899     13.608
2752.131     12.879
2754.305     13.689
2755.169     12.96
2756.127     12.393
2759.118     12.96
2760.118     14.256
2763.209     14.661
2764.204     12.798
2766.389     11.34
2767.563     10.449
2768.221     11.097
2771.427     12.474
2771.706     14.337
2774.36     14.742
2775.808     12.879
2776.282     13.284
2779.804     13.527
2780.051     15.795
2782.315     14.418
2783.842     12.231
2784.484     9.801
2787.875     13.041
2788.191     12.879
2790.281     12.15
2791.961     12.393
2792.671     12.96
2794.293     12.798
2796.583     12.798
2796.862     12.636
2800.211     13.851
2800.895     14.58
2802.248     13.284
2804.739     11.259
2805.049     11.016
2808.356     11.988
2808.935     11.178
2810.172     12.879
2812.984     14.175
2813.21     12.717
2816.327     13.041
2817.101     12.96
2818.207     13.608
2820.386     13.851
2821.418     13.77
2822.192     13.608
2825.378     13.203
2825.551     11.988
2828.4     10.449
2829.805     11.826
2830.364     12.393
2833.586     13.689
2833.812     13.284
2836.45     13.77
2837.771     14.175
2838.466     14.337
2840.399     13.932
2842.162     13.365
2842.584     13.122
2846.101     12.312
2846.39     11.502
2848.533     11.664
2850.597     11.502
2850.971     11.583
2854.304     13.77
2854.646     14.58
2856.483     12.798
2858.405     12.069
2859.058     12.636
2860.464     13.041
2863.022     14.013
2864.497     13.851
2866.571     12.879
2867.371     11.502
2868.414     11.583
2871.294     12.636
2871.52     12.879
2874.658     13.446
2875.432     13.77
2876.453     14.337
2878.67     14.742
2879.844     12.474
2880.576     13.041
2883.666     12.555
2884.572     12.555
2887.889     13.365
2888.463     12.069
2890.348     11.421
2892.243     11.745
2892.638     13.932
2896.092     13.365
2896.418     13.527
2898.419     12.798
2900.177     13.122
2900.862     13.932
2904.232     13.041
2904.679     12.798
2906.369     12.717
2908.307     12.96
2909.07     12.474
2910.407     11.421
2912.982     11.745
2913.219     12.393
2916.536     14.418
2917.357     11.988
2918.384     13.527
2921.338     13.77
2921.506     12.474
2924.554     12.636
2925.413     12.96
2926.508     11.826
2928.698     12.879
2929.93     12.312
2930.657     12.393
2933.795     13.041
2934.052     13.527
2936.717     13.932
2938.154     15.147
2938.749     14.985
2942.134     13.851
2942.35     13.203
2944.872     12.879
2946.283     12.96
2946.952     12.555
2948.826     12.393
2950.716     12.798
2953.038     13.203
2954.633     13.284
2955.386     13.851
2957.05     14.661
2959.172     14.742
2959.44     14.256
2962.91     13.041
2963.268     13.041
2964.984     13.284
2967.485     12.15
2967.759     11.907
2971.113     12.96
2971.634     12.96
2973.129     12.312
2975.251     13.203
2976.036     14.013
2979.353     13.932
2980.016     13.284
2981.258     13.446
2983.407     12.069
2984.528     12.555
2985.392     12.393
2988.414     12.474
2988.708     11.745
2991.641     12.798
2992.831     11.826
2993.531     12.312
2996.848     14.337
2997.106     14.175
2999.702     13.203
3003.824     16.038
3002.092     14.661
3000.586     13.932
3000.423     14.58
2999.012     14.094
2997.275     12.96
2997.28     12.798
2994.337     14.58
2994.121     14.58
2993.026     15.066
2991.346     14.58
2991.167     15.228
2990.067     15.471
2987.961     15.39
2987.103     15.633
2985.223     14.499
2984.828     13.932
2984.065     13.446
2981.622     13.284
2981.674     13.527
2979.068     15.066
2978.463     15.309
2977.984     14.256
2976.083     13.932
2975.356     15.228
2974.888     15.147
2972.108     14.985
2972.092     14.58
2969.944     13.527
2968.938     14.418
2968.659     14.337
2965.79     14.094
2965.648     14.175
2963.868     14.904
2962.62     16.119
2962.405     16.038
2959.514     15.228
2959.303     14.256
2957.808     14.175
2956.292     14.337
2956.202     14.175
2953.259     14.58
2953.096     14.985
2951.806     14.904
2949.837     13.284
2949.774     14.337
2946.857     15.471
2946.588     15.39
2945.541     16.362
2943.619     15.795
2943.361     14.094
2942.55     14.337
2940.149     13.608
2940.144     14.175
2937.575     14.499
2937.054     14.58
2936.295     15.309
2933.737     14.418
2933.779     14.256
2931.283     16.605
2930.562     15.714
2930.083     14.661
2928.177     15.066
2927.355     14.499
2926.992     13.689
2924.175     13.932
2924.181     14.094
2922.017     13.446
2920.974     14.418
2920.685     14.094
2919.026     14.499
2917.426     15.714
2915.772     16.362
2914.382     15.957
2912.687     16.362
2911.202     14.823
2911.023     12.474
2909.654     13.365
2907.833     16.119
2907.706     16.281
2904.779     14.013
2904.553     13.77
2903.368     15.066
2901.278     15.957
2901.278     16.2
2898.482     14.742
2898.135     14.985
2897.208     15.228
2895.26     15.795
2894.807     15.228
2892.027     14.175
2891.543     13.446
2890.811     13.932
2888.852     15.552
2888.21     15.633
2887.684     16.119
2884.956     14.58
2884.43     14.823
2882.471     15.471
2881.608     17.496
2881.187     17.658
2878.359     14.904
2878.349     13.851
2876.222     13.365
2875.116     14.175
2874.769     15.876
2871.794     13.932
2871.757     14.175
2869.798     16.281
2868.472     16.767
2868.314     17.172
2866.766     17.091
2865.197     14.985
2863.696     15.39
2862.106     15.066
2861.848     14.742
2860.453     14.175
2858.547     13.041
2858.452     12.879
2855.525     17.01
2855.214     17.253
2854.13     17.172
2851.976     14.742
2851.924     14.823
2849.081     16.929
2848.712     16.038
2847.77     15.147
2845.79     14.661
2845.321     13.77
2844.637     13.041
2842.115     14.094
2841.431     16.767
2839.398     16.119
2838.677     15.228
2838.108     15.633
2835.376     16.848
2835.328     17.172
2832.98     15.552
2832.012     14.499
2831.701     14.661
2828.805     14.094
2828.7     14.418
2826.662     14.418
2825.414     14.742
2825.135     14.094
2822.134     16.281
2821.797     17.496
2818.849     16.2
2818.659     14.661
2817.138     16.2
2815.49     16.686
2815.243     15.714
2812.199     14.823
2811.92     14.418
2810.757     13.77
2808.977     13.689
2808.582     15.633
2807.571     15.957
2805.239     16.443
2805.186     16.605
2802.391     15.714
2801.869     15.957
2801.132     16.362
2798.463     14.823
2798.421     14.661
2795.915     14.499
2795.193     14.337
2794.525     14.742
2792.571     14.58
2791.729     14.094
2789.297     16.119
2788.412     15.633
2788.007     16.929
2786.09     17.01
2785.016     15.228
2784.7     14.742
2781.678     15.957
2781.389     15.876
2779.651     15.795
2778.324     12.879
2778.056     14.499
2774.986     16.362
2774.713     16.929
2773.196     16.929
2771.596     16.038
2771.464     15.309
2768.331     15.633
2768.094     16.038
2766.683     16.2
2764.956     15.309
2764.725     13.608
2761.703     14.823
2761.408     15.39
2760.271     15.471
2758.37     16.362
2757.859     16.281
2756.943     16.605
2754.569     17.334
2753.716     15.957
2751.673     16.119
2751.167     15.309
2750.451     14.742
2747.714     13.932
2747.666     14.823
2745.134     14.661
2744.265     16.362
2743.754     16.038
2740.895     16.119
2740.838     16.362
2738.463     16.605
2737.431     17.01
2737.131     16.848
2734.077     15.471
2734.03     14.013
2731.998     13.77
2730.771     13.689
2730.413     15.714
2727.317     15.714
2727.17     15.39
2725.511     16.524
2723.99     16.281
2723.653     16.929
2720.341     17.415
2720.172     17.739
2717.187     16.443
2716.929     15.309
2715.602     14.499
2713.802     13.608
2713.412     14.985
2710.416     16.119
2710.069     16.524
2709.079     15.957
2707.047     15.633
2706.504     16.524
2703.735     17.415
2703.145     16.686
2702.356     16.929
2700.35     15.552
2699.702     15.228
2699.018     16.038
2696.269     14.904
2695.653     15.633
2693.668     16.686
2692.789     17.091
2692.31     16.2
2689.446     15.957
2688.967     17.253
2687.156     17.496
2685.966     15.714
2685.671     15.471
2682.638     15.714
2682.359     14.175
2680.664     14.013
2679.158     14.661
2678.921     15.471
2675.752     16.119
2675.641     15.876
2673.967     16.362
2672.192     16.605
2672.087     15.957
2668.965     16.686
2668.681     16.119
2667.359     15.147
2665.29     15.228
2665.211     14.661
2662.247     14.499
2661.873     16.038
2660.767     15.795
2658.419     16.848
2658.393     17.658
2655.476     16.524
2654.929     16.362
2654.091     15.471
2652.043     15.471
2651.443     16.2
2648.805     14.661
2647.989     14.175
2647.373     15.309
2645.336     14.499
2644.441     15.876
2644.019     16.038
2641.05     16.686
2640.602     16.362
2638.686     17.01
2637.38     16.848
2637.112     16.524
2634.116     15.876
2634.032     14.985
2632.099     16.767
2630.552     15.633
2630.362     15.309
2627.245     14.094
2627.077     14.985
2625.466     15.309
2623.654     16.848
2623.475     17.658
2620.427     16.524
2620.111     16.119
2617.015     13.851
2616.684     14.661
2615.404     16.848
2613.156     15.309
2613.061     14.904
2610.165     14.904
2609.628     15.39
2608.754     16.119
2606.159     17.496
2606.069     17.739
2603.321     17.01
2602.663     17.82
2601.957     16.524
2599.909     15.795
2599.072     16.767
2596.587     14.175
2595.718     14.256
2595.129     14.256
2593.128     15.228
2592.17     16.119
2589.869     16.848
2588.7     17.172
2588.279     17.172
2586.468     17.172
2585.072     17.415
2584.878     16.767
2581.698     14.499
2581.361     14.499
2579.718     15.876
2578.033     16.524
2577.902     15.309
2574.716     16.767
2574.453     17.901
2573.026     17.982
2571.068     17.091
2570.904     16.929
2567.735     16.848
2567.408     16.2
2566.182     14.58
2563.944     14.823
2563.897     14.499
2560.948     14.499
2560.474     15.471
2559.495     18.954
2557.015     17.415
2556.899     17.253
2554.067     16.929
2553.382     17.091
2552.624     16.443
2550.592     16.362
2549.797     16.038
2547.207     15.876
2546.343     14.661
2545.79     14.904
2543.742     15.39
2542.679     16.848
2542.3     16.848
2539.183     17.82
2538.841     17.577
2536.977     17.253
2535.618     16.119
2535.371     15.633
2532.175     15.795
2532.043     16.767
2530.206     15.066
2528.505     14.742
2528.284     14.418
2525.146     15.876
2524.899     15.795
2523.314     16.929
2521.361     17.82
2521.203     17.091
2518.117     15.957
2517.844     16.443
2514.653     16.038
2514.248     16.2
2513.147     16.605
2510.768     16.443
2510.683     16.2
2507.703     15.471
2507.019     16.929
2506.192     17.658
2503.633     17.982
2503.507     16.929
2500.806     15.633
2500.09     15.228
2499.458     16.767
2496.552     15.957
2496.436     17.01
2493.925     15.633
2492.919     13.851
2492.445     15.066
2489.339     18.144
2489.249     17.739
2487.043     16.443
2485.79     16.2
2485.411     17.982
2483.632     17.01
2482.158     16.686
2480.225     17.415
2478.735     17.739
2478.372     15.228
2476.771     14.256
2475.008     16.686
2473.444     17.172
2471.764     17.253
2471.222     16.929
2469.937     17.334
2467.737     16.929
2467.663     17.739
2464.557     16.767
2464.03     15.633
2462.972     16.929
2460.582     15.957
2460.466     16.281
2457.528     16.281
2456.996     16.281
2456.091     18.387
2453.447     18.063
2453.411     18.306
2450.652     17.82
2449.915     17.496
2449.193     16.929
2447.129     16.524
2446.166     15.714
2443.723     15.795
2442.77     16.524
2442.207     16.443
2440.18     16.038
2439.048     17.253
2436.71     18.306
2435.499     17.982
2435.12     17.82
2433.309     18.225
2431.866     16.767
2431.608     16.281
2428.433     16.443
2428.112     15.957
2426.475     16.038
2424.627     16.2
2424.479     16.848
2421.236     18.225
2420.984     17.01
2419.436     17.01
2417.366     18.225
2417.235     18.306
2414.076     17.577
2413.676     17.496
2412.496     16.362
2410.064     16.686
2408.979     16.605
2406.436     16.038
2406.384     16.524
2403.493     18.792
2402.898     17.82
2402.087     16.686
2399.297     18.954
2399.202     18.387
2396.475     17.091
2395.606     17.739
2394.98     17.82
2392.01     16.119
2391.931     15.876
2389.536     15.876
2388.462     16.767
2387.914     17.334
2386.024     16.686
2384.629     16.362
2382.502     16.929
2381.149     17.334
2380.754     18.306
2379.016     18.063
2377.342     17.334
2375.589     16.281
2373.978     15.876
2373.583     17.091
2372.103     17.172
2370.208     16.767
2368.639     17.334
2366.822     17.415
2366.322     17.172
2365.096     16.686
2362.884     17.01
2361.679     18.792
2359.73     17.577
2359.099     15.957
2358.083     16.281
2355.54     16.2
2355.455     16.767
2352.47     17.415
2351.786     17.982
2351.022     18.387
2348.237     17.496
2348.121     16.119
2345.41     16.443
2344.499     16.848
2343.92     17.82
2340.945     17.091
2340.887     16.119
2338.355     16.119
2337.296     16.362
2336.812     17.658
2333.6     17.334
2333.495     16.605
2331.326     17.334
2330.02     18.144
2329.494     17.172
2326.366     17.172
2326.171     17.01
2324.265     16.686
2322.718     16.362
2322.296     15.39
2320.769     15.714
2318.89     16.767
2317.258     17.496
2315.478     18.144
2314.989     16.767
2313.709     16.362
2311.482     16.767
2310.171     16.524
2308.234     17.253
2307.665     17.253
2306.617     16.2
2304.106     16.848
2303.058     17.901
2300.362     16.848
2299.462     17.334
2297.414     18.144
2296.598     18.63
2295.903     17.658
2293.018     16.119
2292.976     15.228
2290.317     17.334
2289.359     17.253
2288.732     16.119
2285.647     17.01
2285.52     17.172
2283.204     16.848
2281.966     17.334
2281.572     17.172
2279.692     17.415
2278.26     17.82
2276.154     17.739
2274.732     17.172
2274.385     15.876
2272.69     16.362
2270.826     17.091
2269.104     18.468
2267.461     17.172
2266.988     17.253
2265.54     17.334
2263.386     17.577
2261.965     18.225
2260.143     18.873
2259.648     16.443
2258.448     16.605
2256.115     16.686
2254.899     15.714
2252.919     16.362
2252.182     18.468
2249.15     17.334
2248.586     18.063
2247.765     17.901
2245.643     17.739
2244.827     18.711
2244.122     19.197
2241.226     17.658
2240.505     15.633
2238.456     16.038
2237.43     16.605
2236.877     16.767
2233.792     16.038
2233.239     17.334
2231.254     17.82
2229.885     17.82
2229.532     18.144
2226.384     18.468
2226.226     18.468
2224.062     16.686
2222.435     17.739
2222.219     17.577
2219.029     16.2
2218.744     16.281
2216.965     16.362
2215.122     17.658
2214.917     18.63
2211.694     18.306
2211.384     18.549
2209.889     18.711
2207.625     17.82
2207.498     17.253
2204.35     17.334
2203.918     17.091
2202.728     16.2
2200.717     15.957
2200.054     17.172
2197.037     17.496
2196.384     17.253
2193.367     18.387
2192.646     19.359
2191.824     18.063
2188.934     17.253
2188.86     17.496
2186.175     18.144
2185.148     16.929
2184.611     16.686
2181.537     16.281
2181.452     16.767
2178.973     17.739
2177.804     17.577
2177.256     18.468
2174.034     19.035
2173.913     17.415
2171.791     17.82
2170.385     17.172
2169.896     16.524
2166.658     17.334
2166.41     17.172
2164.546     17.091
2162.846     18.306
2162.425     17.334
2159.171     17.658
2158.865     17.496
2157.297     18.387
2155.448     17.658
2154.906     17.091
2151.731     17.739
2151.326     18.063
2150.115     17.091
2148.109     16.362
2147.451     16.686
2144.466     17.658
2143.797     17.577
2142.67     17.334
2139.964     18.468
2139.854     18.711
2137     17.496
2136.147     17.334
2135.473     18.225
2132.514     18.306
2132.398     17.496
2129.713     16.605
2128.681     15.957
2128.118     16.929
2125.017     16.848
2124.822     17.334
2122.516     19.035
2121.168     19.278
2120.842     17.901
2117.477     18.144
2117.24     17.982
2115.282     17.334
2113.539     17.982
2113.302     18.225
2110.033     16.767
2109.553     16.524
2108.032     17.415
2106.068     18.954
2105.857     18.225
2102.572     18.306
2102.114     17.496
2100.803     17.01
2098.386     16.686
2097.139     17.172
2095.143     17.901
2094.485     17.901
2093.464     17.658
2090.826     17.415
2089.762     17.415
2087.651     18.306
2086.856     18.306
2083.966     18.387
2083.049     17.658
2080.291     17.658
2079.248     17.253
2078.732     17.982
2075.678     18.144
2075.141     17.496
2073.135     18.144
2071.751     17.577
2069.387     17.415
2068.155     17.901
2067.565     18.954
2064.296     18.144
2064.169     17.334
2062.032     17.82
2060.521     18.387
2060.036     18.306
2056.782     19.359
2056.493     18.711
2054.719     17.901
2052.981     17.901
2052.555     18.144
2049.196     18.063
2048.885     17.415
2047.395     18.306
2045.031     19.602
2044.852     18.711
2041.667     17.901
2041.056     18.387
2040.024     18.549
2037.455     17.334
2036.381     17.253
2034.264     17.982
2033.516     19.359
2030.726     17.334
2029.799     17.82
2029.178     18.63
2027.056     18.144
2025.877     19.035
2023.455     18.549
2022.27     17.901
2021.639     16.443
2018.306     17.82
2018.185     18.225
2015.963     20.088
2014.294     17.415
2013.967     17.172
2010.782     18.954
2010.514     18.549
2008.587     17.82
2006.707     18.873
2006.47     18.387
2003.1     17.172
2002.648     16.443
2001.258     16.038
1998.967     18.549
1998.804     19.197
1996.361     18.225
1995.029     18.387
1994.64     17.982
1991.433     16.605
1990.917     18.144
1989.132     17.901
1987.427     17.334
1987.226     16.605
1983.873     17.577
1983.309     17.982
1981.703     17.334
1979.655     17.82
1978.076     20.007
1976.275     19.278
1975.728     16.362
1974.433     16.929
1972.032     17.982
1968.604     18.063
1967.946     18.711
1966.956     18.144
1964.361     17.982
1964.224     17.334
1961.186     17.496
1960.343     18.063
1959.485     18.549
1956.689     17.982
1955.784     17.658
1953.683     16.929
1952.62     17.01
1949.956     17.091
1948.966     17.901
1948.329     17.901
1945.196     17.01
1945.054     16.929
1942.569     19.197
1941.395     17.658
1940.816     17.496
1937.425     19.602
1936.925     17.415
1935.182     16.848
1933.392     17.172
1933.102     17.01
1929.806     17.577
1929.222     19.764
1927.674     19.602
1925.6     17.982
1923.978     18.225
1922.109     17.415
1921.572     17.577
1918.276     18.144
1917.813     18.873
1916.512     18.387
1914.464     18.225
1913.822     17.334
1910.6     18.549
1910.052     19.521
1909.025     17.739
1906.235     17.172
1906.098     17.658
1903.208     18.468
1902.186     18.549
1901.528     19.035
1898.469     19.197
1898.327     18.873
1895.705     16.848
1894.584     17.01
1894.004     17.334
1890.756     19.116
1890.156     19.683
1888.139     19.197
1886.776     18.387
1886.37     17.982
1883.08     19.116
1882.553     18.63
1879.241     18.225
1879.041     18.306
1877.009     17.01
1875.414     17.334
1874.919     18.711
1871.565     17.82
1871.254     17.334
1869.375     17.739
1867.269     18.954
1867.048     19.035
1863.662     18.225
1863.136     17.658
1861.935     19.116
1859.429     18.711
1859.298     17.577
1856.175     18.063
1854.464     18.225
1852.411     19.764
1851.563     19.197
1848.504     18.792
1847.762     19.683
1846.909     19.521
1843.897     18.063
1843.713     18.306
1840.96     18.225
1839.991     17.82
1839.38     17.658
1836.158     18.225
1835.51     19.359
1833.494     18.063
1832.056     19.035
1831.619     19.683
1828.281     20.574
1827.771     20.007
1825.912     18.711
1824.18     17.658
1822.106     17.82
1820.516     17.901
1820.015     17.82
1818.336     17.901
1816.388     18.711
1814.577     17.577
1812.776     18.063
1812.286     19.197
1808.964     19.845
1808.569     18.711
1807.069     17.091
1804.636     17.82
1804.463     17.982
1801.23     18.144
1800.535     18.792
1799.545     18.225
1796.834     16.281
1795.807     18.144
1793.685     18.873
1792.716     19.602
1789.747     19.197
1788.926     19.521
1788.199     19.116
1785.066     17.091
1784.94     17.091
1782.244     19.116
1781.16     19.602
1780.517     18.387
1777.285     17.82
1776.584     19.926
1774.615     19.926
1773.094     19.116
1772.751     19.278
1769.445     20.331
1768.824     18.063
1767.102     16.767
1765.196     17.253
1763.285     17.739
1761.526     18.549
1761.074     20.574
1757.678     18.63
1757.167     16.281
1755.724     17.01
1753.366     19.845
1753.166     19.926
1749.833     19.278
1749.185     18.063
1746.011     17.739
1745.416     18.792
1744.215     17.658
1742.083     17.253
1741.235     18.954
1737.518     20.088
1737.381     19.359
1734.385     18.792
1733.443     20.25
1732.732     19.44
1729.726     17.172
1728.931     18.468
1726.851     19.845
1725.661     19.116
1722.992     17.739
1721.792     18.225
1721.107     17.982
1717.848     19.845
1717.569     19.764
1715.384     20.493
1713.92     20.412
1713.31     18.468
1709.893     17.577
1709.629     18.144
1707.702     19.602
1705.67     18.63
1705.481     17.982
1702.106     18.063
1701.758     18.063
1700.131     17.982
1697.767     19.764
1697.583     20.574
1694.261     20.574
1693.613     17.577
1692.465     16.767
1689.77     17.334
1688.611     18.711
1686.5     18.468
1685.668     18.954
1682.557     18.144
1681.872     18.549
1680.93     18.387
1677.924     18.954
1677.776     19.845
1674.97     20.088
1673.954     19.44
1673.117     18.144
1670.01     17.901
1669.326     17.982
1667.293     18.873
1665.893     18.549
1665.445     17.982
1662.118     19.035
1661.549     18.954
1658.332     19.845
1658.032     20.007
1655.768     19.926
1654.215     18.873
1653.673     17.091
1650.335     17.658
1650.035     17.982
1648.124     19.44
1645.928     19.197
1645.707     19.035
1642.322     18.711
1641.785     19.359
1640.416     19.278
1638.025     20.817
1637.773     21.222
1634.487     18.792
1633.713     17.253
1630.675     19.44
1630.07     19.197
1628.933     19.683
1626.758     19.521
1625.916     18.63
1622.883     19.683
1621.957     19.683
1619.003     20.412
1617.802     18.873
1617.208     18.468
1614.054     17.658
1613.875     17.496
1611.284     18.711
1609.905     19.278
1609.368     19.035
1606.004     19.278
1605.403     18.549
1603.492     18.306
1601.881     20.007
1599.649     20.331
1598.143     20.817
1597.648     20.088
1595.895     18.387
1593.831     17.82
1591.967     17.415
1590.256     17.334
1589.582     20.25
1586.191     20.736
1585.828     20.331
1584.249     20.088
1581.732     19.278
1581.532     18.792
1578.262     18.792
1577.594     20.088
1576.478     18.792
1573.761     17.982
1572.518     18.387
1570.375     19.035
1569.549     19.197
1568.754     20.412
1565.7     20.817
1564.789     19.845
1562.609     18.954
1561.588     18.954
1558.75     19.44
1557.703     19.44
1557.002     19.278
1553.712     18.549
1553.517     18.63
1550.969     19.116
1549.526     18.873
1549.105     18.711
1545.704     18.954
1545.098     20.331
1543.192     20.007
1541.481     19.602
1539.459     20.007
1537.753     19.683
1537.237     18.873
1533.815     18.549
1533.462     17.658
1531.62     18.792
1529.356     20.655
1529.129     21.141
1525.702     19.683
1525.123     20.169
1523.891     21.06
1521.306     21.384
1519.937     18.387
1517.82     18.387
1517.13     19.359
1513.982     19.197
1513.25     18.549
1512.155     17.01
1509.196     18.63
1509.038     20.331
1506.095     19.845
1504.347     19.845
1502.162     20.169
1500.925     20.412
1498.255     19.683
1497.144     18.873
1496.423     17.172
1494.391     16.929
1492.911     18.549
1490.5     20.331
1488.936     19.683
1488.599     19.926
1485.082     20.817
1484.461     20.25
1482.676     19.197
1480.733     19.602
1478.838     19.683
1477.085     19.035
1476.453     18.63
1473.083     17.82
1472.668     19.359
1471.056     20.169
1468.608     19.116
1468.419     19.278
1465.17     19.521
1464.412     21.06
1463.259     20.898
1460.516     19.521
1459.3     19.116
1457.199     18.792
1456.256     17.172
1455.33     17.091
1452.36     18.387
1451.392     21.222
1449.228     22.113
1448.196     19.845
1445.337     20.412
1444.321     20.655
1443.478     20.493
1440.214     19.926
1439.982     19.602
1437.497     17.334
1435.955     16.686
1435.507     17.901
1432.159     19.845
1431.458     20.169
1429.647     20.574
1427.868     22.437
1427.531     21.303
1423.993     18.711
1423.45     21.222
1420.049     19.116
1419.67     19.197
1417.875     18.792
1415.995     18.711
1415.405     19.683
1411.925     19.278
1411.272     22.275
1410.019     22.275
1407.439     21.708
1407.187     20.736
1403.97     18.954
1403.248     19.602
1402.159     19.359
1399.279     19.926
1398.199     19.035
1395.951     18.711
1394.956     18.63
1391.955     20.736
1391.128     20.574
1390.197     21.06
1387.022     20.898
1386.811     20.331
1383.026     19.683
1382.241     19.845
1380.156     20.331
1378.729     19.116
1376.302     17.982
1374.918     17.739
1374.365     19.116
1370.906     21.303
1370.674     21.465
1368.463     20.25
1366.578     20.493
1366.241     20.655
1362.782     19.035
1362.276     19.116
1360.744     19.278
1358.459     18.63
1356.716     19.602
1354.768     19.845
1354.115     20.817
1350.788     19.602
1350.277     20.817
1348.845     20.979
1346.186     20.493
1346.013     19.359
1342.78     19.035
1341.901     19.683
1340.942     20.25
1337.952     19.116
1336.894     20.007
1334.719     19.359
1333.645     20.007
1330.676     20.574
1329.66     20.574
1328.77     20.979
1325.563     20.493
1325.358     20.331
1322.826     19.359
1321.351     19.845
1320.82     20.25
1317.497     18.144
1317.224     18.468
1314.886     20.331
1313.201     20.736
1311.043     21.06
1309.426     21.546
1308.731     20.655
1306.983     20.493
1304.893     19.683
1303.098     19.683
1301.313     19.197
1300.623     18.306
1297.217     19.278
1296.722     19.278
1295.242     19.683
1292.678     22.032
1292.399     22.275
1289.14     20.817
1288.387     19.44
1287.297     19.845
1284.575     20.088
1283.37     18.549
1281.169     17.82
1280.253     18.954
1277.194     17.901
1276.288     18.711
1275.372     19.926
1272.182     20.331
1271.992     19.359
1269.207     20.088
1267.87     21.222
1267.317     20.007
1263.758     18.711
1261.257     19.683
1259.94     20.412
1259.182     20.088
1255.86     18.225
1255.623     18.387
1253.359     20.655
1251.406     21.465
1251.101     21.384
1247.626     22.68
1246.915     19.44
1245.351     20.007
1243.114     19.359
1242.861     19.845
1239.46     18.63
1238.791     19.278
1237.448     19.278
1234.853     19.845
1233.442     20.169
1231.373     20.169
1230.593     22.032
1227.308     21.708
1226.676     20.169
1225.386     19.845
1222.533     19.845
1221.443     18.225
1219.221     17.982
1218.215     19.44
1215.283     19.764
1214.277     19.278
1213.461     19.44
1210.17     20.412
1209.986     20.412
1207.348     20.898
1205.843     19.845
1205.3     19.764
1202.041     18.711
1201.251     18.144
1197.856     17.739
1197.577     19.197
1195.239     20.088
1193.728     20.25
1193.101     20.331
1189.632     21.384
1188.931     20.088
1187.331     19.926
1185.125     20.655
1183.308     19.359
1181.466     18.306
1180.813     18.063
1177.359     18.63
1176.927     18.711
1175.385     19.44
1172.72     20.817
1172.489     20.331
1169.267     18.873
1168.482     21.546
1167.419     21.951
1164.523     19.035
1163.475     18.63
1161.216     19.035
1160.169     18.549
1157.204     19.764
1156.273     21.06
1155.42     20.979
1152.203     20.493
1151.95     20.493
1149.154     21.465
1147.77     21.384
1147.222     21.06
1143.842     19.44
1141.088     20.979
1139.646     20.412
1139.019     16.929
1135.576     20.493
1135.002     19.845
1133.175     19.359
1131.18     21.384
1129.132     21.789
1127.394     20.493
1126.667     19.926
1123.229     19.764
1122.856     19.359
1121.097     19.683
1118.786     19.683
1118.549     19.521
1115.074     19.359
1114.311     20.169
1113.105     20.412
1110.425     21.465
1109.114     19.764
1106.903     19.035
1106.044     20.169
1102.917     19.683
1102.169     19.359
1100.959     18.792
1097.894     19.683
1097.678     20.088
1094.714     20.25
1093.514     18.873
1092.845     21.546
1089.507     22.518
1088.696     19.278
1086.585     19.683
1085.148     19.764
1082.863     19.035
1081.294     20.088
1080.699     20.898
1077.208     19.035
1076.824     18.873
1074.881     20.655
1072.606     20.169
1070.895     20.25
1068.942     19.683
1068.242     19.926
1066.847     20.007
1064.272     19.359
1062.856     19.359
1060.06     18.954
1059.786     19.278
1056.654     20.331
1056.043     19.845
1054.748     19.44
1051.799     20.169
1050.73     20.817
1048.556     20.088
1047.408     20.574
1044.381     19.926
1043.428     19.521
1042.506     20.088
1039.29     19.521
1039.116     19.44
1036.436     20.655
1034.941     20.25
1032.408     18.549
1030.992     19.602
1030.302     21.87
1026.848     19.926
1026.538     19.602
1024.363     18.711
1022.436     19.602
1022.084     19.521
1018.235     19.521
1016.35     20.25
1014.502     19.602
1013.802     19.602
1010.221     20.979
1009.763     20.655
1008.242     21.06
1005.704     20.331
1005.488     20.088
1002.098     20.169
1001.255     19.035
1000.16     20.331
997.391     20.412
996.132     20.007
993.916     20.007
992.973     20.331
989.862     21.222
989.014     21.465
987.998     21.303
984.807     21.06
984.597     20.655
981.738     21.303
980.385     18.954
977.673     20.655
976.447     21.465
975.667     19.683
973.63     19.359
971.992     21.06
969.528     20.736
967.796     21.141
967.454     21.789
964.011     19.845
963.368     20.574
961.647     21.06
959.514     19.359
957.571     20.088
955.723     20.412
954.992     19.764
951.527     20.25
951.148     20.979
949.548     20.007
946.868     21.789
946.615     22.032
943.266     21.627
942.461     20.979
941.35     20.25
938.407     18.468
937.333     19.845
935.174     21.465
934.184     21.06
930.983     20.898
929.909     21.546
926.871     22.437
925.892     21.465
925.007     20.979
922.822     21.627
921.501     19.359
918.758     19.035
917.284     19.602
916.805     20.817
913.309     22.194
913.014     21.708
910.539     20.736
908.718     20.979
906.459     21.87
904.848     21.384
904.216     20.817
900.757     20.655
900.367     20.979
898.403     19.683
895.855     18.792
894.386     19.683
891.885     20.331
890.306     22.194
888.268     22.356
887.468     22.194
884.109     23.085
883.451     22.68
882.135     20.574
879.291     20.655
879.065     20.007
875.932     19.035
874.916     18.144
871.826     19.926
870.931     20.898
869.92     21.789
866.745     21.546
866.476     22.032
863.544     21.465
862.164     20.898
861.659     21.06
858.174     20.493
857.384     20.412
855.394     19.764
853.735     18.873
851.455     21.708
849.486     22.113
849.097     21.951
845.585     20.736
844.916     21.222
843.21     20.898
841.036     20.817
839.251     20.736
837.245     20.412
836.64     19.116
833.144     19.521
832.707     19.926
831.127     20.007
828.542     21.06
828.258     21.708
824.946     21.87
824.051     21.141
820.676     20.574
819.939     21.06
818.881     18.63
815.938     18.306
815.701     19.521
812.647     20.007
811.399     21.384
810.762     21.789
807.456     23.247
806.671     21.951
804.534     21.384
803.023     21.789
800.38     20.007
798.99     19.683
798.347     18.954
794.883     19.602
794.609     19.683
792.345     20.898
790.26     23.571
788.165     23.652
786.475     22.356
785.848     22.194
782.279     21.465
781.9     21.87
780.157     20.088
777.619     19.359
777.419     20.574
773.965     20.979
771.991     21.627
769.806     22.518
768.979     23.004
765.657     22.356
764.667     21.06
763.772     20.979
760.755     21.384
759.66     20.817
757.322     21.465
756.143     20.412
753.189     19.44
752.21     20.169
751.436     20.898
748.114     21.627
747.235     23.976
745.155     23.49
743.591     22.518
741.027     21.546
739.648     21.06
738.958     21.141
735.425     21.06
735.152     18.873
732.882     19.521
730.908     21.789
730.529     22.761
727.049     22.518
726.317     22.275
724.722     22.356
722.484     22.113
720.594     20.655
718.656     21.06
717.919     20.898
714.534     19.602
713.813     20.979
712.544     21.708
709.795     21.708
709.527     22.113
706.162     21.141
705.246     21.465
702.035     20.25
701.255     20.331
700.171     21.951
697.038     20.25
696.786     19.602
693.827     20.169
692.579     21.789
691.879     21.546
688.525     20.412
687.682     22.113
685.576     21.546
684.071     20.007
681.475     21.951
679.932     20.25
679.458     20.169
675.947     19.926
675.299     19.44
673.388     18.63
671.466     20.493
669.292     22.275
667.565     21.627
666.833     21.546
663.353     21.303
662.963     21.141
661.078     22.194
658.635     20.979
658.356     21.303
654.934     19.602
654.16     20.655
650.722     22.113
650.095     22.275
648.806     21.87
645.989     21.627
644.657     22.275
641.708     21.546
640.55     20.736
638.323     21.384
637.202     20.736
634.2     21.222
633.253     21.627
632.279     21.06
629.004     21.222
628.799     21.465
626.113     21.465
624.639     22.113
624.018     22.194
620.648     21.627
620.011     20.898
617.905     21.384
616.199     21.627
613.835     21.546
612.124     22.113
611.382     21.465
607.933     19.602
607.27     21.141
605.585     22.194
603.353     22.113
601.568     21.627
599.525     21.384
598.883     21.222
595.424     21.303
594.655     21.06
593.386     20.979
590.643     20.088
589.253     20.169
587.063     20.898
586.157     21.708
582.888     22.842
582.087     23.166
581.019     22.599
577.933     22.437
577.707     22.275
574.627     22.518
573.442     21.222
572.711     20.898
569.446     20.25
568.551     20.088
565.224     21.546
564.96     22.275
562.286     21.546
560.654     22.518
560.164     22.599
556.7     22.761
556.02     22.599
554.078     21.627
552.172     20.979
549.918     21.222
548.249     20.007
547.528     21.222
544.09     22.113
543.711     21.951
541.8     22.437
539.383     21.222
539.183     20.979
535.713     22.356
534.95     21.384
533.581     21.141
530.885     19.764
529.437     20.169
527.268     19.764
526.457     20.979
523.156     22.356
522.093     22.275
518.886     22.842
517.802     23.733
516.928     23.085
513.764     22.113
512.863     21.87
509.594     20.574
509.33     19.521
506.556     20.574
505.14     20.655
504.539     21.789
501.064     21.87
500.359     23.571
496.889     23.166
496.605     21.951
494.251     21.465
492.377     22.032
492.014     21.546
488.449     21.06
487.749     21.303
486.085     20.007
483.864     20.817
482.005     21.951
480.031     23.247
479.288     23.814
475.761     23.652
475.276     22.275
473.723     22.032
471.101     21.951
469.627     21.708
467.458     21.222
466.515     20.655
463.309     19.926
462.504     21.222
461.219     22.68
458.244     24.948
458.034     23.733
454.959     22.761
453.737     21.141
450.852     20.493
449.815     21.465
448.883     22.194
445.508     21.303
444.676     21.546
442.533     21.789
440.996     22.275
438.464     23.49
437.042     23.085
436.242     23.085
432.777     21.627
432.425     20.979
430.261     20.817
428.349     22.842
427.949     22.599
424.422     22.68
423.674     20.574
422.121     20.655
419.694     21.708
418.035     23.733
415.545     24.057
415.319     24.3
411.823     22.923
410.996     21.87
409.806     21.87
407.026     19.764
405.62     21.303
403.446     21.384
402.472     20.736
399.329     20.817
398.476     21.951
397.339     22.032
393.869     23.004
390.947     23.085
389.847     23.328
388.978     22.356
385.656     20.412
385.382     20.169
382.67     20.979
381.175     21.951
380.606     22.437
377.042     22.194
376.331     22.032
374.373     22.275
372.483     24.057
370.271     23.085
368.655     22.437
367.818     22.194
364.301     20.898
363.906     21.789
361.989     22.437
359.683     23.166
357.962     22.68
355.972     22.599
355.255     22.194
351.749     23.814
351.196     23.814
349.722     23.409
346.942     21.87
346.658     21.384
343.399     20.574
342.435     20.25
339.213     22.356
338.334     22.113
337.27     21.465
334.101     22.923
333.859     22.599
330.921     23.895
329.61     23.409
328.904     22.599
325.587     21.951
324.792     20.736
322.66     21.141
321.144     21.141
318.564     22.032
316.863     22.923
316.337     22.761
312.899     22.113
312.272     23.652
310.371     24.138
308.286     22.842
306.286     21.303
304.432     21.222
303.801     21.06
300.294     21.141
299.773     21.627
298.014     22.923
295.477     23.895
293.992     22.842
291.854     22.275
290.949     23.571
289.743     23.652
286.942     22.923
285.726     22.356
282.704     22.275
282.498     22.113
279.297     21.141
278.107     21.222
277.286     22.275
274.143     23.733
273.158     23.247
270.984     22.518
269.631     22.599
265.603     23.085
265.024     24.543
263.06     23.49
261.075     21.546
258.974     20.979
257.248     22.356
256.531     21.222
253.03     23.733
252.646     24.624
250.708     23.652
248.387     22.761
248.113     22.923
244.606     23.328
243.843     22.842
242.49     23.328
239.884     23.166
238.362     20.736
236.193     21.06
235.345     23.247
232.107     23.652
231.175     23.49
230.191     23.814
227.116     23.409
226.052     22.761
223.762     22.194
222.599     21.465
219.634     22.113
218.566     22.518
217.807     21.222
214.39     21.222
214.08     23.166
211.753     24.462
209.684     24.3
207.667     22.518
205.93     23.004
205.256     21.951
201.786     20.979
201.349     20.898
199.843     21.222
197.184     23.166
195.673     22.599
193.546     23.247
192.593     23.328
189.424     23.733
188.708     23.976
187.428     22.113
184.464     22.356
184.185     22.842
181.147     22.599
179.92     22.518
176.988     22.761
175.914     23.085
175.056     23.004
171.691     23.895
171.417     23.571
168.801     23.409
167.2     22.842
166.705     22.599
163.251     21.789
162.562     22.599
160.661     22.599
158.76     21.951
156.586     21.87
154.512     21.708
154.196     22.68
150.673     22.761
149.963     23.166
148.409     24.381
146.061     23.652
144.329     23.247
141.902     22.842
140.301     22.113
137.616     22.032
136.231     23.247
134.11     22.68
133.188     22.68
129.95     23.085
129.203     22.842
127.987     23.328
124.901     23.814
123.853     22.842
121.684     22.599
120.458     20.736
117.451     21.465
116.467     21.789
115.535     23.976
112.213     22.437
111.444     23.733
109.369     23.733
107.811     23.652
105.279     23.976
103.852     24.543
103.104     23.328
99.64     23.085
99.287     23.004
97.144     22.113
95.075     22.842
93.001     23.247
91.221     23.976
90.542     23.652
87.056     23.49
86.619     23.409
84.935     23.976
82.476     24.705
80.844     21.546
78.785     20.493
77.895     21.303
74.684     23.409
73.741     22.194
72.641     23.49
69.74     22.842
68.566     23.085
66.449     24.057
65.396     24.705
62.374     23.166
61.247     21.06
60.484     21.546
57.178     23.085
56.293     23.328
53.029     22.356
52.797     23.085
50.08     23.247
48.569     23.328
46.126     23.328
44.652     23.247
43.936     22.923
40.477     22.194
39.75     22.194
36.344     21.789
36.007     21.789
33.896     21.384
31.869     21.789
29.894     22.437
27.646     24.057
25.914     24.705
23.976     23.571
23.192     23.976
19.912     23.328
17.858     22.356
15.1     20.898
14.826     21.222
11.572     21.789
10.667     24.624
9.666     24.543
6.707     23.976
5.596     24.138
2.548     22.761
2.337     21.951
-0.632     22.923
