Distance_nm     Force_uN
0.076     -0.324
0.723     -0.729
4.042     0.486
3.898     1.296
6.607     2.025
7.562     0.81
7.877     0.405
10.014     1.782
11.196     2.025
11.422     0.324
14.735     1.62
14.829     3.159
16.62     1.944
18.293     1.539
18.601     1.458
20.241     0
22.096     1.863
22.146     2.835
25.49     0.972
25.679     0.324
26.942     1.134
28.916     1.296
29.205     0.972
30.412     1.458
32.782     1.458
32.687     0.243
33.788     0.162
36.346     1.944
36.245     2.511
39.351     1.539
39.942     1.539
40.608     2.025
42.745     1.377
43.311     1.458
43.971     1.863
46.982     2.187
46.944     0.81
49.503     0.567
50.408     0.81
50.427     1.863
54.016     1.134
54.267     0.243
56.323     0.567
57.461     1.053
57.756     1.134
59.774     1.62
61.056     2.268
63.175     0.729
64.602     -1.134
64.809     0.729
66.67     2.268
68.254     2.268
69.976     0.81
71.673     0.648
71.742     0.891
73.226     2.106
75.231     2.268
75.212     2.43
78.538     1.701
78.77     1.215
79.883     2.268
81.938     2.268
82.278     1.053
85.528     0.567
85.892     0.567
86.823     1.053
89.004     0.972
89.387     2.025
90.198     2.997
92.97     2.835
92.87     1.62
95.849     2.754
96.553     1.458
97.106     0.243
99.307     0.729
99.985     1.782
100.488     1.62
103.65     2.025
103.568     2.754
106.045     1.539
107.114     2.349
107.409     2.511
109.471     2.835
110.653     1.863
110.86     0.891
114.248     0.486
114.242     1.053
116.304     2.187
117.869     2.268
118.001     1.539
119.774     0.405
121.528     0.243
121.528     1.539
124.947     2.43
125.029     2.025
126.443     2.106
128.631     1.539
128.618     0.567
131.937     1.458
132.151     2.187
133.175     2.268
135.212     1.134
135.614     1.134
136.62     1.458
139.216     2.187
139.179     2.187
142.19     2.997
142.755     2.997
143.585     2.349
145.766     2.268
146.445     1.134
147.055     0.405
149.978     2.673
149.89     2.916
152.593     0.729
153.548     0.891
153.913     0.891
157.106     0.81
157.427     1.458
159.526     2.025
160.853     4.293
162.984     1.62
164.253     -0.162
164.367     0.243
166.265     1.539
167.855     3.564
167.962     2.673
169.634     1.782
171.313     1.296
173.004     1.458
174.827     1.701
175.034     2.835
176.561     2.673
178.636     2.187
178.642     0.972
181.93     1.62
182.118     2.511
183.193     1.377
185.255     0.567
185.494     1.134
186.562     0.243
189.24     1.296
189.24     1.215
192.289     1.782
192.842     1.62
193.59     2.592
195.778     2.025
196.362     0.729
197.016     0.648
199.254     1.944
199.958     3.726
202.661     0.486
203.56     0.81
204.025     1.377
206.175     0.81
207.061     0.729
207.394     1.134
210.663     2.835
210.638     1.62
212.876     -0.324
214.284     3.402
214.441     4.455
216.339     4.131
217.816     2.592
217.948     1.134
221.274     -0.324
221.355     2.349
223.09     1.134
224.813     1.62
224.989     3.321
226.56     1.62
228.61     -0.972
228.584     0.81
231.916     4.455
232.111     3.159
233.293     0.972
235.323     0.486
235.662     1.296
238.944     0.324
239.396     0.567
239.239     2.025
242.363     2.268
242.797     -0.243
243.589     -0.486
246.411     2.673
246.342     3.645
249.253     2.835
250.007     2.025
250.573     1.458
252.76     1.377
253.559     2.673
253.974     2.349
257.129     0.729
257.343     1.134
259.468     1.458
260.668     0.972
262.919     2.349
264.22     3.645
264.383     1.863
266.313     0.405
267.796     3.159
269.538     3.726
271.153     3.159
271.216     1.782
272.92     1.458
274.604     1.62
274.749     0.567
276.075     -0.486
278.149     1.458
279.482     2.349
281.456     1.782
281.582     1.701
282.839     2.106
285.196     3.969
285.165     3.321
288.415     1.863
288.741     1.296
289.584     0.405
291.727     0.729
292.042     0.648
292.746     0.081
295.467     1.377
295.989     2.187
298.17     1.62
298.717     1.782
299.214     2.511
302.087     2.43
302.03     2.025
304.4     2.673
305.28     2.673
305.525     0.324
307.555     -0.324
308.454     0.891
308.637     1.377
311.767     2.025
311.654     1.539
313.577     3.078
315.036     3.402
314.992     1.863
316.639     1.701
318.003     2.268
319.543     2.511
321.297     2.106
321.265     -0.567
322.648     -0.486
324.358     0.405
324.389     2.025
325.647     1.539
327.57     2.106
328.727     1.863
330.763     1.782
330.788     1.782
331.769     2.187
334.164     3.564
333.994     3.483
336.955     1.539
337.345     0.405
337.904     -0.081
340.136     1.296
340.45     2.511
341.053     1.458
343.983     1.782
344.284     2.592
346.422     3.159
347.126     2.43
347.497     2.592
350.52     2.592
350.363     1.944
352.771     1.458
353.839     1.701
353.839     0.891
355.813     0.567
357.007     0.567
360.377     1.215
360.308     1.782
362.206     2.268
363.765     1.458
363.683     2.268
365.349     2.673
367.027     2.754
368.492     0.891
370.258     1.134
370.183     1.62
371.578     0.81
373.653     0.324
373.54     0.972
376.657     3.888
376.833     4.131
377.751     1.134
379.832     2.268
380.064     2.268
380.913     2.106
383.478     1.215
383.365     1.863
386.25     1.296
386.753     1.458
387.205     0.972
390.034     1.458
389.858     2.511
392.636     2.025
393.366     2.592
393.686     3.24
395.817     3.402
396.559     2.025
396.76     1.134
399.96     1.377
399.859     2.025
402.059     1.377
403.253     0.648
403.348     0.891
406.547     1.377
406.541     0.567
408.358     0.81
409.917     2.592
409.904     3.726
411.576     2.997
413.242     1.053
413.198     1.296
416.454     1.62
416.485     2.025
417.925     2.268
419.949     1.377
421.099     2.187
423.061     1.215
423.237     0.891
424.312     1.863
426.581     2.673
426.487     2.511
429.441     1.701
429.755     2.025
430.51     2.916
433.307     2.025
433.169     1.377
435.947     1.701
436.62     1.782
436.959     1.701
439.115     1.053
439.737     2.592
442.384     3.402
443.264     2.106
443.44     1.458
446.614     0.891
446.501     1.053
448.796     1.134
449.977     1.053
450.097     1.62
452.052     1.701
453.265     2.106
453.365     1.296
456.647     1.944
456.64     1.944
459.915     2.592
459.928     2.187
461.531     2.349
463.341     1.62
463.341     0
464.693     1.134
466.597     0.891
466.685     2.106
469.86     2.592
470.099     2.673
471.035     1.134
473.355     1.215
473.267     1.863
476.366     1.863
476.793     3.159
477.497     1.863
480.244     0.648
480.156     0.486
483.004     1.134
483.457     1.863
484.022     2.187
486.97     1.458
486.895     0.729
489.585     2.592
490.34     2.187
490.623     2.106
493.803     2.187
493.91     2.106
495.903     0.972
496.953     -0.243
497.129     0.162
500.46     2.349
500.429     1.701
502.346     2.43
503.829     2.754
503.955     1.944
507.293     0
507.293     2.025
508.821     2.997
510.643     2.916
510.681     2.511
513.931     1.62
514.069     0.405
515.182     0
517.464     1.053
517.338     2.268
520.475     1.863
520.814     2.268
521.575     -0.162
523.775     0.81
524.202     2.754
527.169     1.215
527.704     1.215
528.188     1.377
530.426     0.81
531.104     -0.567
531.601     -0.162
534.568     2.106
534.851     3.24
537.045     1.62
537.856     1.296
538.151     1.458
541.325     3.159
541.256     2.106
543.551     1.863
544.814     1.458
544.915     1.863
548.234     1.215
548.183     1.134
550.019     0.729
551.609     1.377
551.559     1.377
554.853     1.296
554.985     2.025
558.298     2.349
558.423     0.486
559.737     2.025
561.673     2.835
561.761     1.377
562.956     1.134
565.263     0.567
566.262     2.268
568.393     1.863
568.663     1.134
569.562     0.081
572.253     1.62
572.171     2.025
575.169     1.215
575.565     2.268
576.206     2.106
579.06     1.053
578.909     1.134
581.726     1.377
582.486     2.349
582.876     2.43
586.113     1.215
586.082     2.349
588.269     2.106
589.42     1.134
589.677     1.782
592.94     1.458
592.833     1.053
594.882     1.134
596.315     0.729
596.435     2.025
598.226     1.62
599.798     0.972
601.464     0.891
603.211     1.62
603.381     1.62
604.889     0.972
606.863     0.243
608.215     2.916
610.113     1.863
610.239     1.539
611.433     1.62
613.803     1.701
613.665     2.025
616.795     1.296
617.128     2.025
618.021     3.321
620.611     0.729
620.598     0.729
623.509     1.782
624.213     2.106
624.791     1.62
627.683     0.972
627.613     0.648
630.304     1.296
631.09     1.539
631.536     1.62
634.767     1.296
634.654     1.539
637.055     1.134
638.161     0.891
638.356     1.944
641.757     1.863
641.788     1.296
643.806     0.567
645.158     0.648
645.308     1.62
647.131     2.511
648.803     1.458
650.425     1.701
652.204     2.268
652.305     1.701
655.618     1.701
655.781     1.62
659.138     1.377
659.37     2.025
660.621     0.729
662.721     1.863
662.815     1.701
666.128     1.053
666.385     1.458
667.328     1.539
669.924     1.701
669.962     1.377
672.898     1.62
673.445     2.025
674.086     1.296
677.072     0.486
676.914     0.405
679.712     1.458
680.497     1.944
680.875     1.539
684.093     2.511
683.949     2.43
686.381     1.377
687.513     1.458
687.846     2.187
691.096     0.567
691.297     1.134
693.183     0.081
694.578     1.863
694.723     1.296
698.167     1.053
698.243     2.43
700.003     2.106
701.732     2.268
703.372     0.81
705.17     1.377
705.22     1.782
708.772     0.162
708.917     1.134
710.13     1.377
712.506     1.053
712.399     1.62
680.353     1.458
642.442     2.349
639.305     2.754
641.694     1.944
642.197     1.782
643.215     1.782
646.308     0.648
646.962     0.486
649.363     0.81
650.463     1.782
651.048     1.863
654.53     0.567
655.146     0.729
657.459     1.053
658.836     1.782
659.226     2.268
662.828     3.483
663.004     3.321
665.543     1.134
667.027     0.648
667.41     2.106
669.415     2.106
671.295     0.324
673.432     0.81
675.45     1.944
675.664     1.863
679.385     2.916
679.693     2.754
681.503     2.43
683.848     1.944
683.999     1.458
687.601     0.324
689.398     1.134
691.693     0.486
692.259     0.243
693.453     0.324
696.477     1.62
697.463     1.296
699.871     1.053
700.707     2.349
704.032     2.106
704.78     0.648
705.579     0.243
709.023     -0.243
709.105     -0.081
712.148     1.215
713.266     1.296
713.813     1.296
717.327     2.025
717.453     1.62
720.168     2.025
721.69     2.106
722.023     2.349
725.757     1.701
725.832     0.891
728.158     1.782
729.824     0.567
730.345     0.162
732.225     0.486
734.268     1.539
734.475     1.215
738.247     0.81
738.637     2.43
740.302     3.321
742.679     3.078
742.823     1.701
746.614     1.134
746.997     0.729
748.399     0.81
751.127     1.134
751.272     1.134
754.748     1.701
755.357     1.296
756.432     2.106
758.878     2.268
759.72     2.187
760.562     1.944
763.787     2.673
764.667     1.539
767.119     0.972
768.055     1.944
771.11     0.81
772.286     0.972
772.958     1.215
776.416     2.511
776.472     2.754
779.295     2.187
780.684     2.187
781.187     2.187
784.902     2.268
785.31     1.782
787.429     1.134
789.352     2.43
791.458     2.106
793.287     0.81
793.74     0.324
797.455     0.648
797.744     0.648
799.479     1.863
801.629     1.539
802.138     1.863
805.878     2.592
806.375     1.458
807.745     1.701
810.517     0.891
814.132     0
814.792     0.405
815.923     -0.324
818.349     0.162
819.123     1.782
822.404     2.187
823.246     2.511
824.045     2.835
827.552     2.754
827.615     1.134
830.601     1.377
831.751     0.972
832.374     0.243
834.731     0.243
836.114     1.782
838.854     1.134
840.269     1.539
840.79     1.458
842.915     2.349
844.575     2.835
844.914     2.673
848.686     2.349
849.126     0.567
852.822     -0.162
853.067     -0.081
855.211     0.162
857.203     1.62
857.643     0.405
861.39     0.162
861.779     1.296
863.301     3.321
865.934     2.025
866.079     2.43
869.763     2.997
870.215     2.349
871.491     1.782
873.88     1.215
874.647     -0.162
878.104     0.243
878.84     0.162
879.839     0.891
882.272     2.349
883.29     2.673
886.515     1.62
887.395     1.863
888.162     2.106
891.695     1.377
891.776     0.648
894.762     0.162
896.007     0.162
896.629     0.243
900.256     -0.081
900.413     1.053
903.078     2.754
904.788     2.349
905.109     2.187
908.818     2.349
909.32     0.324
911.275     0.405
913.388     0.162
913.608     -0.081
917.335     -0.162
917.857     1.053
921.54     2.592
921.823     2.511
923.521     1.863
925.689     2.916
926.167     4.05
929.92     1.377
930.41     0.567
931.831     1.134
934.772     1.377
934.904     0.486
938.456     -0.486
939.154     0.486
942.693     0.162
943.554     0.567
944.346     1.944
947.772     4.617
948.633     2.268
951.016     1.134
952.122     1.134
955.24     0.648
956.478     -0.486
957.025     -0.324
959.407     -0.486
960.841     1.458
963.6     1.863
965.065     2.106
965.517     3.483
969.251     4.698
969.49     3.483
971.935     1.134
973.928     1.782
974.148     0.891
977.989     -1.134
978.234     -1.539
980.126     0.567
982.081     0.648
982.527     1.215
986.299     2.835
986.663     3.24
988.31     2.835
990.982     3.078
992.421     1.863
994.772     1.458
995.564     0.405
996.74     0.891
999.845     1.053
1000.901     0.243
1003.441     0.81
1004.195     0.729
1005.113     2.187
1008.476     3.726
1009.343     2.673
1011.789     2.997
1013.008     2.835
1016.044     1.377
1017.151     0.324
1017.773     0.243
1021.551     0.243
1021.632     -0.243
1024.26     0.81
1025.737     0.567
1026.36     1.62
1028.503     1.62
1030.32     2.835
1032.658     2.754
1034.38     2.673
1034.839     0.567
1036.876     -0.891
1039.02     -0.486
1041.037     0
1043.061     0
1043.564     0.567
1047.367     1.539
1047.675     1.053
1049.203     2.025
1051.604     1.539
1052.201     2.349
1055.885     1.944
1056.432     1.782
1057.771     0
1060.731     0.162
1060.832     -0.405
1064.314     -0.972
1065.088     0.486
1068.62     0.891
1069.419     1.539
1070.311     2.349
1073.781     2.106
1074.466     2.835
1076.849     2.187
1078.162     0.81
1078.697     0.648
1082.336     -0.567
1082.449     -1.458
1085.159     -0.648
1086.693     -0.081
1087.221     1.053
1090.936     2.997
1091.193     2.835
1093.532     2.754
1095.248     3.726
1095.851     1.863
1099.679     1.215
1100.031     0.648
1102.005     0.405
1104.067     0.324
1104.488     0.648
1108.241     0.081
1108.637     0.486
1110.19     1.053
1112.515     1.782
1113.087     3.321
1116.752     1.539
1117.261     2.268
1118.493     1.782
1120.92     1.944
1121.737     0.891
1125.282     -0.081
1126.068     0.162
1127.011     1.053
1130.399     1.134
1130.519     1.296
1133.712     1.458
1134.806     2.268
1135.447     1.863
1139.049     1.215
1139.124     1.215
1141.965     1.296
1143.411     0.324
1143.845     0.729
1147.591     -0.081
1147.723     -0.243
1150.319     0.081
1152.01     1.782
1152.3     1.863
1156.165     2.754
1156.511     2.754
1158.498     1.944
1160.716     1.782
1160.93     2.349
1164.658     0
1165.004     -0.324
1166.694     -0.162
1169.24     -0.567
1169.379     1.053
1173.106     1.782
1173.666     2.511
1174.973     2.349
1177.84     1.944
1178.003     1.458
1181.504     1.377
1182.164     0.891
1183.245     1.944
1186.326     1.296
1186.426     -0.324
1189.833     -0.162
1190.77     1.782
1191.543     2.268
1195.044     2.268
1195.698     0.324
1199.13     0.324
1199.866     3.321
1202.217     3.321
1203.48     0.81
1206.378     0.648
1207.811     1.539
1208.207     0.729
1210.351     0.162
1211.985     1.62
1214.355     0.405
1216.09     0.162
1216.498     2.835
1218.428     3.321
1220.415     1.701
1222.382     0.972
1224.35     1.701
1224.714     1.782
1226.361     2.511
1228.744     1.863
1230.189     0.729
1232.415     0.243
1232.88     0.405
1234.15     0.729
1236.896     2.511
1238.091     4.212
1240.379     3.24
1241.001     1.458
1244.308     1.944
1244.911     1.944
1245.753     1.62
1248.098     1.296
1248.84     1.539
1251.914     -1.053
1252.8     -0.729
1253.454     1.782
1256.748     1.782
1256.76     1.458
1259.501     1.782
1260.614     2.43
1261.06     1.62
1264.555     0.648
1264.605     0.324
1267     1.458
1268.515     0.972
1268.811     -0.324
1272.4     0.081
1272.544     0.405
1274.581     1.62
1276.511     2.835
1276.668     2.997
1280.264     1.863
1280.553     1.134
1282.237     1.377
1284.651     1.782
1284.689     1.863
1288.259     0.162
1288.637     0
1289.944     1.215
1292.735     0.648
1292.76     -0.486
1296.148     2.43
1296.752     2.187
1297.77     2.187
1300.901     1.215
1301.793     0.891
1304.213     0.081
1304.949     0.729
1305.703     0.567
1309.009     0
1309.009     1.053
1313.114     2.187
1313.781     0.648
1316.113     1.701
1317.489     1.944
1320.004     1.215
1321.286     0.567
1321.783     1.296
1323.844     1.296
1325.171     -0.081
1327.465     1.134
1329.087     0.972
1329.552     0.486
1331.444     0.405
1333.55     0.567
1335.423     1.701
1337.347     1.701
1337.774     2.268
1339.409     1.863
1341.816     2.187
1343.262     0.891
1345.487     0
1345.99     -0.486
1347.348     0.162
1350.089     0.324
1351.251     0.648
1353.59     1.215
1354.25     2.187
1357.619     0.972
1358.386     0.972
1359.285     2.187
1362.56     2.106
1362.648     0.648
1365.772     0
1366.702     0.243
1367.4     0.729
1370.952     0.648
1371.015     -0.162
1373.831     1.539
1375.006     1.944
1375.553     1.458
1379.098     1.62
1379.124     2.268
1381.594     1.782
1383.14     1.296
1383.599     0.648
1387.352     0.972
1387.509     0.486
1389.627     0.567
1391.425     1.134
1391.865     0.567
1395.587     1.377
1395.838     0.972
1397.611     2.916
1399.691     2.835
1400.081     1.701
1403.758     1.539
1404.073     1.539
1405.531     1.944
1408.253     0.486
1408.379     0.486
1411.823     0.081
1412.37     0.081
1413.433     0.648
1415.809     1.701
1416.569     2.43
1419.851     2.592
1420.693     2.187
1421.567     1.539
1424.879     0.891
1424.974     0.891
1428.041     -0.081
1429.104     -0.324
1429.745     0
1433.334     0.243
1433.755     0.324
1437.307     2.187
1437.42     3.159
1439.884     2.592
1441.525     2.349
1441.908     2.349
1445.56     1.62
1445.73     0.81
1447.962     0.81
1449.879     0.405
1450.092     0.729
1453.933     0
1454.191     0.081
1455.995     2.025
1458.025     2.835
1458.428     2.511
1462.067     1.782
1462.457     1.62
1463.915     2.754
1466.675     1.134
1466.763     0.324
1470.315     -0.729
1470.861     -0.891
1472.031     -0.405
1475.067     0.81
1475.123     1.62
1478.511     3.969
1479.348     3.888
1480.114     2.43
1483.484     2.187
1483.521     2.106
1486.633     -0.324
1487.626     -0.648
1488.242     0.648
1491.75     -0.081
1491.844     0.486
1494.604     1.62
1495.911     1.863
1496.508     2.592
1500.142     2.754
1500.248     2.673
1502.719     1.458
1504.334     0.486
1504.793     -0.324
1508.584     0.486
1508.779     0.567
1510.859     0.567
1512.751     -0.567
1513.16     0.567
1514.889     1.863
1517.208     1.863
1518.949     1.62
1521.137     2.349
1521.627     2.187
1522.991     0.891
1525.638     -1.539
1527.077     0.243
1529.416     0.243
1530.038     0
1531.15     0.162
1534.231     1.053
1534.369     0.648
1537.757     1.944
1538.48     2.997
1539.454     3.888
1542.648     3.159
1542.71     2.349
1545.948     -0.486
1547.06     -0.567
1547.664     -0.324
1551.102     0.243
1551.291     -0.324
1554.157     1.134
1555.993     1.701
1558.174     2.106
1559.827     1.863
1562.285     2.025
1563.938     2.349
1564.353     1.296
1568.106     0.891
1568.244     0.405
1570.293     -0.81
1572.556     0.891
1572.682     1.458
1576.378     2.349
1576.963     0.81
1578.585     1.134
1581.105     2.106
1581.218     2.268
1584.814     2.511
1585.411     0.81
1589.051     0.405
1589.579     0.081
1590.798     -1.053
1593.231     -1.62
1593.916     2.754
1597.424     2.673
1598.115     0.729
1599.134     0.162
1602.434     2.025
1602.515     2.673
1605.784     2.268
1606.67     0.972
1607.544     0.891
1610.964     -1.62
1611.046     -1.215
1614.107     1.377
1615.408     1.296
1615.886     1.944
1619.538     1.539
1619.99     2.673
1622.228     2.997
1623.919     1.62
1626.371     0.891
1628.03     1.296
1628.495     -0.243
1632.38     -1.053
1632.6     -0.972
1634.731     1.377
1636.579     1.782
1637.051     0.891
1640.866     1.377
1641.193     1.701
1642.821     -0.081
1645.405     0.567
1645.612     1.458
1649.258     0.891
1649.742     -0.648
1651.106     -0.567
1654.092     0.162
1654.293     0.891
1657.644     2.592
1658.467     2.025
1659.441     2.349
1662.704     0.81
1662.842     0.486
1666.073     1.944
1667.129     2.106
1670.26     -1.377
1671.303     -0.891
1672.026     0.567
1674.509     1.863
1675.867     1.701
1678.557     1.944
1679.858     2.349
1680.38     1.782
1684.303     0.081
1684.717     0.162
1688.495     1.458
1688.696     1.296
1691.123     -0.648
1693.065     0.243
1693.405     0.891
1697.22     1.053
1697.748     2.106
1699.471     1.863
1701.941     2.835
1703.714     2.349
1705.882     1.782
1706.373     1.782
1710.063     1.053
1710.578     0.162
1711.992     -0.486
1714.985     0.648
1715.117     0.486
1718.718     1.296
1719.372     2.916
1720.554     3.159
1723.722     2.916
1724.772     2.43
1727.267     2.835
1728.21     2.187
1731.466     -0.729
1732.491     -1.296
1733.258     -0.486
1735.647     0.81
1736.973     0.567
1739.814     0.81
1741.153     1.62
1741.813     3.402
1745.39     2.997
1745.541     3.321
1748.093     1.701
1750.029     1.701
1750.324     1.134
1754.115     -1.539
1754.63     0.648
1756.485     1.701
1758.685     -0.081
1758.867     -0.324
1762.695     2.43
1763.217     2.187
1764.87     2.349
1767.378     4.374
1769.006     3.24
1771.251     1.296
1771.797     -0.486
1775.563     -0.162
1776.103     -1.215
1777.436     0.648
1780.378     0.729
1780.491     1.215
1783.961     2.592
1784.816     2.349
1785.677     2.916
1789.103     2.268
1790.02     0.567
1792.491     0.081
1793.585     -0.243
1796.652     0.162
1797.884     -0.324
1798.588     -0.081
1802.284     2.511
1802.442     2.106
1805.195     2.268
1806.603     2.997
1807.25     2.997
1811.148     2.268
1811.563     1.62
1815.41     -0.567
1815.85     0.324
1817.798     0.729
1819.986     -0.648
1822.023     0.243
1824.015     2.754
1824.606     3.321
1828.459     1.782
1828.799     2.268
1830.477     2.673
1833.249     1.134
1834.72     0.567
1837.027     0.81
1837.694     0.81
1841.333     -1.701
1841.943     -0.567
1843.206     1.701
1845.733     2.106
1846.62     2.268
1849.995     1.701
1850.938     1.944
1851.699     2.916
1855.143     0.729
1855.363     0.405
1858.494     0.81
1859.764     0.081
1860.342     -0.405
1864.145     0.972
1864.283     2.106
1867.03     2.43
1868.57     2.106
1869.054     2.349
1872.807     1.215
1873.373     2.187
1875.466     1.701
1877.459     1.215
1877.823     1.377
1881.677     -0.162
1882.186     -0.243
1883.984     0.162
1886.303     2.268
1888.239     1.458
1890.433     0.81
1890.98     2.187
1894.909     2.106
1895.311     1.377
1896.87     1.053
1899.692     1.296
1899.799     -0.081
1903.363     -0.729
1904.231     0.81
1905.331     1.539
1908.48     1.62
1909.58     2.997
1912.931     1.296
1913.044     1.62
1916.388     1.215
1917.387     1.215
1918.179     1.053
1921.75     0.972
1921.926     -0.243
1924.987     -0.729
1926.351     -0.324
1926.898     0.891
1930.676     0.729
1931.267     2.106
1933.492     2.673
1935.315     1.539
1937.798     1.539
1939.621     2.43
1942.205     0.486
1944.317     0.81
1944.587     0.648
1948.535     -0.405
1949.063     1.134
1950.722     1.458
1953.186     3.159
1953.343     4.212
1957.234     1.701
1957.825     0.486
1959.145     1.62
1962.062     2.43
1963.514     -0.405
1965.953     -0.81
1966.733     0.405
1970.303     0.486
1971.057     0.891
1972.277     1.215
1975.646     2.106
1975.766     2.43
1979.166     2.025
1980.103     1.62
1980.989     0.729
1984.522     1.377
1984.692     1.215
1987.602     -0.081
1989.205     -0.162
1989.645     0.648
1993.36     0
1993.561     0.729
1996.138     1.944
1998.169     1.701
2000.419     0.567
2002.261     1.215
2002.764     1.458
2004.7     1.62
2007.189     -0.243
2007.353     0.486
2011.219     0.162
2011.571     0
2013.387     0.405
2016.14     1.782
2016.279     2.673
2019.969     1.782
2020.742     0.648
2022.049     1.377
2025.098     2.592
2025.23     1.296
2028.8     0.243
2029.725     0.891
2030.655     1.458
2034.062     1.863
2034.225     0.972
2037.588     0.891
2038.751     2.268
2039.418     1.296
2043.12     1.701
2043.962     2.592
2046.301     2.349
2047.772     1.134
2048.319     -0.243
2051.99     0.567
2052.706     0.567
2054.988     1.863
2056.735     1.782
2059.344     0.972
2061.098     0.162
2061.745     1.863
2063.751     2.754
2065.737     2.349
2068.082     0.648
2070.068     -0.729
2072.45     -0.729
2074.531     0.891
2075.185     1.539
2078.938     0.324
2079.39     0.243
2081.138     1.62
2083.57     1.296
2084.237     0.891
2087.977     2.592
2088.568     3.483
2089.951     1.458
2093.094     0.729
2093.32     0.648
2096.859     2.592
2097.651     1.944
2098.726     1.296
2102.183     1.863
2102.284     1.296
2105.691     0.972
2106.697     1.944
2107.577     2.106
2110.022     3.402
2111.43     0.81
2114.347     1.215
2115.767     1.377
2116.44     1.296
2118.835     0
2120.532     0.648
2123.222     1.701
2124.844     0
2125.379     -0.081
2127.466     1.296
2129.59     2.268
2131.916     1.863
2133.84     1.134
2134.468     0.567
2136.323     1.377
2138.849     0.729
2140.842     0.405
2142.961     -0.405
2143.602     0.648
2147.417     0.81
2147.97     0
2149.542     0.486
2151.943     1.458
2152.672     2.187
2153.923     2.106
2157.035     1.701
2158.298     1.377
2160.762     1.134
2161.85     0.243
2162.812     0.729
2166.219     2.025
2167.231     0.324
2169.758     -0.405
2170.902     0.81
2174.171     1.62
2175.377     2.511
2176.245     1.296
2180.01     1.701
2180.13     1.701
2182.99     0.648
2184.492     0.729
2185.165     0.81
2189.081     0.486
2189.27     0.648
2191.746     0.243
2193.877     1.134
2194.261     2.106
2198.164     2.349
2198.535     2.106
2200.71     2.025
2203.193     1.215
2203.47     0.567
2207.757     -0.324
2207.983     0.081
2211.949     0.486
2212.452     1.053
2214.074     0.324
2217.06     2.106
2217.28     1.782
2220.92     1.134
2221.617     1.134
2222.931     2.025
2226.25     2.43
2226.426     1.458
2229.896     0.162
2231.065     0.243
2231.977     0.486
2235.591     -0.648
2235.754     0
2238.967     2.43
2240.293     1.863
2240.89     1.377
2244.63     1.701
2244.831     2.268
2247.893     1.539
2249.508     0.405
2249.992     0.648
2253.984     -0.567
2254.216     -0.891
2256.875     -0.648
2258.837     1.053
2259.132     1.863
2263.13     1.296
2263.872     2.43
2265.758     2.673
2267.989     1.863
2268.303     1.62
2272.295     1.377
2272.792     2.268
2274.64     0.729
2277.406     -0.567
2277.695     -0.567
2281.554     0.648
2282.334     1.944
2283.629     1.62
2286.684     1.701
2288.117     2.754
2290.587     2.916
2291.543     1.539
2295.132     1.62
2296.062     0.972
2297.156     -0.648
2299.601     -0.891
2300.771     0.567
2304.071     1.296
2305.278     0.81
2306.227     1.62
2308.672     2.025
2310.187     2.835
2313.072     2.673
2314.562     2.673
2315.298     1.701
2319.176     -0.486
2319.415     -0.162
2322.068     -0.486
2323.746     -0.405
2324.563     0.486
2328.586     0.405
2328.85     0.648
2331.019     1.863
2333.42     2.43
2333.753     2.268
2337.707     1.296
2338.392     1.539
2340.014     1.377
2343.069     -0.405
2344.553     -0.405
2347.513     0.972
2348.997     0.162
2351.486     -0.648
2352.309     1.458
2356.025     2.673
2356.747     2.997
2358.074     2.43
2360.664     1.944
2361.657     1.053
2362.6     0.405
2366.044     -0.162
2367.038     -0.162
2369.634     -0.648
2370.878     -0.405
2371.626     -0.324
2375.335     0.648
2376.215     2.835
2378.66     3.159
2380.295     1.539
2380.816     1.62
2384.714     1.863
2385.374     0
2387.618     -0.324
2389.743     0.648
2390.132     0
2394.093     -1.053
2394.746     -0.243
2398.744     1.134
2399.058     2.43
2401.265     1.863
2403.779     1.701
2404.056     1.782
2407.947     1.053
2408.469     -0.081
2410.273     -0.729
2413.158     0.243
2413.409     0.162
2417.256     -1.62
2418.036     1.701
2419.293     2.511
2422.65     2.187
2422.763     2.349
2426.277     2.835
2427.415     1.782
2428.175     0.972
2431.959     1.215
2432.726     0.81
2435.184     -0.486
2436.831     -1.62
2437.46     -1.62
2441.338     0.324
2442.061     3.078
2444.324     3.321
2446.185     1.458
2448.68     1.782
2450.509     2.349
2451.264     1.296
2453.231     1.539
2455.482     -0.324
2457.675     -1.701
2459.762     -1.782
2460.573     -0.81
2464.496     1.053
2465.03     1.701
2466.79     1.215
2469.16     2.025
2469.908     2.592
2473.711     2.43
2474.352     1.296
2475.943     0.081
2478.4     0.567
2479.356     -0.486
2483.875     -0.81
2484.058     0.486
2487.59     1.458
2488.785     2.025
2489.747     0.729
2493.367     1.134
2493.518     2.43
2496.869     2.025
2498.076     0.729
2498.899     0.648
2502.878     0.162
2500.898     -0.648
2499.056     -0.081
2498.937     0.243
2495.542     2.106
2495.335     0.324
2493.669     0.243
2491.532     0.891
2489.985     1.458
2488.056     2.187
2487.892     2.187
2484.491     1.539
2484.227     1.134
2483.021     0
2480.494     -1.377
2480.506     -1.377
2477.168     0.486
2476.747     1.215
2475.836     0.891
2472.938     1.134
2472.177     1.458
2469.971     1.944
2469.261     1.782
2466.231     0.891
2465.508     -0.324
2465.055     -0.405
2461.824     0.729
2461.83     0.81
2459.165     -0.243
2458.078     0.486
2455.563     2.997
2454.243     2.835
2453.904     1.296
2450.428     1.053
2450.415     0.567
2448.328     1.296
2446.687     -0.162
2446.599     0.648
2443.111     1.62
2442.897     0.405
2441.25     0
2439.257     0.729
2437.736     2.592
2435.762     2.349
2435.48     0.405
2432.022     0.891
2431.702     1.863
2430.501     0.81
2427.999     0.729
2427.943     0.324
2424.674     -0.081
2423.278     0.405
2421.047     1.134
2420.399     0.972
2417.269     -0.324
2416.559     1.296
2415.899     1.62
2412.806     2.673
2412.837     2.106
2409.996     -0.648
2409.066     0.324
2408.638     0.972
2405.307     0
2404.948     -0.891
2402.805     -0.648
2401.541     1.701
2399.146     2.43
2397.6     1.944
2397.399     0.729
2393.954     -0.243
2393.904     -0.81
2391.98     1.782
2390.088     1.539
2390.013     -0.243
2386.499     -1.053
2386.392     -0.081
2384.745     2.187
2382.457     2.025
2382.451     0.972
2378.968     1.782
2378.648     -0.162
2377.397     -0.162
2374.82     1.62
2373.701     1.134
2371.45     0.729
2370.954     0.081
2370.049     -0.405
2367.132     1.539
2366.371     1.296
2363.316     0.162
2363.304     0.081
2360.236     2.592
2359.388     1.539
2358.979     -0.567
2355.628     1.134
2355.176     1.296
2352.919     0.648
2351.775     0.81
2349.16     0.324
2347.84     0.567
2347.526     0.486
2344.037     0.324
2343.918     1.053
2341.787     2.025
2340.247     0.972
2339.907     0.405
2336.506     1.053
2336.255     0.486
2334.64     0.729
2332.509     1.053
2332.427     1.215
2328.856     2.268
2328.517     -0.162
2324.984     1.458
2324.701     0.972
2323.457     0.567
2320.886     0.486
2320.835     1.458
2317.466     0.972
2317.058     0
2316.31     -0.567
2313.192     1.782
2312.582     1.377
2309.257     -0.081
2308.792     0.81
2306.547     1.377
2305.315     0.729
2302.814     1.134
2301.531     1.701
2301.211     1.701
2297.659     0.405
2297.584     1.134
2295.314     1.701
2293.718     -0.81
2293.523     -1.539
2289.965     -0.081
2289.776     1.539
2287.953     1.701
2285.873     -0.567
2285.797     0.486
2282.227     2.349
2281.875     0.972
2280.586     -0.243
2278.066     0.972
2276.764     2.106
2274.596     1.296
2274.206     1.215
2273.1     0.648
2270.246     -1.134
2269.341     0.648
2266.977     1.134
2266.304     3.483
2263.105     0.243
2262.42     -0.648
2261.697     0.81
2258.504     2.187
2257.894     1.863
2255.587     2.106
2254.587     -0.243
2254.154     -1.377
2250.703     -1.458
2250.25     1.377
2248.012     3.24
2246.667     1.701
2244.31     -0.729
2242.845     1.053
2242.612     2.43
2238.948     0.405
2238.86     0.405
2236.741     0.729
2235.063     0.729
2234.661     0.243
2231.084     0.324
2230.858     0.972
2229.211     1.782
2226.891     0.81
2226.847     2.025
2223.327     2.592
2223.032     0.405
2219.48     0.891
2219.002     1.458
2217.871     1.053
2215.092     -0.405
2214.124     0.567
2211.805     0.243
2211.252     0.405
2207.914     0.972
2207.21     1.782
2206.462     2.268
2203.413     2.268
2202.621     2.43
2200.232     1.215
2199.258     -1.053
2195.348     1.539
2195.335     3.078
2192.746     -0.405
2191.438     -2.43
2190.998     1.944
2187.478     2.754
2187.365     2.106
2185.02     1.62
2183.354     2.592
2183.103     3.078
2179.545     0.486
2179.206     -0.243
2175.591     0.729
2175.403     1.134
2173.649     0.081
2171.644     0.081
2171.241     1.701
2167.677     0.972
2167.243     2.511
2166.055     3.726
2163.384     2.106
2163.377     0.405
2159.92     -0.081
2159.342     2.268
2155.998     0.405
2155.394     -1.134
2154.483     0.648
2151.346     2.106
2151.409     1.62
2148.366     -1.701
2147.392     1.458
2146.738     3.078
2143.394     2.592
2142.885     -0.81
2140.578     0.648
2139.466     1.458
2136.8     -0.486
2135.493     -0.648
2135.097     -0.081
2132.941     1.296
2131.432     2.511
2129.32     0.162
2127.541     -1.215
2127.202     -0.162
2123.688     2.268
2123.443     0.405
2121.752     0.486
2119.382     1.134
2119.363     -0.243
2115.799     -0.486
2115.44     1.377
2114.152     2.187
2111.392     2.754
2110.248     0.648
2107.878     -0.81
2107.275     -1.782
2103.962     0.243
2103.29     2.025
2102.435     3.807
2099.304     -1.296
2098.657     -1.701
2096.3     1.053
2095.275     2.592
2092.333     -0.405
2091.321     -1.782
2090.812     -0.648
2087.292     1.134
2087.241     0.486
2084.557     -0.081
2083.074     2.592
2082.766     2.511
2079.239     0.729
2076.725     -2.349
2075.241     -1.053
2074.739     2.025
2071.112     0.972
2070.992     1.053
2069.018     2.106
2066.969     0.243
2066.799     0.243
2063.204     0.324
2062.871     1.539
2059.281     3.321
2058.948     2.106
2057.408     -1.134
2055.227     -0.729
2054.818     0.243
2051.279     2.187
2050.783     3.078
2049.708     0.729
2046.778     -0.972
2046.703     -0.81
2043.447     0.486
2042.642     2.754
2041.806     2.754
2038.6     0.972
2037.821     0.729
2035.445     -0.486
2034.533     0.486
2031.635     2.511
2030.466     2.106
2029.963     1.62
2026.437     -0.729
2026.355     -0.324
2023.828     2.187
2022.376     2.673
2022.056     1.944
2018.403     0.729
2018.033     0.729
2016.015     0.729
2014.148     0.567
2012.218     0.243
2010.326     0
2010.005     0.891
2006.353     -0.405
2006.058     0
2004.379     0.405
2001.934     2.025
2000.407     2.187
1998.232     1.215
1997.823     0.81
1996.516     0.081
1993.806     -0.891
1992.53     1.053
1989.607     1.782
1989.538     1.053
1986.219     -0.081
1985.459     0.648
1984.622     2.268
1981.404     3.321
1980.675     2.754
1978.267     1.539
1977.324     -0.324
1976.715     -0.405
1973.157     -0.081
1972.711     1.053
1969.102     -0.081
1969.065     -0.162
1966.425     1.053
1965.023     1.215
1964.602     2.106
1960.912     2.268
1960.635     1.134
1956.933     -0.567
1956.631     -0.081
1954.745     0
1952.765     -0.81
1950.804     -0.324
1948.56     0.081
1948.44     0.891
1944.782     2.106
1944.336     2.106
1942.858     1.134
1940.344     2.106
1939.011     1.458
1936.717     0.81
1936.183     -0.567
1932.776     -0.486
1932.147     0.486
1930.99     0.405
1927.866     1.782
1927.828     1.863
1924.616     1.944
1923.699     0.648
1922.995     -0.324
1919.676     0.891
1918.946     1.053
1916.577     0.162
1915.432     -0.648
1912.635     -0.648
1911.397     -0.567
1911.001     0.162
1907.424     1.944
1906.921     1.863
1904.841     1.782
1903.187     0
1900.83     1.863
1899.171     1.701
1898.674     0.324
1895.016     0.324
1894.783     0.324
1892.803     0.324
1890.615     -0.405
1890.496     0.567
1886.8     2.187
1886.36     1.539
1884.952     1.134
1882.431     0.081
1880.966     2.268
1878.672     1.296
1878.188     0.243
1874.668     1.053
1874.077     1.539
1872.964     0.081
1869.884     0.567
1869.953     1.053
1866.578     1.782
1865.654     1.458
1864.924     1.701
1861.467     1.62
1860.832     0.567
1858.513     0.648
1857.4     0
1854.546     0.648
1853.17     0.081
1852.774     -0.324
1849.228     0
1849.096     0.891
1846.513     3.483
1844.803     1.296
1842.527     0.648
1840.843     0.486
1840.472     2.106
1836.713     0.324
1836.449     -0.486
1832.602     -1.782
1832.174     -0.486
1830.553     -0.081
1828.038     1.134
1826.423     2.43
1824.223     1.782
1823.808     0.243
1820.256     1.377
1819.866     1.458
1818.452     1.053
1816.095     0.567
1815.491     -1.701
1812.003     -0.081
1811.255     1.377
1810.243     1.215
1807.049     1.701
1806.98     2.349
1802.888     1.215
1802.222     2.106
1799.846     1.215
1798.708     0.81
1795.848     -1.134
1794.628     -0.405
1794.056     0.243
1790.442     1.134
1790.316     1.539
1787.695     0.162
1786.129     2.43
1785.771     3.645
1782.094     2.025
1781.629     0
1779.598     0.162
1777.675     0.567
1775.538     0.891
1773.664     0.729
1773.319     0.972
1769.591     -0.405
1769.101     0.891
1767.529     0.972
1765.153     2.592
1765.009     2.106
1761.356     1.134
1760.747     1.134
1757.101     -0.405
1756.636     0.243
1755.485     1.377
1752.374     0.648
1751.305     1.539
1748.879     0.972
1748.112     -0.162
1744.874     2.106
1743.994     2.349
1743.127     1.215
1739.701     0.486
1738.997     -0.891
1736.608     -0.324
1735.376     0.162
1732.548     0.243
1731.152     0.567
1730.693     -0.405
1727.041     -0.081
1726.846     0.405
1724.338     1.539
1722.685     0.891
1722.389     1.215
1718.524     0.081
1718.14     0.567
1714.394     0.405
1714.148     -0.081
1709.981     0.243
1709.792     0.729
1706.102     0.81
1705.524     0.324
1701.815     1.701
1701.451     0.729
1699.955     -0.081
1697.126     1.377
1695.907     -0.162
1693.587     -0.567
1692.914     0.405
1689.514     -0.729
1688.885     -0.567
1687.735     1.62
1684.51     0.972
1684.397     0.081
1681.204     0.648
1680.097     0.162
1677.03     0.972
1675.967     1.296
1675.295     0.567
1671.611     -1.134
1671.542     -0.243
1668.889     1.134
1667.343     0.81
1666.985     2.025
1663.263     1.701
1662.779     -0.243
1660.642     0.567
1658.731     -0.243
1656.5     1.62
1654.708     0.891
1654.369     0.648
1650.522     -1.134
1650.232     -1.134
1648.435     0.162
1646.021     1.863
1645.826     1.215
1642.042     1.863
1641.539     0.486
1637.868     0.567
1637.422     1.458
1636.057     1.701
1633.147     0.972
1633.021     0.567
1629.551     1.458
1628.778     0
1627.817     0.405
1624.535     2.511
1623.674     1.863
1620.223     -0.405
1620.129     -0.243
1617.162     -0.081
1615.93     1.215
1615.307     0.405
1611.693     0.243
1611.171     0.243
1608.908     0.648
1607.236     0.648
1604.684     1.296
1603.157     0.891
1602.635     1.296
1598.964     0.567
1598.461     -0.243
1596.481     0.486
1594.494     1.296
1592.282     0.648
1590.314     -0.162
1589.918     1.944
1585.801     2.106
1585.663     2.187
1581.885     2.106
1581.357     0.486
1579.949     0.243
1577.202     1.377
1575.919     0.162
1573.537     -0.729
1572.808     0
1569.269     1.377
1568.565     1.134
1567.521     0.162
1564.177     1.377
1564.121     0.972
1560.896     0.729
1559.815     1.296
1559.173     -0.162
1555.653     -1.377
1554.981     -0.081
1551.347     0.405
1551.159     0.162
1548.349     0.567
1546.847     1.944
1546.407     0.405
1542.792     -0.405
1542.277     0.162
1538.43     0.405
1538.266     0.243
1536.035     -0.567
1533.973     -0.324
1533.715     1.458
1529.887     1.62
1529.315     0.648
1527.643     1.701
1525.223     2.349
1523.475     0.486
1521.275     -0.405
1520.703     1.134
1517.001     0.729
1516.605     0.162
1515.228     -0.243
1512.248     -0.567
1511.035     1.863
1508.59     1.782
1507.817     1.863
1504.473     0.243
1503.75     0.405
1502.731     -0.243
1499.362     0.162
1499.18     0.486
1496.068     0.972
1494.899     1.134
1494.742     0.081
1491.033     0
1490.524     0.972
1486.778     1.377
1486.212     1.701
1484.898     0.486
1482.547     -0.081
1481.768     0.405
1478.166     0.081
1477.386     1.296
1476.513     0.891
1473.131     -0.324
1472.276     0.567
1468.825     1.134
1468.705     0.972
1465.663     1.539
1464.544     1.215
1463.815     0.405
1459.899     -0.081
1457.114     0.972
1455.674     1.539
1455.134     0.81
1452.94     1.296
1451.149     0.81
1448.873     -0.405
1446.767     2.349
1446.472     1.296
1442.65     0.891
1442.26     0
1440.425     0
1438.074     0.567
1436.244     -0.486
1434.101     -0.243
1433.497     0.324
1429.738     1.134
1429.223     1.782
1427.909     1.701
1425.005     0.081
1423.591     1.296
1421.139     1.458
1420.353     0.486
1416.953     0.729
1416.198     -0.324
1415.142     -0.405
1411.855     1.458
1410.968     1.458
1408.467     0.486
1407.354     0.486
1406.713     1.134
1403.023     1.053
1402.495     1.782
1398.723     1.134
1398.554     0.324
1395.763     -0.972
1394.16     0.081
1391.557     1.539
1389.954     0.891
1389.495     0.81
1385.642     1.053
1385.479     1.215
1383.184     2.025
1380.953     1.296
1380.67     1.377
1376.842     0.891
1376.339     -0.567
1374.736     -0.243
1372.253     1.134
1370.575     1.296
1368.261     0.486
1367.608     0.243
1363.83     1.458
1363.358     1.053
1361.956     0.081
1358.927     0.972
1358.757     0.405
1355.356     0.567
1354.394     1.134
1353.502     1.782
1350.145     -0.324
1349.227     -0.648
1345.707     0.486
1345.632     1.377
1342.42     1.539
1341.313     1.134
1340.483     0.729
1336.894     0.972
1336.266     0.972
1333.933     0.486
1331.991     0.081
1328.132     0.648
1327.949     -0.081
1325.41     0.324
1323.568     0.567
1321.211     0.324
1319.375     0.891
1318.866     2.835
1315.013     2.106
1314.73     1.539
1312.831     -0.243
1310.336     0.243
1310.128     -0.162
1306.319     -0.81
1305.728     0.729
1304.339     0
1301.447     0.243
1300.008     0.81
1297.594     1.053
1296.859     2.511
1293.282     1.62
1292.389     1.458
1291.453     0.891
1288.266     0
1287.348     -0.162
1284.884     0.729
1283.765     0.162
1280.584     0.081
1279.415     -0.243
1278.736     2.268
1275.021     1.701
1274.902     1.539
1272.01     1.62
1270.451     1.377
1267.805     -0.081
1266.126     -0.162
1265.573     -0.729
1261.644     -1.053
1261.462     -0.648
1259.193     0.891
1256.999     1.215
1256.785     0.567
1252.957     0.486
1252.473     1.053
1250.795     0.729
1248.104     0.081
1246.571     -0.162
1244.264     -0.162
1243.528     -0.729
1239.819     -0.081
1239.298     0.567
1237.94     0.972
1234.81     1.215
1234.627     0.972
1231.183     0.648
1230.309     0.81
1229.366     1.377
1225.965     0.081
1225.11     -0.648
1221.546     0.243
1221.389     0.162
1218.233     0.81
1216.964     0.405
1216.31     1.215
1212.607     1.215
1211.979     1.62
1209.615     0.891
1207.949     1.944
1205.341     0.567
1203.549     0.081
1203.172     -0.162
1198.998     0.243
1198.715     0.162
1194.818     -0.081
1194.353     0.567
1190.462     1.215
1190.104     0.729
1188.18     0.486
1185.684     0.81
1185.483     0.891
1181.724     1.458
1181.045     0
1179.593     0.324
1176.708     -0.405
1175.375     -0.081
1172.918     0.891
1172.05     1.296
1168.587     1.62
1167.744     0.729
1166.713     0.486
1163.287     0.729
1162.363     1.215
1159.893     1.053
1158.793     0.972
1155.644     0.81
1154.342     -0.486
1153.726     0.324
1149.967     1.215
1149.32     1.134
1147.026     0.648
1145.448     1.701
1142.783     1.377
1140.922     0.891
1140.488     0
1136.641     0.648
1136.17     0.081
1134.127     0.486
1132.002     0.81
1129.777     1.053
1127.715     0.81
1127.244     0.162
1123.283     1.782
1122.881     1.458
1121.052     0.729
1118.462     0.324
1118.292     -0.081
1114.54     0.324
1113.804     1.215
1112.528     0.81
1109.448     0.081
1108.272     -0.486
1105.752     0.567
1104.853     2.187
1101.364     0
1100.302     1.215
1099.516     0.729
1096.065     0
1095.889     0.648
1092.689     2.106
1091.363     0.648
1088.289     0.324
1087.032     -0.081
1086.397     0
1082.575     1.782
1082.431     1.62
1079.709     0.243
1077.999     0.162
1077.578     0.324
1073.549     1.539
1073.052     -0.162
1069.249     0
1068.633     0.729
1064.692     -0.081
1064.371     0.648
1062.372     0.891
1059.864     0.486
1059.7     0.324
1055.809     0.405
1055.193     1.539
1051.428     2.187
1050.944     1.296
1049.435     0.243
1046.418     0.81
1046.261     1.134
1042.584     1.377
1041.741     0.729
1040.742     1.134
1037.322     0.243
1036.273     0.486
1032.771     0.486
1032.677     0.648
1029.37     0.162
1028.333     -0.081
1027.548     0
1023.757     1.053
1023.097     1.134
1020.721     0.729
1019.143     0.324
1016.384     1.053
1014.793     0.486
1014.184     0.972
1010.242     0.81
1009.959     0.81
1007.696     -0.567
1005.433     0.486
1005.176     0.162
1001.171     0.405
1000.681     -0.081
996.702     0.486
996.344     0.324
994.571     1.134
991.881     0.729
991.692     1.296
987.908     0.405
987.248     -0.405
983.527     0.972
982.974     0.648
981.578     0.486
978.397     0.648
978.228     0.405
974.657     -0.486
973.677     1.215
972.715     1.458
969.295     1.296
968.365     0.81
964.769     0.324
964.637     0.324
961.387     0.81
960.067     1.377
959.426     1.296
955.648     0.648
955.026     0.405
952.662     0.567
950.921     1.053
948.319     1.377
946.666     0.972
946.037     0.486
942.152     0.81
941.612     0.162
939.613     0.486
937.017     1.053
935.219     1.296
932.862     1.296
931.02     1.053
928.392     -0.081
928.178     0.567
924.225     1.944
923.653     0.486
919.799     0.567
918.963     0.324
917.725     0.405
914.632     0.729
913.388     -0.405
910.867     0.162
910.024     -0.891
906.592     0.567
905.624     1.215
904.713     0.081
901.061     0.891
900.878     0.81
897.798     0.81
896.315     0.891
893.323     1.215
891.933     0.729
891.273     0.324
887.451     -0.567
887.231     -0.162
884.616     2.349
882.618     1.377
882.303     0.405
878.356     0.648
877.771     1.053
875.829     1.782
873.409     0.486
871.611     -0.405
868.977     -0.486
868.757     -0.324
864.948     0.081
864.275     0.729
863.056     0.729
859.938     0.729
858.668     0.972
855.374     1.296
855.217     0.567
851.634     0.162
850.704     0.81
847.297     -0.243
846.354     -0.081
845.342     -1.215
842.846     -0.405
841.539     0.486
838.326     0.81
836.881     1.296
836.321     1.782
832.619     1.377
831.827     0.567
829.501     0.648
827.778     -0.081
825.346     -0.405
823.642     -0.162
823.033     -0.567
819.06     1.053
818.771     0.567
816.539     0.81
814.144     0.486
812.107     1.296
809.958     2.754
809.379     0.567
805.476     -1.539
803.357     0.081
800.931     -0.162
800.246     -1.458
798.907     -0.891
795.839     0.324
794.488     0.405
791.251     1.134
791.119     1.62
787.466     1.377
786.417     -0.81
785.48     -1.215
782.104     -0.162
781.073     0.162
778.572     0.648
777.409     -0.972
774.272     0.405
773.034     1.863
772.279     0.972
768.445     1.944
767.684     0.567
765.377     -0.405
763.655     -0.162
760.977     -0.324
759.318     -0.486
758.689     -0.891
754.798     -0.891
754.232     2.349
752.284     1.863
749.901     0.405
747.896     1.701
745.426     1.377
745.25     1.701
741.315     0.891
740.68     0.243
739.234     0.243
736.342     -0.243
734.84     -0.972
732.376     -1.215
731.534     0.648
727.775     0.081
727.039     0.567
725.826     1.863
722.538     1.539
721.375     0.243
718.892     0
717.78     -0.081
714.436     -0.972
713.373     -1.458
712.562     0.648
708.803     0.972
708.011     0.81
705.597     0.324
703.951     2.673
701.141     1.458
699.651     1.215
699.035     -0.162
695.1     -1.62
694.836     -1.782
692.246     -0.486
690.247     -0.81
687.902     -0.243
685.941     0
685.338     1.296
681.459     1.458
681.082     2.106
679.115     -0.162
676.474     0.729
676.28     0.324
672.326     -1.053
671.729     -0.486
670.402     0.729
667.19     -0.243
663.607     0.729
662.727     0.81
661.602     1.539
658.239     1.296
657.063     0.972
654.505     0.486
653.487     -0.405
650.193     -0.162
648.891     -0.729
648.156     -1.134
644.372     -0.243
643.662     0.648
641.267     0.729
639.657     0.648
636.785     0.729
635.295     0.405
634.691     2.025
630.75     -0.324
630.09     0.405
628.028     -0.081
626.036     0
623.722     0.243
621.78     0.729
621.082     1.134
617.015     1.215
616.638     1.62
614.821     1.215
612.263     -0.081
612.005     0.972
608.139     0.486
607.479     0.243
603.72     -0.162
603.111     -0.243
601.772     0.081
598.509     0.648
598.314     1.296
594.643     0.405
593.726     1.701
590.243     1.053
589.306     0
588.288     0.567
584.623     0.567
584.479     0.729
581.355     -0.081
579.947     -0.081
579.362     0.081
575.54     1.539
574.836     1.053
570.983     0.972
570.775     1.134
568.116     1.215
566.224     0.162
565.904     -0.162
561.956     0.243
561.334     0.243
559.316     0.243
557.091     -0.567
554.847     1.296
552.841     1.458
552.188     1.296
548.347     1.377
547.699     0.972
546.053     0
543.28     0.648
541.646     0.486
539.276     0.324
538.465     -0.324
534.738     -0.243
532.732     0.648
530.193     0.162
529.281     0.891
525.812     1.296
524.944     1.296
523.85     0.162
520.211     -0.243
520.085     0.243
516.929     -0.243
515.584     0.243
512.523     0.243
511.146     0.081
510.354     -0.243
506.514     0.891
506.363     1.782
503.609     1.863
501.705     0.405
499.216     -0.243
497.336     0.162
496.789     -0.243
492.848     0.729
492.571     0.567
490.371     -0.324
487.926     0.162
485.927     0.324
483.695     1.215
483.029     1.215
479.188     0.486
478.497     0.81
477.133     -0.243
474.16     -0.162
472.764     1.701
470.3     0.729
469.382     0.324
465.736     0.81
464.907     0.729
463.813     0.648
460.305     0.567
460.117     0.243
456.653     -0.243
455.496     -0.81
452.372     0.891
451.159     1.539
450.348     0
446.589     0.324
446.407     -0.324
443.515     0.162
441.837     -0.648
439.065     0.729
437.518     0.891
436.921     0.567
432.936     0.81
432.257     0.81
430.29     0.891
427.995     0.486
425.852     1.539
423.771     0.405
423.136     -0.162
419.138     1.701
418.786     1.215
417.07     0.081
414.323     -1.053
412.77     0.972
410.35     1.458
409.59     -0.162
405.894     -0.567
405.032     0.081
403.976     1.296
400.676     0.243
397.018     -0.486
396.119     -0.081
395.113     -0.729
391.631     0.972
391.442     1.782
388.104     1.458
386.715     -1.458
383.717     0
382.415     0.324
381.711     0.729
377.789     1.782
377.588     1.053
374.935     -0.486
373.125     -0.729
370.604     0
368.806     0.405
368.171     0.81
364.324     -1.053
364.06     -0.81
361.91     1.134
359.559     1.296
359.302     0.324
355.404     0.891
354.732     0.405
353.198     1.053
350.42     0.081
348.836     0.324
345.887     0.162
345.699     0.729
342.047     0.243
341.097     0.243
337.577     0.648
336.804     0.729
335.679     0.486
332.297     -0.567
332.115     -0.243
328.746     0.972
327.469     -0.405
326.828     0.81
323.157     0.891
322.372     1.944
319.989     1.539
318.386     0.405
315.733     1.377
313.942     1.296
313.577     0.972
309.611     0.567
309.083     -0.891
305.123     -0.648
304.846     -0.243
302.677     1.863
300.371     0.324
300.125     0.405
296.171     0.891
295.549     0.891
291.752     0.081
291.294     0.324
289.634     0.081
286.793     -0.81
286.585     0.405
282.833     0.243
282.129     0.648
280.959     0.324
277.735     0.405
276.603     0.81
273.272     1.458
273.108     0.729
269.613     0.648
268.607     -0.567
264.188     0.081
264.019     0.486
260.97     0
259.48     -0.972
258.921     -1.296
255.18     1.458
254.552     1.701
250.699     0.486
250.573     0.729
247.87     -0.729
246.003     0.243
243.671     -0.162
241.804     0.81
241.232     0.891
237.372     -1.863
237.077     -1.215
235.059     0.891
232.639     2.106
230.753     0.648
228.484     -0.162
227.937     -0.324
224.121     0.405
223.587     0.486
222.185     1.134
219.287     0.729
217.986     -0.567
215.541     0.648
214.699     0.162
211.191     0.081
210.28     0.324
206.753     1.296
205.904     0.81
205.106     0.243
201.586     -0.162
200.75     0.324
197.117     -0.729
196.916     -0.081
193.98     0.648
192.547     -0.162
192.063     -0.486
188.291     -0.405
187.776     0.729
183.966     0.648
183.69     0.405
181.446     0.162
179.415     -0.324
177.272     0.081
175.047     0.324
174.795     -0.486
171.03     0.243
170.483     0.243
168.861     0
166.246     0.891
164.775     0.729
162.475     -0.324
161.884     -0.324
158.319     0
157.534     0.162
156.503     0.081
153.322     0.324
152.297     1.215
149.846     0.567
148.928     0.162
145.722     0.405
144.717     1.458
144.031     1.458
140.549     0.243
139.845     -0.567
137.469     -0.081
135.715     -0.486
132.013     0.243
131.51     0.81
129.347     0.729
127.65     0.648
125.299     0.972
123.596     0.486
123.174     0.162
119.415     -0.243
118.988     0.243
117.24     0.081
115.047     -0.648
113.199     -0.081
110.873     0.972
110.797     1.215
107.233     -0.324
106.718     0.486
105.435     0.81
102.77     0.243
101.525     -0.648
98.577     -0.405
98.477     -0.324
95.17     0.081
94.517     0.405
91.229     1.296
90.443     1.62
89.664     0.324
86.458     0.486
85.892     0.891
83.548     0.648
82.353     0.486
79.845     1.134
78.55     0.81
78.072     -0.567
74.477     0.162
74.15     -0.405
72.145     -0.162
70.372     -0.567
68.361     2.43
66.619     1.701
66.33     -0.162
62.684     0.891
62.445     0.567
60.842     0.243
58.554     -1.539
57.109     0.81
54.965     0.405
54.632     0.648
51.187     0.891
50.728     0.162
49.603     0.486
46.844     -0.486
45.901     -0.405
43.594     0.243
42.953     1.782
39.879     0.648
39.112     -0.162
38.445     0
35.453     0.486
34.906     1.215
32.694     1.215
31.807     0.243
29.161     -0.243
28.017     1.296
27.615     0.891
24.296     0.081
23.956     1.296
20.568     -0.405
20.53     -0.891
16.91     0.648
16.803     1.458
13.327     -0.648
13.257     -0.567
11.472     0.648
9.656     0.891
9.612     0.324
6.223     0
6.091     -0.081
2.772     0.243
2.433     0.648
1.371     1.539
