Distance_nm     Force_uN
-0.09     -3.645
0.89     2.025
2.632     5.265
2.911     3.078
3.822     4.536
6.107     19.44
6.086     16.524
8.798     26.406
9.224     29.646
9.924     31.023
11.867     38.799
12.346     45.927
12.946     47.709
15.4     58.887
15.426     56.781
17.806     67.635
18.543     73.062
18.859     66.582
21.613     70.875
21.576     75.978
23.608     85.779
24.624     85.617
24.803     94.365
27.673     102.951
27.641     101.169
29.479     111.537
30.716     112.671
30.795     110.403
32.295     114.858
33.817     121.824
35.249     124.416
36.723     130.41
36.886     132.03
38.145     138.186
39.935     140.049
39.93     146.286
42.767     150.822
43.02     151.632
43.994     161.838
46.011     156.978
46     156.897
48.748     169.128
49.085     171.072
49.78     179.901
51.686     185.409
52.05     181.521
52.687     181.845
55.193     186.705
55.161     187.353
58.189     195.615
58.568     204.201
60.479     204.687
61.147     210.438
63.401     217.485
64.264     218.943
64.601     218.619
66.407     224.37
67.371     227.853
67.587     229.068
70.324     242.514
70.33     241.623
72.157     247.698
73.362     251.991
73.541     254.016
76.416     265.194
76.427     271.431
77.98     268.839
79.454     271.269
79.57     269.649
82.513     282.933
82.66     285.768
83.924     292.734
85.572     296.136
85.767     294.03
86.83     299.052
88.794     305.856
89.784     310.392
91.548     321.003
91.89     327.645
92.711     331.452
95.022     342.549
95.691     340.281
97.618     344.736
98.092     347.247
98.676     347.166
101.24     362.313
101.235     360.207
103.678     367.011
104.384     374.787
104.347     376.083
106.537     380.214
107.358     384.264
107.727     381.672
110.507     393.174
110.459     396.819
112.555     398.52
113.613     403.461
113.829     401.598
115.524     404.514
116.82     413.505
116.999     414.801
119.868     421.686
119.942     419.823
121.574     424.683
123.032     432.297
123.153     434.727
126.049     433.431
126.207     433.512
127.544     448.416
129.366     450.846
129.356     452.952
132.283     461.781
132.541     465.345
133.494     473.121
135.384     475.308
135.716     475.713
136.584     479.763
138.838     483.327
139.591     493.452
141.47     496.125
141.928     496.287
142.634     503.82
145.04     504.954
145.624     516.456
147.557     519.534
148.715     520.911
150.589     526.5
151.4     534.681
153.638     540.027
154.575     545.94
154.87     552.015
156.634     555.903
157.855     559.305
158.076     559.386
160.935     572.103
160.977     571.05
162.762     569.997
164.173     576.234
164.168     575.343
167.132     586.845
167.248     587.736
168.743     590.976
170.502     598.023
170.538     602.964
173.46     613.575
173.624     612.036
174.866     612.684
176.693     621.594
176.814     624.024
179.721     634.311
180.052     637.47
180.984     635.931
182.816     640.143
183.206     636.417
184.048     639.414
186.433     655.776
187.076     652.86
188.992     659.988
189.656     667.197
192.167     677.97
192.825     685.989
193.378     683.154
195.284     685.341
195.989     690.768
198.074     699.192
199.217     703.566
199.47     699.597
201.223     704.862
202.413     708.264
204.245     716.364
205.64     723.654
205.824     724.464
208.82     737.343
208.999     738.963
210.426     741.636
212.074     746.415
212.264     752.49
213.527     753.867
215.438     766.827
216.512     763.02
218.334     770.229
218.603     779.301
221.498     781.407
221.825     781.488
222.809     784.566
224.71     792.504
225.157     791.613
227.779     802.629
228.353     805.545
228.911     809.028
231.475     822.069
231.439     822.312
233.961     824.985
234.634     828.387
235.182     833.247
237.988     838.674
238.367     848.475
241.226     842.157
241.516     844.668
244.475     858.195
244.496     858.357
246.339     868.644
247.65     876.663
247.934     877.797
250.956     884.682
251.161     879.822
252.667     885.33
254.283     894.321
255.784     898.938
257.379     907.119
257.632     911.655
260.496     916.353
260.723     916.839
261.928     921.132
263.971     933.606
263.992     931.824
266.898     943.083
267.256     943.002
268.209     940.653
270.468     950.697
270.473     953.937
273.243     969.489
273.743     969.975
274.517     964.143
276.433     973.701
277.134     979.938
279.703     986.418
280.398     992.493
280.835     992.898
283.689     1009.26
283.704     1005.858
286.01     1010.718
287.074     1012.905
287.411     1016.469
290.307     1021.572
290.317     1017.684
292.26     1029.51
293.576     1039.311
293.687     1036.638
296.704     1045.467
296.819     1047.168
298.509     1051.137
300.157     1054.863
300.273     1056.888
303.264     1073.169
303.511     1072.521
304.791     1081.755
306.76     1087.263
306.812     1081.917
309.803     1095.201
310.071     1096.659
311.098     1099.818
313.383     1108.323
313.394     1110.915
316.295     1117.719
316.758     1122.174
317.59     1127.115
320.101     1132.056
320.043     1135.296
322.739     1148.418
323.334     1149.714
323.976     1149.228
326.635     1157.004
326.614     1157.328
329.099     1166.805
329.947     1174.257
330.373     1175.877
333.295     1179.765
333.674     1187.46
335.496     1193.454
336.939     1189.566
338.624     1193.535
339.892     1210.14
341.767     1213.866
343.125     1217.835
343.462     1227.474
346.532     1232.982
346.663     1236.06
348.232     1232.82
350.006     1243.836
350.08     1239.057
353.123     1257.282
353.366     1253.718
354.64     1259.631
356.351     1269.027
356.719     1269.027
359.662     1268.379
359.984     1270.566
361.058     1278.909
362.974     1283.931
363.343     1285.875
366.117     1303.128
366.649     1302.156
367.397     1304.424
369.418     1311.228
370.077     1307.583
370.756     1312.119
373.378     1323.783
374.025     1326.537
375.989     1331.802
376.816     1327.509
379.132     1337.391
380.07     1342.494
380.464     1350.432
383.381     1359.99
383.46     1364.121
385.493     1375.785
386.682     1377.324
387.035     1371.006
390.126     1379.025
390.247     1377.081
392.053     1388.34
393.474     1391.985
393.743     1388.826
396.839     1404.783
396.986     1409.643
398.429     1415.718
400.335     1423.413
400.456     1422.279
403.488     1429.65
403.757     1433.619
404.894     1437.669
406.747     1442.61
407.142     1446.417
410.085     1455.327
410.496     1456.866
411.396     1457.271
413.845     1465.128
413.913     1467.558
416.64     1475.901
417.293     1480.275
417.957     1483.92
420.694     1487.079
421.231     1489.509
423.216     1500.039
424.138     1496.961
426.47     1510.083
427.491     1515.186
427.834     1517.292
430.819     1528.146
430.787     1529.847
432.925     1533.087
434.173     1532.601
436.168     1538.352
437.521     1545.48
437.906     1549.611
440.891     1560.384
440.996     1568.484
442.649     1571.481
444.429     1580.553
444.55     1579.662
447.735     1584.279
447.914     1588.329
449.257     1592.46
451.3     1606.149
452.474     1598.778
454.322     1602.585
454.764     1604.043
455.822     1604.367
458.181     1616.436
458.192     1617.165
461.029     1628.667
461.54     1634.256
462.404     1627.209
465.02     1647.297
465.057     1646.811
467.716     1647.783
468.458     1655.964
469.074     1656.612
471.739     1667.952
471.786     1673.946
474.166     1679.697
475.134     1683.342
475.614     1683.828
478.709     1691.28
479.057     1697.598
480.815     1702.215
482.095     1698.57
482.316     1704.24
485.375     1711.044
485.675     1716.957
487.249     1722.06
488.85     1726.596
489.05     1726.677
492.135     1740.366
492.43     1733.724
493.867     1743.768
495.847     1750.086
497.153     1765.8
498.927     1767.825
499.38     1774.467
500.538     1776.897
502.723     1786.536
503.823     1798.038
505.782     1796.904
506.203     1802.736
509.009     1814.319
509.525     1816.749
510.405     1817.154
512.384     1822.095
512.948     1823.148
515.701     1833.354
516.444     1832.625
517.075     1842.831
519.092     1849.23
520.019     1844.532
520.519     1847.772
523.351     1862.757
523.478     1865.592
525.763     1874.016
526.858     1875.717
527.284     1875.717
530.27     1882.926
530.417     1883.655
532.497     1894.023
533.734     1900.098
533.987     1913.058
537.151     1918.485
537.514     1918.971
540.599     1930.716
540.789     1931.04
542.437     1931.526
544.353     1949.67
544.432     1942.461
547.539     1952.181
547.802     1962.144
549.139     1959.795
550.95     1967.328
551.393     1964.736
552.461     1962.144
554.694     1973.97
554.799     1974.456
557.674     1978.749
558.269     1984.905
559.101     1989.198
561.654     1999.89
561.717     1995.678
564.613     2008.8
565.182     2006.856
565.798     2011.554
568.683     2028.888
568.641     2028.969
571.194     2036.745
572.216     2041.038
572.674     2039.013
575.643     2053.431
575.712     2057.886
577.976     2058.939
579.223     2073.114
579.487     2075.706
582.593     2076.84
582.709     2078.298
584.578     2080.404
586.2     2084.859
586.394     2086.398
589.495     2106.405
589.775     2108.106
591.28     2116.287
593.149     2113.695
594.576     2127.465
596.314     2134.836
596.745     2131.191
599.873     2142.774
600.136     2146.419
601.373     2146.5
603.316     2157.111
603.769     2159.217
606.759     2166.102
607.223     2164.158
608.128     2172.177
610.15     2174.283
610.771     2173.392
613.462     2185.38
614.073     2184.003
614.794     2194.047
617.616     2196.963
617.684     2198.745
620.222     2212.92
621.133     2211.138
621.623     2217.213
624.613     2229.93
624.75     2224.503
627.04     2237.301
628.193     2240.865
628.462     2241.594
630.068     2248.236
631.821     2253.663
631.895     2257.227
635.032     2264.193
635.227     2266.542
636.838     2274.318
639.029     2270.997
641.993     2283.309
642.367     2287.116
643.583     2290.842
645.552     2301.453
646.126     2304.693
647.137     2306.394
649.564     2319.111
649.569     2317.41
652.375     2326.239
653.06     2330.37
653.85     2327.454
656.619     2344.788
657.256     2343.087
659.315     2341.305
660.11     2355.156
662.674     2359.935
663.579     2360.583
664.143     2368.683
666.107     2374.839
667.233     2379.132
669.576     2380.347
670.84     2384.802
671.166     2385.369
674.146     2395.98
674.562     2405.943
676.294     2407.806
677.884     2423.844
678.1     2423.115
681.28     2431.539
681.575     2436.399
684.787     2440.368
685.176     2448.954
686.508     2450.979
688.614     2458.755
688.678     2458.431
691.821     2466.693
692.331     2468.718
693.5     2474.955
695.785     2482.893
695.827     2481.678
698.918     2501.037
699.434     2506.302
700.376     2507.355
702.398     2512.053
702.998     2509.137
703.814     2507.274
706.558     2533.518
706.621     2537.568
709.295     2540.808
710.122     2543.157
710.601     2548.989
713.586     2553.039
714.071     2562.678
716.066     2566.404
717.224     2574.585
719.457     2582.442
720.715     2582.361
721.089     2596.293
724.211     2592.405
724.353     2592
726.338     2604.474
727.986     2600.991
729.929     2613.384
731.482     2618.244
731.83     2615.085
734.978     2631.528
735.257     2629.26
736.705     2637.036
738.827     2647.08
738.885     2647.728
742.033     2659.716
743.592     2667.006
745.582     2675.187
746.103     2673.324
749.188     2686.77
749.767     2686.932
750.673     2687.256
753.342     2698.92
753.379     2698.515
756.106     2707.668
756.917     2712.528
757.623     2714.472
760.508     2731.077
761.171     2731.158
763.204     2738.043
764.22     2746.386
766.584     2746.629
767.674     2749.869
768.179     2749.788
771.196     2750.193
771.649     2758.86
773.465     2762.424
775.013     2774.412
776.966     2779.191
778.509     2781.702
778.82     2785.347
782.052     2802.6
782.3     2793.771
783.795     2800.818
785.769     2814.021
787.365     2815.965
789.202     2827.71
789.581     2837.187
790.792     2841.804
793.104     2853.387
794.299     2847.555
796.189     2853.954
796.679     2861.082
799.664     2870.316
800.364     2879.712
801.196     2879.145
803.876     2880.522
803.965     2883.519
806.793     2894.859
807.619     2895.912
810.404     2904.417
811.257     2901.339
811.926     2906.442
814.811     2917.782
814.959     2915.595
817.333     2924.1
818.444     2928.555
820.734     2944.755
821.94     2957.067
822.403     2949.453
825.583     2964.681
825.747     2969.379
827.663     2972.457
829.216     2979.018
829.653     2972.781
832.907     2983.149
833.286     2993.031
834.787     2997.405
836.708     3003.885
838.298     3013.119
840.083     3011.742
840.562     3022.758
843.658     3026.322
844.064     3024.945
845.422     3041.712
847.76     3043.899
848.818     3046.653
851.387     3053.214
852.372     3060.342
854.393     3068.766
855.152     3069.333
857.968     3081.564
858.779     3077.838
859.437     3079.377
862.349     3091.77
862.923     3099.303
864.945     3109.671
866.098     3109.671
868.514     3118.176
869.604     3121.335
870.141     3123.765
873.195     3131.46
873.369     3129.03
875.532     3140.37
876.991     3147.66
877.244     3147.336
880.487     3156.732
880.94     3164.913
882.524     3173.823
884.362     3182.166
886.105     3185.001
887.747     3187.755
888.311     3194.721
891.496     3208.896
891.859     3213.027
893.212     3218.778
895.429     3223.152
896.64     3225.987
898.598     3233.034
899.151     3231.9
902.231     3241.539
902.705     3242.673
903.663     3249.072
906.401     3260.007
907.349     3255.471
909.465     3259.521
910.26     3263.328
913.019     3277.746
913.83     3280.5
914.509     3280.743
917.452     3293.784
918.063     3292.164
920.106     3298.482
921.285     3309.984
921.706     3308.85
924.771     3317.517
924.981     3319.623
927.261     3331.773
928.688     3336.795
929.014     3342.222
932.163     3346.191
932.321     3344.733
934.29     3344.247
935.922     3352.185
936.106     3356.721
939.45     3375.594
939.729     3375.675
941.355     3380.697
943.356     3391.146
943.519     3387.339
946.757     3401.757
947.326     3403.539
948.463     3404.349
950.811     3413.745
950.975     3421.845
954.007     3430.35
954.539     3430.674
957.661     3435.129
958.43     3450.033
959.156     3448.494
961.947     3464.451
962.052     3463.641
964.864     3474.738
965.775     3476.52
966.38     3481.947
969.344     3489.399
969.897     3493.611
971.919     3506.49
973.24     3508.677
973.635     3507.543
976.789     3516.21
977.294     3519.774
979.19     3525.687
980.701     3528.765
980.969     3534.921
984.181     3548.529
984.707     3550.473
986.413     3558.978
988.172     3566.349
989.972     3570.642
991.652     3580.929
992.073     3574.773
993.489     3581.172
995.622     3594.618
997.059     3601.341
998.944     3608.226
999.455     3612.843
1002.619     3623.049
1003.056     3617.46
1004.272     3624.669
1006.689     3634.389
1006.842     3637.467
1009.985     3644.109
1010.543     3645.81
1011.496     3648.402
1014.291     3659.985
1014.439     3659.58
1017.15     3671.973
1018.003     3674.727
1018.704     3671.082
1021.705     3683.88
1021.836     3682.746
1024.374     3696.759
1025.606     3692.871
1026.117     3696.678
1029.26     3718.953
1029.418     3718.629
1031.629     3731.913
1033.177     3732.237
1033.551     3736.368
1036.594     3744.063
1037.11     3742.767
1038.884     3745.116
1040.648     3757.509
1042.401     3762.288
1044.039     3767.634
1044.46     3772.17
1047.698     3783.429
1048.035     3779.055
1049.625     3790.881
1051.799     3798.819
1051.942     3801.168
1055.227     3811.617
1055.859     3818.34
1057.001     3822.795
1059.486     3831.786
1059.565     3828.141
1062.472     3839.724
1063.203     3843.693
1064.046     3841.506
1066.963     3857.787
1069.827     3859.65
1070.627     3864.267
1071.443     3868.155
1073.46     3867.183
1074.465     3876.741
1077.161     3884.112
1078.314     3892.86
1078.614     3894.48
1081.868     3911.895
1082.042     3913.758
1084.016     3909.708
1085.811     3920.724
1086.001     3916.188
1089.391     3929.391
1089.923     3933.036
1091.329     3930.687
1093.382     3945.591
1094.788     3953.853
1096.641     3961.953
1097.231     3963.654
1100.495     3969.081
1101.001     3973.779
1102.191     3979.125
1104.244     3984.957
1104.834     3989.088
1107.872     4006.665
1108.577     4005.693
1109.467     4006.017
1112.368     4017.438
1112.51     4023.27
1115.153     4027.806
1116.201     4027.158
1116.812     4036.311
1119.839     4055.346
1120.502     4047.651
1122.508     4061.097
1123.782     4060.773
1125.709     4063.041
1127.326     4070.331
1127.868     4073.49
1129.432     4077.459
1131.432     4090.743
1133.08     4093.578
1134.792     4096.737
1135.229     4098.924
1138.524     4101.435
1138.919     4104.918
1140.272     4123.791
1142.257     4127.193
1142.889     4124.844
1143.889     4132.215
1146.506     4141.449
1146.622     4136.346
1149.591     4153.761
1150.271     4151.412
1151.176     4158.783
1154.135     4166.154
1154.272     4164.615
1156.968     4178.223
1157.815     4182.84
1158.605     4187.133
1160.706     4194.099
1161.864     4202.361
1164.355     4209.084
1165.56     4211.676
1166.103     4224.393
1169.325     4225.446
1169.777     4230.387
1171.704     4239.945
1173.294     4235.814
1173.574     4236.705
1177.17     4250.718
1178.828     4254.039
1180.692     4259.304
1181.102     4268.052
1184.351     4278.177
1184.672     4282.632
1186.11     4279.716
1188.521     4293.972
1189.727     4289.436
1191.775     4297.779
1192.506     4309.038
1195.508     4314.384
1196.081     4321.512
1197.103     4326.777
1199.888     4336.173
1200.025     4339.98
1202.973     4346.217
1203.884     4354.641
1204.532     4353.426
1207.617     4368.006
1208.307     4369.302
1210.355     4368.492
1211.466     4378.698
1213.967     4386.96
1215.199     4399.92
1215.783     4398.3
1219.068     4406.319
1219.29     4408.182
1221.469     4416.201
1223.054     4431.186
1225.065     4432.968
1226.566     4435.236
1227.103     4436.613
1230.425     4446.738
1230.694     4450.545
1232.389     4459.374
1234.174     4458.483
1234.727     4462.533
1237.907     4476.546
1238.307     4479.3
1239.77     4496.877
1241.724     4497.687
1242.287     4491.369
1243.403     4500.927
1246.004     4508.946
1246.167     4508.703
1249.205     4518.261
1250.079     4519.152
1250.943     4521.987
1253.738     4529.034
1254.633     4537.215
1256.776     4540.617
1257.671     4551.39
1260.457     4567.266
1261.373     4567.509
1262.11     4571.964
1265.285     4573.422
1265.432     4576.743
1267.933     4592.7
1269.181     4592.781
1269.628     4593.996
1272.892     4606.146
1273.098     4609.872
1275.314     4621.536
1276.725     4621.536
1277.241     4622.589
1280.516     4636.602
1280.764     4637.979
1282.754     4644.783
1284.676     4654.422
1284.881     4650.372
1288.219     4661.631
1288.73     4664.628
1292.015     4672.323
1292.352     4676.049
1293.9     4686.66
1295.795     4693.059
1296.385     4699.539
1299.623     4705.29
1300.144     4711.446
1301.308     4710.96
1303.924     4727.484
1304.182     4727.16
1307.199     4735.422
1308.073     4744.413
1308.868     4742.631
1311.727     4760.856
1312.548     4764.177
1314.686     4766.202
1315.797     4777.704
1318.377     4783.05
1319.482     4788.72
1320.177     4785.642
1322.131     4791.636
1323.447     4802.571
1325.874     4800.708
1327.333     4810.185
1327.696     4812.372
1330.955     4823.55
1331.566     4829.301
1334.883     4839.183
1335.125     4840.722
1337.052     4850.847
1338.974     4858.785
1339.253     4854.492
1342.485     4865.67
1343.033     4870.125
1344.46     4871.826
1346.692     4879.116
1346.892     4874.904
1350.109     4888.755
1350.762     4898.475
1351.762     4898.637
1354.489     4908.357
1355.537     4913.703
1357.554     4919.535
1358.58     4921.398
1359.381     4929.174
1362.313     4941
1363.05     4947.804
1365.251     4952.502
1366.383     4953.474
1368.847     4964.328
1369.963     4963.923
1370.616     4974.615
1372.617     4981.338
1374.002     4989.033
1376.36     4993.812
1377.871     4993.245
1378.219     4997.7
1381.62     5012.523
1382.173     5013.819
1383.889     5022.486
1385.753     5021.838
1385.932     5025.888
1389.27     5038.524
1389.723     5038.686
1393.103     5044.842
1393.435     5046.462
1395.019     5061.123
1397.283     5067.927
1397.536     5068.17
1400.769     5079.186
1402.522     5076.108
1404.517     5088.501
1405.228     5100.975
1408.371     5104.053
1408.966     5105.187
1410.13     5111.829
1412.978     5127.381
1413.205     5126.166
1416.158     5130.945
1417.117     5138.073
1419.886     5140.827
1420.792     5148.684
1421.539     5151.276
1424.698     5162.616
1424.872     5167.314
1427.457     5178.492
1428.742     5182.461
1429.258     5186.43
1432.543     5192.019
1432.727     5191.533
1434.991     5200.605
1436.681     5209.353
1436.939     5214.78
1440.251     5228.874
1440.814     5223.204
1442.489     5228.469
1444.437     5238.918
1446.185     5237.703
1448.006     5245.236
1448.559     5249.043
1451.85     5258.439
1452.271     5257.467
1453.729     5269.293
1456.157     5278.446
1456.351     5274.396
1459.489     5289.462
1460.216     5293.674
1461.285     5299.101
1463.954     5316.597
1464.123     5315.868
1467.145     5328.18
1468.087     5330.853
1471.025     5342.112
1471.857     5348.43
1472.647     5343.165
1475.748     5360.904
1475.958     5363.415
1478.686     5371.677
1479.923     5372.73
1480.412     5374.188
1483.619     5383.503
1484.282     5394.681
1486.293     5398.164
1487.968     5403.429
1490.121     5402.619
1491.511     5411.853
1492.069     5416.713
1495.434     5435.91
1495.66     5436.72
1497.682     5448.951
1499.382     5449.437
1499.84     5446.683
1503.147     5455.755
1503.536     5461.587
1505.269     5471.874
1507.643     5469.768
1509.033     5480.298
1510.949     5484.672
1511.639     5496.255
1512.85     5503.221
1515.393     5507.676
1518.705     5517.315
1519.379     5520.717
1520.537     5520.393
1523.254     5527.116
1523.464     5528.169
1526.623     5536.431
1527.55     5541.615
1528.245     5546.718
1531.293     5563.89
1532.02     5565.429
1534.137     5570.856
1535.442     5579.361
1538.033     5586.003
1539.165     5590.377
1539.802     5589.486
1543.166     5607.468
1543.319     5611.599
1545.63     5613.948
1547.246     5625.612
1549.352     5631.201
1550.895     5635.089
1551.437     5640.84
1553.117     5649.75
1555.033     5656.959
1556.934     5659.551
1559.035     5670.405
1559.256     5669.433
1562.546     5679.477
1563.184     5681.988
1564.5     5688.225
1566.932     5696.73
1568.285     5705.397
1570.297     5711.553
1571.002     5714.874
1574.072     5729.616
1574.993     5727.105
1578.036     5741.928
1578.763     5744.682
1579.805     5743.872
1581.869     5751.81
1582.911     5755.536
1585.865     5764.365
1586.881     5767.767
1587.513     5767.443
1590.572     5785.02
1590.793     5782.833
1593.426     5792.877
1594.747     5799.924
1595.205     5802.84
1598.464     5810.535
1599.096     5813.613
1600.949     5822.523
1602.708     5828.922
1604.888     5839.047
1606.383     5846.013
1607.036     5845.77
1608.699     5853.222
1610.579     5854.68
1612.427     5860.026
1614.565     5870.475
1614.765     5874.444
1617.992     5885.46
1618.487     5885.784
1619.824     5887.809
1622.499     5901.984
1623.531     5900.202
1625.663     5907.249
1626.527     5918.103
1629.554     5924.583
1630.402     5932.521
1631.244     5942.727
1634.351     5943.699
1635.13     5943.132
1638.32     5958.927
1639.089     5960.061
1641.048     5965.812
1642.385     5975.208
1644.854     5989.059
1646.139     5993.838
1646.734     5994.324
1648.619     6000.561
1650.288     6008.256
1652.525     6014.007
1654.047     6026.238
1654.594     6031.989
1658.027     6032.151
1658.306     6034.014
1660.075     6048.837
1662.192     6051.186
1663.84     6062.688
1665.783     6073.218
1666.304     6069.168
1667.657     6074.352
1670.142     6084.801
1671.611     6091.686
1673.633     6099.786
1674.275     6101.892
1677.366     6119.145
1678.224     6124.896
1679.161     6127.812
1682.004     6129.432
1682.146     6129.837
1685.142     6137.613
1686.084     6138.99
1686.895     6145.308
1689.938     6161.265
1690.749     6156.486
1692.85     6161.832
1694.05     6172.605
1696.667     6178.68
1697.868     6181.758
1698.52     6185.727
1701.721     6195.528
1701.906     6198.363
1704.259     6213.429
1705.96     6224.769
1706.37     6226.875
1709.772     6239.025
1710.303     6235.623
1711.983     6245.1
1713.942     6248.664
1715.842     6253.686
1717.901     6264.297
1718.175     6263.406
1721.602     6283.899
1722.06     6281.955
1723.334     6288.84
1725.862     6296.211
1726.056     6293.781
1729.273     6304.473
1730     6312.249
1733.19     6323.184
1733.812     6326.829
1734.986     6337.278
1737.118     6346.35
1738.087     6343.515
1741.109     6365.709
1742.109     6362.955
1742.846     6365.628
1745.763     6374.457
1745.905     6371.703
1748.717     6397.299
1750.507     6388.065
1752.602     6388.308
1753.892     6397.542
1756.309     6401.43
1757.599     6406.857
1758.247     6413.013
1761.495     6423.867
1761.753     6429.942
1763.917     6427.917
1765.47     6437.799
1766.012     6445.818
1769.45     6451.083
1769.998     6460.641
1773.483     6470.037
1773.82     6471.333
1775.516     6477.813
1777.753     6481.62
1778.001     6484.212
1781.228     6502.032
1781.876     6501.789
1783.082     6509.079
1785.625     6514.83
1786.978     6519.204
1789.12     6524.631
1789.852     6531.354
1793.001     6540.75
1793.696     6542.694
1794.78     6547.716
1797.76     6561.972
1797.981     6563.916
1800.919     6580.359
1801.883     6592.185
1802.609     6595.02
1805.732     6606.117
1806.516     6618.996
1808.596     6622.803
1809.944     6615.027
1812.439     6620.697
1813.703     6621.102
1814.403     6633.657
1817.709     6641.433
1817.899     6638.112
1820.142     6659.091
1821.895     6669.459
1823.98     6675.777
1825.575     6682.905
1826.139     6677.64
1829.435     6685.254
1829.845     6692.301
1831.609     6702.102
1833.899     6706.719
1835.468     6710.931
1837.458     6716.925
1838.085     6719.922
1841.312     6730.614
1841.855     6730.614
1843.134     6744.465
1845.272     6747.138
1846.077     6749.244
1849.141     6758.478
1850.015     6765.525
1850.958     6770.142
1853.801     6767.307
1854.828     6781.644
1857.002     6789.177
1857.939     6791.202
1860.83     6801.975
1861.983     6812.91
1862.583     6812.262
1865.826     6826.68
1868.59     6829.029
1869.812     6835.752
1870.407     6835.59
1873.797     6846.12
1874.019     6850.656
1876.23     6863.778
1877.962     6874.956
1880.047     6879.492
1881.7     6887.592
1882.269     6890.103
1885.591     6901.281
1885.96     6901.605
1887.734     6907.518
1889.55     6917.562
1890.151     6913.755
1893.483     6923.151
1893.947     6931.008
1895.489     6929.064
1897.464     6932.061
1898.148     6941.538
1899.375     6941.457
1902.039     6956.361
1903.234     6966.081
1905.282     6968.349
1906.056     6977.826
1909.141     6983.172
1909.868     6983.982
1910.889     6995.646
1913.106     7002.774
1914.091     7009.335
1916.844     7018.488
1917.755     7016.949
1918.661     7030.8
1921.698     7039.548
1921.935     7034.364
1924.51     7047.486
1925.932     7043.679
1926.484     7051.941
1929.754     7069.113
1929.98     7071.3
1932.271     7081.263
1933.961     7088.877
1934.255     7090.983
1937.583     7096.815
1938.199     7099.083
1941.611     7107.993
1941.9     7110.504
1943.78     7120.386
1945.575     7122.33
1946.149     7126.623
1947.592     7140.717
1949.998     7139.988
1951.409     7153.353
1953.362     7158.78
1954.083     7155.783
1957.353     7169.067
1957.916     7171.983
1959.164     7185.834
1961.307     7191.18
1962.086     7193.367
1965.14     7205.193
1966.093     7200.252
1966.977     7205.841
1969.905     7218.396
1970.026     7222.932
1972.937     7233.462
1973.864     7232.166
1974.728     7234.272
1976.818     7246.746
1978.571     7260.516
1980.661     7265.295
1982.041     7260.516
1982.541     7263.027
1986.058     7277.526
1988.464     7284.006
1989.864     7293.726
1990.38     7302.636
1993.666     7309.521
1993.913     7309.521
1995.998     7313.895
1997.63     7322.967
1998.352     7334.145
1999.984     7336.332
2002.027     7347.51
2003.732     7348.806
2005.565     7354.8
2006.249     7362.414
2009.592     7367.355
2010.003     7371.972
2011.446     7378.128
2014.062     7394.328
2014.362     7396.92
2017.532     7399.917
2018.237     7416.117
2021.16     7416.765
2022.007     7421.22
2022.95     7424.298
2025.035     7427.457
2026.188     7437.501
2026.898     7440.903
2029.963     7455.24
2030.647     7464.555
2032.753     7470.63
2034.138     7473.546
2036.733     7476.462
2037.908     7481.565
2038.518     7486.02
2040.414     7485.939
2041.993     7498.251
2044.268     7506.594
2046.1     7513.965
2046.368     7516.395
2049.638     7527.978
2049.98     7525.224
2051.907     7533
2053.997     7543.287
2054.282     7542.153
2057.541     7553.412
2058.204     7557.948
2059.584     7568.64
2061.995     7576.335
2063.474     7583.382
2065.48     7592.049
2066.196     7599.906
2067.276     7606.629
2069.982     7609.059
2071.235     7619.184
2073.941     7628.742
2074.115     7628.823
2077.169     7638.219
2077.937     7636.113
2078.943     7643.484
2081.87     7646.481
2082.781     7655.148
2084.845     7663.248
2085.988     7671.591
2086.582     7673.211
2089.863     7682.688
2090.078     7686.819
2092.516     7693.218
2093.969     7697.511
2096.407     7708.608
2097.728     7711.929
2098.371     7718.085
2100.224     7726.752
2102.362     7737.363
2105.589     7744.572
2105.9     7744.005
2107.827     7750.647
2109.891     7753.077
2110.149     7749.432
2113.555     7763.85
2113.903     7766.928
2115.493     7768.71
2117.82     7781.67
2119.273     7782.642
2121.221     7784.748
2122.016     7791.147
2124.906     7806.699
2125.675     7812.936
2126.686     7818.12
2128.824     7826.625
2129.871     7833.51
2130.55     7836.021
2133.62     7850.763
2134.415     7852.95
2136.458     7861.293
2137.716     7871.58
2140.38     7875.063
2141.549     7877.331
2142.181     7881.786
2144.076     7890.453
2145.624     7907.301
2147.914     7904.061
2149.547     7914.267
2149.905     7911.594
2153.222     7928.037
2153.48     7935.975
2155.475     7940.268
2157.47     7948.125
2157.692     7945.695
2161.035     7957.359
2161.577     7957.683
2162.941     7963.596
2165.284     7980.687
2166.774     7979.877
2168.711     7983.117
2169.411     7985.952
2172.67     7995.348
2176.667     8036.82
2176.008     8024.508
2174.034     8017.137
2173.355     8020.701
2172.95     8018.433
2170.206     8013.816
2169.98     8008.065
2168.237     8004.663
2167.069     8004.906
2165.247     8000.289
2164.083     7991.217
2163.888     7998.426
2160.977     7983.684
2160.966     7978.5
2159.376     7975.422
2157.897     7971.696
2157.749     7967.322
2156.402     7963.596
2154.633     7964.73
2151.753     7950.069
2151.563     7953.471
2150.478     7946.424
2148.488     7931.439
2147.572     7934.598
2145.803     7931.601
2145.377     7927.065
2142.681     7915.158
2142.365     7909.407
2141.665     7915.077
2139.227     7903.575
2138.653     7902.927
2136.747     7897.257
2136.042     7896.69
2133.541     7882.272
2132.851     7878.303
2132.462     7871.499
2129.771     7866.153
2129.777     7864.938
2127.586     7852.95
2126.696     7850.196
2126.407     7849.953
2123.59     7840.314
2123.358     7845.012
2121.632     7838.289
2120.389     7832.295
2118.557     7821.117
2117.256     7816.986
2117.025     7817.229
2114.124     7806.132
2113.971     7809.777
2112.66     7802.082
2110.954     7799.49
2110.891     7798.356
2107.969     7782.804
2107.79     7785.315
2104.884     7777.458
2104.673     7771.383
2103.641     7763.364
2101.472     7763.283
2101.482     7760.286
2098.729     7749.108
2098.371     7748.622
2095.696     7733.232
2095.264     7734.852
2094.569     7734.771
2092.585     7723.188
2092.011     7724.97
2089.505     7718.328
2088.82     7713.873
2088.467     7714.845
2085.719     7705.287
2085.677     7704.72
2083.555     7694.595
2082.565     7690.383
2080.412     7685.604
2079.417     7680.906
2079.211     7679.286
2076.179     7662.114
2075.873     7669.809
2074.283     7664.463
2072.793     7656.282
2072.662     7654.419
2069.819     7641.054
2069.682     7641.378
2066.733     7636.194
2066.586     7630.929
2065.233     7629.309
2063.385     7626.879
2062.29     7624.125
2060.194     7612.947
2059.11     7612.056
2057.004     7601.202
2057.035     7598.772
2054.297     7593.507
2053.803     7583.139
2052.997     7576.497
2050.486     7566.291
2049.996     7566.048
2048.006     7563.618
2047.29     7559.811
2044.873     7545.96
2044.12     7540.695
2043.688     7537.698
2040.961     7525.143
2040.972     7526.52
2038.845     7519.068
2037.781     7518.42
2037.539     7521.822
2034.575     7503.597
2034.206     7504.65
2032.59     7498.818
2031.168     7502.706
2029.447     7493.877
2028.083     7488.531
2027.925     7485.21
2024.945     7473.06
2024.819     7473.222
2023.318     7469.901
2021.47     7463.421
2021.423     7464.96
2018.495     7455.564
2018.295     7455.888
2017.163     7446.654
2015.047     7443.333
2014.004     7433.451
2012.114     7429.968
2011.698     7426.566
2009.076     7413.039
2008.613     7405.263
2007.902     7404.615
2005.428     7395.867
2005.396     7396.839
2002.837     7389.468
2002.058     7387.038
1999.62     7378.371
1998.778     7377.399
1998.388     7373.673
1995.572     7358.931
1995.103     7355.043
1993.202     7348.482
1992.218     7344.027
1991.928     7345.728
1988.996     7341.111
1988.753     7339.815
1985.763     7329.528
1985.705     7332.039
1983.947     7321.671
1982.467     7315.191
1982.383     7318.674
1979.303     7309.116
1979.15     7300.125
1977.813     7290.162
1975.928     7287.408
1974.617     7279.551
1972.895     7275.096
1972.637     7282.062
1969.689     7272.99
1969.389     7268.292
1966.535     7258.086
1966.177     7257.438
1965.356     7258.248
1962.913     7244.235
1962.223     7245.126
1960.222     7237.188
1959.633     7234.839
1957.037     7233.543
1956.353     7232.247
1955.916     7221.798
1953.104     7215.399
1952.636     7209.324
1950.735     7205.679
1949.771     7198.875
1947.55     7198.389
1946.491     7194.096
1946.154     7189.398
1943.138     7177.491
1943.106     7178.139
1941.153     7170.687
1939.873     7165.422
1939.726     7167.204
1936.667     7154.163
1936.467     7147.602
1934.982     7143.957
1933.324     7141.284
1933.25     7145.82
1930.212     7126.785
1929.875     7124.031
1928.69     7111.638
1926.637     7115.121
1925.442     7108.722
1923.62     7102.809
1923.273     7108.398
1920.44     7091.145
1920.093     7089.606
1919.266     7079.481
1916.834     7069.194
1916.776     7067.574
1914.038     7063.362
1913.527     7062.228
1912.885     7058.502
1910.221     7058.502
1909.657     7058.664
1906.914     7047
1906.872     7049.025
1904.466     7035.093
1903.471     7031.205
1903.124     7025.373
1900.286     7018.731
1899.922     7020.756
1898.122     7010.469
1896.8     7004.07
1894.989     7004.232
1893.446     6995.565
1891.783     6987.951
1890.314     6986.007
1889.987     6976.449
1888.561     6965.109
1886.876     6969.726
1885.417     6960.087
1883.78     6954.741
1883.438     6946.641
1880.452     6937.812
1880.068     6937.326
1878.936     6933.762
1876.83     6931.089
1876.762     6933.114
1873.85     6925.338
1873.445     6923.151
1870.128     6904.197
1870.107     6902.901
1867.343     6901.281
1866.753     6889.131
1866.126     6886.134
1863.531     6867.909
1862.909     6874.389
1860.93     6866.613
1860.077     6866.937
1857.729     6858.918
1856.697     6840.936
1856.281     6849.603
1853.448     6841.908
1853.174     6836.481
1851.384     6832.998
1850.1     6827.976
1848.104     6825.06
1846.841     6819.39
1846.593     6819.957
1843.508     6805.134
1843.218     6807.807
1841.655     6802.056
1839.991     6791.121
1839.965     6791.769
1836.89     6784.965
1836.6     6777.837
1833.557     6767.955
1833.299     6767.469
1832.12     6763.905
1830.303     6757.02
1829.829     6755.724
1826.96     6751.026
1826.481     6744.708
1823.596     6730.695
1823.069     6730.452
1822.264     6732.153
1819.747     6719.598
1819.789     6722.109
1817.051     6713.766
1816.356     6704.694
1815.788     6709.716
1813.05     6688.899
1812.529     6688.656
1810.57     6680.961
1809.596     6680.07
1807.348     6666.138
1806.321     6664.356
1805.947     6664.356
1802.941     6652.287
1802.609     6642.324
1800.835     6637.788
1799.408     6635.601
1797.608     6629.526
1796.239     6627.501
1795.965     6621.588
1792.864     6617.862
1792.653     6619.968
1791.148     6607.818
1789.394     6606.441
1788.025     6588.378
1786.214     6591.375
1785.925     6587.325
1782.908     6577.443
1782.555     6575.013
1781.449     6566.427
1779.091     6571.125
1779.049     6569.019
1776.179     6554.196
1775.763     6558.327
1774.889     6551.199
1772.299     6544.395
1771.604     6545.367
1769.103     6532.488
1768.476     6524.793
1766.449     6525.927
1765.56     6523.254
1763.106     6517.26
1762.195     6510.132
1761.795     6506.001
1758.794     6501.951
1758.784     6499.845
1756.572     6489.639
1755.414     6483.078
1755.082     6484.86
1751.934     6474.249
1751.855     6473.844
1750.044     6466.149
1748.454     6460.236
1748.311     6460.074
1745.237     6440.391
1745.068     6439.824
1743.578     6440.148
1741.725     6437.232
1741.567     6433.182
1738.561     6424.839
1738.218     6419.331
1737.055     6413.175
1734.807     6404.913
1733.748     6398.514
1731.837     6392.034
1731.242     6391.953
1730.347     6389.766
1727.931     6378.669
1727.12     6374.862
1725.161     6363.117
1724.524     6360.201
1723.824     6359.31
1721.16     6348.051
1720.481     6347.322
1718.496     6341.895
1717.601     6335.172
1715.142     6326.91
1714.257     6319.539
1713.81     6328.449
1710.772     6314.841
1710.725     6311.196
1708.561     6308.199
1707.381     6290.703
1707.087     6289.893
1704.017     6286.491
1703.68     6288.759
1701.99     6284.223
1700.395     6276.447
1700.258     6269.319
1697.188     6258.951
1696.815     6267.861
1695.409     6255.954
1693.492     6256.845
1692.15     6241.455
1690.396     6236.838
1690.054     6231.411
1688.88     6220.476
1686.679     6223.068
1685.668     6212.133
1683.689     6205.086
1683.157     6204.762
1680.346     6192.207
1679.83     6194.313
1678.982     6190.425
1676.302     6177.951
1676.307     6175.683
1672.917     6171.957
1672.853     6171.066
1670.363     6157.296
1669.352     6153.489
1668.915     6153.894
1666.009     6140.772
1665.962     6144.498
1663.634     6134.049
1662.429     6136.155
1662.113     6138.099
1659.259     6127.164
1658.775     6123.924
1657.053     6115.743
1655.574     6114.933
1655.363     6115.986
1652.288     6096.546
1651.836     6096.06
1650.335     6092.496
1648.598     6081.885
1647.081     6078.888
1645.375     6072.165
1645.023     6064.875
1643.775     6059.205
1641.653     6049.323
1640.495     6050.457
1638.636     6047.379
1638.141     6044.787
1635.161     6029.559
1634.709     6027.939
1633.798     6027.291
1631.228     6016.923
1631.165     6016.356
1628.322     6004.044
1627.606     6004.125
1626.969     6003.882
1624.226     5988.168
1624.252     5985.657
1621.709     5982.174
1620.751     5975.856
1620.277     5977.152
1617.339     5965.812
1616.96     5961.681
1615.044     5953.905
1613.78     5953.257
1611.611     5948.316
1610.342     5937.948
1609.979     5940.135
1606.841     5926.041
1606.73     5926.932
1604.924     5920.533
1603.434     5910.894
1603.024     5903.199
1599.97     5895.666
1599.733     5898.582
1598.254     5895.99
1596.242     5884.812
1596.085     5883.192
1593.073     5874.606
1592.731     5870.151
1591.546     5867.64
1589.335     5855.166
1589.166     5854.842
1586.286     5850.63
1585.707     5843.988
1584.786     5843.178
1582.259     5832.486
1581.479     5829.246
1579.473     5822.604
1578.721     5819.04
1577.994     5823.414
1575.319     5815.962
1574.645     5804.379
1572.592     5800.653
1571.128     5798.871
1569.186     5789.718
1568.18     5785.992
1565.763     5777.487
1564.71     5774.571
1564.289     5773.113
1561.183     5765.094
1561.078     5767.2
1559.082     5757.399
1557.561     5748.732
1557.413     5750.757
1554.328     5738.364
1554.186     5734.8
1552.343     5726.781
1550.532     5720.949
1549     5718.519
1547.31     5709.609
1546.957     5705.073
1545.625     5701.428
1543.535     5695.191
1542.224     5691.87
1540.302     5687.415
1539.844     5682.798
1536.853     5671.782
1536.406     5674.698
1535.426     5669.514
1532.826     5661.333
1532.773     5657.364
1529.919     5649.588
1529.314     5645.781
1528.466     5641.65
1525.739     5637.843
1525.686     5642.298
1523.022     5626.665
1522.148     5617.917
1521.648     5617.755
1518.752     5607.63
1518.615     5609.979
1516.241     5603.175
1515.088     5601.717
1514.74     5600.097
1511.597     5592.321
1511.26     5586.489
1509.433     5577.417
1507.964     5575.392
1506.064     5558.787
1504.568     5553.36
1504.331     5555.466
1502.726     5552.955
1500.756     5541.453
1499.282     5536.35
1497.561     5525.496
1497.129     5522.823
1494.012     5518.692
1493.749     5522.742
1492.396     5523.876
1490.163     5505.327
1490.09     5504.517
1487.12     5495.04
1486.636     5489.289
1485.667     5484.672
1483.119     5481.27
1482.213     5471.388
1480.191     5465.232
1479.47     5464.503
1478.707     5459.724
1476.064     5454.945
1475.284     5449.68
1473.305     5436.882
1472.336     5435.262
1469.814     5432.427
1468.872     5431.86
1466.355     5433.561
1465.291     5419.872
1464.886     5415.741
1461.816     5402.781
1461.722     5398.245
1459.621     5392.98
1458.147     5390.145
1457.894     5387.229
1454.725     5376.78
1454.266     5374.188
1452.676     5369.652
1450.981     5356.125
1449.375     5347.134
1447.659     5344.137
1447.232     5344.704
1444.11     5337.414
1443.884     5338.953
1442.515     5324.049
1440.304     5324.13
1440.188     5322.672
1437.134     5313.195
1436.602     5306.634
1433.707     5286.951
1433.085     5287.599
1432.222     5281.038
1429.532     5273.829
1429.416     5273.748
1426.462     5260.14
1425.778     5260.383
1425.214     5256.657
1422.313     5243.454
1421.718     5243.616
1419.733     5236.812
1418.622     5233.086
1418.191     5231.223
1415.111     5220.855
1414.705     5212.593
1412.894     5207.976
1411.499     5205.384
1409.477     5204.412
1408.024     5198.337
1407.676     5192.262
1404.486     5184.081
1404.244     5185.62
1402.596     5178.33
1400.721     5169.906
1400.506     5166.099
1397.462     5155.002
1397.052     5142.771
1395.778     5146.902
1393.514     5146.335
1392.392     5131.593
1390.439     5125.761
1389.818     5127.219
1388.765     5127.219
1386.327     5120.01
1385.279     5111.505
1383.194     5101.218
1382.531     5101.947
1381.815     5097.492
1379.051     5093.361
1378.319     5088.339
1376.271     5077.485
1375.36     5079.996
1372.843     5072.787
1371.869     5070.519
1371.274     5066.064
1368.273     5056.992
1368.173     5063.067
1365.851     5047.758
1364.535     5042.493
1362.513     5039.415
1361.008     5028.237
1360.723     5028.237
1357.554     5019.084
1357.185     5008.716
1355.569     5007.177
1353.773     5004.099
1352.031     4995.432
1350.335     4987.575
1349.925     4987.089
1346.787     4972.914
1346.45     4972.833
1345.17     4970.079
1342.849     4952.259
1342.77     4953.312
1339.668     4948.533
1339.231     4945.86
1338.242     4945.698
1335.604     4936.059
1334.64     4935.897
1332.571     4927.473
1331.829     4919.454
1329.012     4915.89
1328.259     4910.868
1327.727     4906.899
1324.584     4895.235
1324.495     4893.129
1322.278     4887.378
1321.036     4872.879
1320.688     4867.776
1317.482     4862.187
1317.061     4857.165
1315.355     4855.221
1313.691     4852.791
1313.459     4843.152
1310.263     4836.024
1309.848     4833.999
1308.41     4828.41
1306.383     4823.307
1304.825     4817.151
1303.024     4814.397
1302.524     4816.746
1299.481     4806.297
1299.096     4802.49
1297.785     4797.711
1295.442     4787.1
1295.358     4782.726
1292.347     4770.171
1291.81     4776.084
1290.851     4770.009
1288.203     4762.071
1287.276     4759.56
1285.207     4751.379
1284.397     4744.413
1281.675     4734.045
1280.785     4730.562
1280.137     4729.833
1277.104     4718.25
1277.036     4715.172
1274.583     4703.751
1273.545     4704.48
1273.029     4697.514
1269.944     4684.392
1269.433     4682.205
1267.596     4673.133
1266.116     4673.619
1265.864     4674.672
1262.589     4664.304
1262.183     4665.924
1260.509     4661.955
1258.788     4653.45
1255.35     4641.3
1255.081     4637.736
1253.602     4642.596
1251.79     4636.44
1251.343     4630.527
1248.237     4621.05
1247.689     4613.031
1246.62     4611.897
1244.125     4594.644
1243.151     4594.077
1241.081     4591.566
1240.45     4579.983
1237.422     4573.827
1236.769     4567.833
1235.922     4563.945
1233.884     4561.758
1233.005     4558.437
1230.593     4554.387
1229.367     4541.346
1228.961     4540.374
1225.829     4530.978
1225.66     4528.143
1223.602     4517.208
1222.101     4514.292
1220.121     4509.189
1218.626     4497.849
1218.205     4499.955
1214.93     4493.718
1214.677     4494.123
1213.061     4485.537
1211.071     4473.468
1210.934     4476.546
1207.791     4467.636
1207.191     4458.321
1206.069     4457.754
1203.605     4443.255
1202.521     4444.146
1200.478     4438.638
1199.872     4431.429
1196.834     4414.5
1196.245     4416.525
1195.344     4420.17
1192.512     4407.858
1192.396     4408.749
1189.758     4402.188
1188.816     4391.172
1186.236     4383.558
1185.241     4386.393
1184.609     4379.994
1182.635     4364.523
1181.355     4366.953
1179.081     4349.457
1177.928     4346.703
1177.475     4345.731
1174.205     4336.902
1174.005     4334.634
1172.005     4329.936
1170.336     4318.839
1170.062     4312.764
1166.861     4313.331
1166.45     4310.901
1164.902     4299.885
1162.917     4284.414
1161.496     4276.8
1159.616     4278.582
1159.153     4279.473
1156.025     4269.267
1155.594     4265.46
1154.272     4260.195
1151.934     4262.625
1150.729     4245.615
1148.117     4236.867
1147.101     4240.269
1144.458     4222.206
1144.305     4217.913
1141.362     4211.352
1140.567     4211.595
1139.888     4204.062
1136.992     4195.152
1136.382     4198.716
1134.349     4192.803
1133.217     4181.544
1130.748     4179.6
1129.563     4175.145
1129.068     4172.958
1125.931     4158.297
1125.831     4157.163
1123.63     4155.786
1122.071     4146.714
1121.861     4146.39
1118.617     4142.097
1118.207     4140.801
1114.964     4124.844
1114.748     4117.878
1113.116     4114.557
1110.983     4105.647
1110.815     4108.158
1107.593     4098.519
1107.25     4099.005
1105.766     4092.12
1103.539     4077.783
1103.344     4073.571
1100.153     4072.761
1099.637     4073.571
1098.6     4071.789
1095.994     4056.075
1094.993     4047.894
1092.977     4041.657
1092.208     4037.364
1089.27     4026.429
1088.523     4021.893
1087.828     4015.17
1084.911     4006.017
1084.748     4007.475
1082.157     4000.266
1081.031     3995.973
1080.567     3989.736
1077.487     3975.156
1076.919     3975.318
1074.96     3974.994
1073.533     3967.299
1071.338     3964.464
1070.1     3948.669
1069.648     3945.348
1066.41     3942.108
1066.215     3941.055
1064.298     3929.229
1062.429     3920.967
1062.192     3916.836
1059.044     3910.032
1058.486     3903.147
1057.101     3896.019
1054.985     3894.885
1053.568     3879.252
1051.62     3877.551
1051.041     3877.551
1047.83     3864.834
1047.356     3858.84
1046.224     3846.123
1043.628     3846.366
1043.507     3842.559
1040.622     3833.892
1039.042     3836.97
1037.005     3828.384
1036.125     3824.172
1033.382     3817.287
1032.529     3811.212
1031.919     3808.539
1028.807     3800.844
1028.707     3796.956
1026.175     3788.613
1025.016     3782.862
1024.664     3784.725
1021.426     3768.201
1020.841     3765.852
1018.962     3753.378
1017.403     3743.334
1015.413     3745.845
1013.897     3740.256
1013.47     3736.773
1010.158     3728.754
1009.958     3724.218
1008.137     3712.392
1006.152     3716.037
1005.962     3715.065
1002.598     3695.706
1002.15     3695.139
1000.892     3698.784
998.575     3688.578
997.286     3685.095
995.253     3676.833
994.721     3677.562
991.663     3667.194
991.057     3663.711
990.151     3665.412
987.424     3651.723
987.229     3652.452
984.402     3642.894
983.475     3640.869
982.828     3637.548
979.864     3619.323
979.248     3614.625
977.131     3606.687
975.989     3598.911
973.451     3592.674
972.356     3591.783
971.829     3587.976
968.654     3580.524
968.465     3581.739
966.206     3568.698
964.769     3557.763
964.427     3560.679
961.173     3551.364
960.641     3551.283
959.004     3547.638
957.177     3537.837
955.36     3528.117
953.633     3522.933
953.154     3518.964
949.964     3499.119
949.679     3502.683
948.1     3505.518
945.789     3496.932
945.652     3493.854
942.514     3483.81
941.94     3484.458
940.929     3475.953
938.307     3463.884
937.249     3451.734
934.506     3456.513
934.39     3454.812
931.463     3436.83
930.546     3431.727
927.745     3425.409
926.845     3422.007
924.128     3409.128
923.239     3406.212
922.591     3403.701
919.437     3390.255
918.811     3393.414
916.826     3386.286
915.51     3382.074
913.177     3371.22
911.882     3365.874
911.387     3357.855
908.154     3350.322
907.933     3350.16
905.88     3340.44
904.085     3338.982
903.906     3338.415
900.61     3322.701
900.167     3331.125
898.788     3322.377
896.566     3309.093
894.981     3306.177
893.06     3300.021
892.528     3291.435
889.343     3285.765
888.916     3283.821
887.7     3277.989
885.083     3267.297
884.983     3271.752
881.94     3253.041
881.255     3256.362
878.307     3249.234
877.57     3244.374
876.685     3238.056
873.8     3222.099
873.69     3218.859
870.894     3207.924
869.846     3209.301
869.325     3206.952
866.229     3196.989
865.571     3194.235
863.549     3184.191
862.244     3177.873
859.953     3172.446
858.605     3167.505
858.147     3168.234
854.909     3159.486
854.715     3160.944
852.582     3147.417
850.866     3137.049
850.639     3135.267
847.386     3129.678
847.065     3126.762
845.253     3124.251
843.19     3113.964
843.089     3112.02
839.788     3108.375
839.214     3100.113
837.946     3099.87
835.65     3088.935
834.302     3082.293
831.817     3076.218
831.77     3070.791
828.648     3059.694
828.084     3063.663
827.1     3056.859
824.362     3043.98
823.451     3040.821
820.539     3029.238
820.434     3029.481
816.707     3017.655
816.528     3013.524
813.979     3010.527
812.81     3005.343
810.204     3004.614
809.078     2995.218
808.456     2985.012
805.245     2975.373
805.103     2979.585
802.912     2970.189
801.333     2957.391
801.017     2955.447
797.826     2944.107
797.268     2944.35
795.557     2938.356
793.656     2929.851
791.856     2925.234
790.171     2919.159
789.702     2912.598
786.428     2908.548
786.17     2907.333
784.732     2895.831
782.374     2888.055
780.978     2876.067
779.02     2869.992
778.377     2870.721
775.245     2863.35
774.65     2860.191
773.502     2850.471
770.675     2839.293
770.533     2842.776
767.695     2831.679
766.71     2832.084
763.935     2814.831
763.056     2807.784
762.319     2804.787
760.218     2795.067
759.076     2790.288
756.496     2785.752
755.269     2781.945
754.795     2776.68
751.621     2764.125
751.094     2769.552
749.267     2767.203
747.756     2761.128
745.555     2756.106
743.902     2735.856
743.613     2734.479
740.322     2731.563
740.085     2725.326
738.242     2713.662
736.247     2714.148
734.53     2706.048
732.772     2703.699
732.188     2701.107
730.913     2692.926
728.623     2684.421
727.265     2676.24
724.822     2670.975
724.69     2668.869
721.505     2655.909
720.81     2657.448
719.852     2656.314
717.172     2644.407
716.224     2643.111
714.06     2632.419
713.191     2628.774
710.301     2622.537
709.432     2621.646
708.753     2613.465
705.531     2606.985
704.931     2605.527
701.877     2590.137
701.24     2586.735
699.281     2584.791
697.797     2575.476
695.485     2570.697
694.158     2562.192
693.595     2558.385
690.252     2546.316
690.062     2542.833
688.13     2538.054
686.303     2531.817
684.434     2526.147
682.786     2518.047
682.281     2512.782
678.953     2513.025
678.558     2508.327
677.052     2508.813
674.694     2498.931
674.594     2492.046
671.408     2471.067
670.824     2471.796
669.75     2467.422
667.102     2457.945
666.028     2455.029
663.932     2449.602
663.116     2449.44
660.12     2441.178
659.288     2433.078
658.52     2427.894
655.529     2419.389
654.781     2412.747
652.697     2407.239
651.596     2411.613
649.032     2389.743
647.89     2389.014
647.268     2388.123
644.015     2382.696
643.872     2382.453
641.603     2377.836
639.976     2372.004
637.839     2360.178
636.37     2352.645
635.906     2356.128
632.711     2337.579
632.458     2336.85
630.552     2327.454
628.599     2315.952
628.362     2312.631
625.034     2308.5
624.476     2315.79
623.139     2306.556
620.859     2301.453
619.448     2291.166
617.458     2286.63
616.81     2280.879
613.725     2270.754
613.199     2271.483
612.035     2266.785
609.424     2256.741
609.26     2253.825
606.217     2241.918
605.364     2236.977
604.59     2227.5
601.7     2221.182
600.815     2213.487
597.798     2203.281
597.656     2202.552
594.971     2192.346
593.334     2188.782
591.312     2183.274
589.959     2178.171
587.526     2176.632
586.279     2166.507
585.763     2164.644
582.451     2160.351
582.172     2152.98
580.145     2147.391
578.428     2134.998
578.144     2134.755
574.933     2121.471
574.427     2115.558
572.9     2114.424
570.81     2100.978
569.12     2103.732
567.319     2094.336
566.719     2088.828
563.381     2085.345
562.891     2080.89
561.67     2079.513
559.227     2068.74
557.958     2066.796
555.868     2061.126
555.089     2059.587
552.061     2046.951
551.43     2043.225
550.477     2039.418
547.649     2029.779
547.523     2024.595
544.643     2021.598
543.658     2008.314
543.016     2010.258
539.899     1995.84
539.162     1988.955
537.13     1984.743
535.866     1985.877
533.434     1973.403
532.212     1972.836
531.696     1970.73
528.479     1956.636
528.269     1958.985
526.131     1951.452
524.452     1942.299
522.419     1933.308
520.808     1931.364
520.25     1932.498
518.739     1923.669
516.638     1922.292
514.985     1905.768
512.774     1902.366
512.621     1908.036
509.331     1896.21
508.836     1892.484
507.662     1880.658
505.182     1879.281
503.834     1872.315
501.717     1868.751
500.938     1861.785
497.806     1849.149
497.126     1847.529
496.215     1834.488
493.351     1836.513
492.53     1829.304
490.445     1820.718
489.371     1818.693
486.617     1810.431
485.675     1807.353
485.027     1798.281
481.916     1790.586
481.758     1787.994
478.072     1779.651
477.419     1782.243
474.166     1771.065
473.902     1765.8
471.707     1754.136
470.296     1751.139
469.785     1747.656
466.505     1741.581
466.005     1730.889
464.462     1732.59
462.462     1724.004
462.267     1718.982
458.934     1711.773
458.371     1705.374
455.122     1688.364
454.685     1685.934
453.306     1680.588
450.831     1673.379
450.61     1671.84
447.435     1663.416
446.814     1659.366
445.872     1656.369
443.113     1640.736
442.044     1641.546
439.88     1635.876
439.069     1632.474
436.142     1618.947
435.378     1613.358
434.578     1609.551
431.524     1602.261
431.393     1597.806
428.813     1591.083
427.576     1587.843
427.028     1586.79
423.895     1573.425
423.243     1571.157
421.31     1571.481
419.805     1555.767
417.614     1549.287
415.945     1541.268
415.682     1538.514
412.344     1531.062
411.849     1532.682
410.243     1526.04
408.253     1516.239
406.479     1507.086
404.678     1507.086
404.225     1501.092
401.072     1491.534
400.587     1492.02
399.108     1477.44
396.718     1472.499
396.575     1474.929
393.374     1461.807
392.658     1458.324
391.653     1451.196
388.946     1449.819
387.883     1434.753
385.056     1426.653
384.866     1429.812
381.997     1415.637
381.023     1411.263
380.401     1404.783
377.406     1396.683
376.621     1395.144
374.473     1387.692
373.178     1383.561
370.798     1371.816
369.413     1365.498
367.07     1359.828
365.57     1357.479
365.27     1360.395
361.942     1350.675
361.468     1347.921
358.151     1337.553
357.888     1333.908
355.951     1329.129
354.018     1308.312
353.818     1312.605
350.491     1304.748
349.959     1302.804
348.659     1302.318
346.326     1283.445
344.884     1293.651
342.972     1283.688
342.335     1275.912
339.292     1263.519
338.755     1259.064
337.581     1258.335
334.812     1247.319
333.838     1246.833
331.695     1238.328
330.81     1233.387
328.041     1225.854
327.062     1220.832
326.393     1213.299
323.244     1206.657
323.081     1207.467
320.612     1191.591
319.185     1184.868
318.759     1187.622
315.568     1177.983
315.036     1180.494
313.204     1172.799
311.582     1161.135
309.64     1154.331
307.707     1148.661
307.523     1153.845
304.259     1137.726
303.638     1133.19
302.153     1130.031
300.01     1117.233
298.499     1115.532
296.567     1113.426
295.993     1111.887
292.829     1096.335
292.234     1090.989
291.47     1091.88
288.58     1079.568
287.664     1071.468
285.542     1066.041
284.62     1070.172
281.909     1060.938
280.898     1053
280.145     1048.626
276.939     1038.015
276.77     1037.448
274.396     1021.41
272.869     1021.896
272.574     1018.089
269.162     1007.721
268.646     999.783
265.382     998.568
265.093     996.138
263.476     977.994
261.217     980.829
261.091     975.888
257.774     969.003
257.242     961.227
253.536     953.775
253.373     952.884
250.314     940.896
249.645     931.5
248.703     930.69
245.928     925.506
244.959     915.057
242.837     907.605
241.863     909.711
239.141     899.343
238.246     893.997
237.467     892.296
234.319     878.85
233.687     876.663
231.655     870.831
230.375     857.385
227.995     856.656
226.769     853.335
226.263     852.93
222.915     834.867
222.699     839.16
220.666     827.253
218.818     821.016
218.555     821.178
215.328     812.43
214.854     801.333
211.648     791.937
211.363     790.641
209.599     787.077
207.783     777.438
207.283     778.005
204.15     766.908
203.629     758.889
202.418     758.727
199.896     757.269
198.601     746.739
196.595     740.745
195.879     740.178
192.799     733.779
192.193     732.483
191.298     723.978
188.45     711.747
187.713     708.669
185.602     700.083
184.527     698.22
181.816     692.307
180.768     685.017
180.042     684.936
177.009     669.789
176.33     668.331
174.371     663.066
172.96     654.48
170.696     648.81
169.385     640.305
168.759     635.688
165.568     625.968
165.363     623.457
163.41     620.541
161.483     613.899
159.692     609.768
157.918     602.964
157.455     601.425
154.217     589.761
153.811     588.627
152.316     579.636
149.952     568.458
149.789     571.212
146.725     558.333
146.072     558.009
143.002     542.619
142.255     547.479
139.291     538.083
138.375     527.553
137.59     525.204
134.821     517.671
133.989     512.487
131.893     506.493
130.83     502.281
128.271     494.991
127.139     494.424
126.597     489.807
123.543     473.769
122.943     474.417
120.963     466.965
119.578     460.971
117.288     449.955
115.94     444.042
115.398     442.908
112.171     431.325
111.907     432.459
110.001     428.49
108.08     410.994
107.795     411.48
104.657     406.215
104.147     403.461
102.73     396.171
100.603     388.395
99.103     381.348
96.76     375.516
96.618     374.058
93.522     363.609
93.048     360.126
91.869     353.403
89.242     346.68
88.167     346.923
86.156     337.446
85.303     336.069
82.46     328.374
81.702     325.539
80.865     329.103
77.901     307.557
77.164     304.722
75.168     295.002
74.073     288.603
71.551     287.55
70.224     286.74
69.814     281.07
66.755     269.73
66.228     260.658
64.417     254.421
62.885     250.857
60.747     240.732
59.263     235.224
58.841     229.473
55.593     220.401
55.293     218.862
53.555     215.541
51.56     208.413
49.98     204.363
48.138     199.503
47.637     199.422
44.505     179.982
44.168     180.144
42.862     174.312
40.461     170.343
40.282     171.72
37.218     161.109
36.581     155.52
35.565     153.009
32.917     143.532
29.921     139.239
29.105     125.145
28.352     124.902
25.524     113.886
24.766     120.609
22.745     118.26
21.671     107.001
19.238     97.767
17.98     86.67
17.559     87.237
14.421     78.165
13.936     69.741
12.13     63.099
10.582     57.186
8.529     47.547
7.076     43.821
6.655     44.631
3.454     35.883
2.922     36.612
1.369     31.428
