Distance_nm     Force_uN
0     9.072
0.115     1.215
0.411     -6.075
3.637     -10.125
11.339     -4.86
18.958     6.966
26.018     12.555
33.655     11.907
41.027     7.857
48.565     1.296
56.415     -3.645
63.656     -4.698
71.045     -1.62
78.467     -0.567
85.791     -2.106
93.624     0.162
101.129     2.349
108.436     2.349
116.154     2.511
123.362     -0.648
130.57     -3.969
138.453     -3.888
145.612     -1.296
152.788     3.24
160.391     5.913
167.583     6.48
175.169     4.698
182.772     4.212
189.767     1.296
197.386     -2.997
204.973     -3.645
211.984     0.081
219.439     2.997
226.795     3.807
233.987     1.701
241.541     -2.592
248.716     -4.698
256.039     -3.888
263.478     -2.43
270.538     0.648
278.043     3.645
285.613     4.131
292.689     3.969
300.194     1.701
307.517     -0.567
314.66     -0.243
322.362     1.134
329.702     4.698
337.14     7.128
344.809     5.508
351.886     2.592
359.16     -1.782
366.779     -4.293
373.856     -3.807
381.443     -3.564
388.931     0.162
395.974     -0.243
403.528     -2.916
411     0.162
418.274     2.43
425.778     2.835
432.871     1.62
439.882     0.972
447.37     3.969
454.479     5.265
461.901     3.807
469.406     2.43
476.351     4.374
483.905     8.505
491.458     8.181
498.601     3.159
506.105     -2.754
513.363     -5.427
520.637     -4.293
528.207     -2.997
535.103     -0.648
542.475     -0.648
550.293     -1.458
557.517     -0.729
564.874     -1.458
572.477     0.243
579.438     2.511
587.025     3.483
594.414     5.103
601.507     5.67
609.012     6.318
616.22     6.399
623.675     4.779
631.295     4.698
638.437     2.025
646.04     -0.162
653.709     0.486
660.835     -0.972
668.356     -3.645
675.976     -5.913
682.986     -5.994
690.655     -3.564
697.979     -0.891
705.286     -0.729
713.004     -0.486
720.262     1.296
727.7     3.888
735.386     5.103
742.627     6.561
750.197     7.371
757.85     8.667
765.239     7.695
772.908     4.212
780.412     1.62
787.752     -0.081
795.668     -0.081
803.041     0.081
810.463     -2.268
818.247     -4.86
825.587     -6.318
833.19     -6.237
840.975     -4.212
848.249     -2.511
855.951     -0.567
863.652     1.944
870.91     2.997
878.645     5.265
886.528     7.614
893.95     9.072
909.321     8.748
916.776     6.075
924.889     5.427
932.41     5.913
939.931     4.779
947.715     2.43
955.154     -2.511
962.971     -5.751
970.838     -4.779
978.079     -5.184
985.83     -7.776
993.466     -7.209
1001.102     -2.349
1008.969     -1.215
1016.424     3.969
1023.912     16.119
1031.614     -1.944
1039.085     -10.125
1046.754     10.53
1054.456     14.661
1061.994     12.798
1069.712     24.138
1077.266     13.851
1084.968     -7.29
1093.032     -4.941
1100.701     -5.103
1108.271     -13.932
1116.253     -8.586
1123.741     -1.296
1131.327     -4.293
1139.128     -2.349
1146.369     0.243
1154.088     -8.91
1162.036     -9.963
1169.524     1.782
1177.325     7.371
1184.912     8.829
1192.35     12.15
1200.167     8.1
1207.869     5.265
1215.637     10.449
1223.602     11.988
1231.156     5.427
1238.825     -1.134
1246.741     -3.159
1254.147     -5.589
1261.898     -4.293
1269.534     -3.078
1276.956     -8.019
1284.856     -9.558
1292.541     -8.181
1299.914     -8.424
1307.797     -5.184
1315.499     -0.891
1323.069     4.131
1330.952     8.343
1338.489     10.773
1346.274     11.178
1354.305     6.642
1361.678     4.698
1369.544     4.293
1377.476     4.941
1385.096     9.396
1393.078     9.234
1400.813     2.187
1408.745     -4.779
1416.957     -10.206
1424.774     -12.96
1432.706     -12.96
1440.688     -9.882
1448.308     -5.346
1456.355     -0.729
1464.337     3.645
1472.088     2.673
1480.58     -1.458
1488.545     0.567
1496.231     7.695
1504.69     13.284
1512.622     14.742
1520.587     13.284
1529.013     8.505
1537.061     4.536
1545.273     4.455
1553.567     1.296
1561.417     -1.944
1569.58     -2.268
1577.743     -5.103
1585.692     -8.748
1594.035     -10.368
1602.198     -8.991
1610.196     -5.751
1618.606     -2.592
1626.472     1.296
1634.569     4.212
1642.913     5.184
1650.78     6.237
1658.942     7.047
1667.237     11.826
1675.07     17.415
1683.282     14.337
1691.412     6.723
1699.344     0.486
1707.655     -1.053
1715.505     1.701
1723.553     1.863
1731.781     -0.486
1739.73     -5.994
1747.811     -10.53
1756.072     -8.748
1763.873     -7.938
1771.92     -7.614
1780.083     -4.05
1787.752     1.377
1795.898     5.751
1803.765     9.153
1811.401     6.804
1819.811     4.941
1827.562     8.991
1835.478     11.664
1843.772     12.474
1851.408     9.963
1859.423     2.835
1867.618     -3.402
1875.501     -6.966
1883.615     -6.723
1891.514     -7.047
1899.167     -7.29
1907.461     -6.237
1915.328     -7.371
1923.112     -6.561
1931.357     -2.835
1939.009     0.243
1946.975     3.321
1955.154     5.508
1962.823     7.209
1970.837     10.287
1979.115     9.963
1986.883     9.72
1994.947     10.773
2002.929     9.639
2010.729     6.156
2019.106     0.486
2027.121     -4.212
2035.053     -4.131
2043.463     -3.078
2051.411     -3.726
2059.525     -5.832
2075.603     -6.48
2083.667     -4.455
2091.797     -2.349
2099.335     -1.134
2107.662     -0.162
2115.808     0.972
2123.559     2.673
2131.903     7.29
2139.819     12.069
2147.669     12.393
2155.898     10.611
2163.682     6.804
2171.91     2.754
2180.139     2.268
2187.907     0.162
2196.218     -2.43
2204.314     -2.268
2211.967     -2.916
2220.459     -2.187
2228.457     -3.483
2236.324     -5.751
2244.782     -3.159
2252.567     -2.106
2260.581     -1.377
2268.974     1.539
2276.841     2.835
2285.316     4.698
2293.792     4.455
2301.708     5.184
2309.953     8.505
2318.198     8.667
2326.163     7.128
2334.655     3.159
2342.916     1.944
2351.063     2.511
2359.653     0.81
2367.668     -1.62
2375.814     -2.673
2384.256     -0.567
2392.304     0.729
2400.73     -0.324
2409.304     -1.458
2417.335     -4.698
2425.728     -4.05
2434.039     -0.405
2442.202     2.187
2450.858     4.374
2459.054     5.589
2467.348     6.723
2476.038     4.455
2484.085     1.134
2492.413     4.05
2500.855     4.05
2508.853     4.779
2515.453     6.399
2510.795     2.106
2503.39     -0.081
2495.457     0.567
2487.689     -2.187
2479.806     -2.511
2471.66     -0.243
2464.008     0.324
2456.191     -0.891
2448.077     -1.296
2440.458     0.486
2432.607     -0.243
2424.478     1.782
2416.759     4.374
2408.662     3.564
2401.01     3.483
2393.456     2.187
2385.557     2.592
2378.661     4.86
2370.762     4.617
2362.994     4.536
2355.539     2.268
2347.458     -0.243
2339.674     -1.863
2332.482     -1.782
2324.994     -1.539
2317.506     -0.405
2310.117     0.324
2302.119     -0.243
2294.746     -0.567
2287.423     -1.539
2279.672     0.81
2272.365     4.86
2264.761     3.564
2257.224     3.321
2250.032     2.835
2242.363     -0.567
2234.842     1.053
2227.651     2.43
2219.998     3.159
2212.51     4.05
2205.22     3.483
2197.583     2.349
2190.309     1.053
2183.003     0.324
2175.383     -1.944
2168.01     -3.888
2160.242     0.243
2152.623     1.134
2145.382     -0.324
2137.515     -1.296
2129.797     -1.215
2122.473     1.701
2114.804     3.888
2107.135     2.916
2099.664     0.081
2091.698     0.891
2084.243     6.561
2076.476     7.29
2068.708     3.807
2061.302     1.701
2053.419     -2.43
2045.668     -4.05
2038.377     -0.567
2030.577     4.455
2022.924     6.237
2015.354     3.564
2007.487     -1.863
2000.197     -5.994
1992.61     -5.346
1984.908     -2.754
1977.651     -2.511
1970.015     -0.567
1962.428     3.888
1955.17     6.156
1947.238     5.913
1939.585     2.268
1932.18     -1.458
1924.56     -1.701
1917.171     1.458
1909.65     4.293
1902.129     2.916
1894.756     1.944
1887.038     3.24
