Distance_nm     Force_uN
0.961     -0.324
1.717     -0.729
4.712     0.486
4.351     1.296
6.866     2.025
8.145     0.81
8.568     0.405
10.338     1.782
11.455     2.025
12.135     0.324
15.102     1.62
14.786     3.159
16.901     1.944
18.681     1.539
19.011     1.458
21.04     0
22.398     1.863
22.189     2.835
26.03     0.972
26.391     0.324
27.439     1.134
29.369     1.296
29.745     0.972
30.822     1.458
33.192     1.458
33.422     0.243
34.543     0.162
36.627     1.944
36.375     2.511
39.739     1.539
40.33     1.539
40.867     2.025
43.177     1.377
43.721     1.458
44.273     1.863
47.198     2.187
47.527     0.81
50.15     0.567
50.991     0.81
50.729     1.863
54.512     1.134
55.002     0.243
56.971     0.567
57.979     1.053
58.253     1.134
60.141     1.62
61.25     2.268
63.779     0.729
65.703     -1.134
65.414     0.729
66.864     2.268
68.448     2.268
70.559     0.81
72.299     0.648
72.304     0.891
73.463     2.106
75.425     2.268
75.363     2.43
78.883     1.701
79.245     1.215
80.077     2.268
82.132     2.268
82.796     1.053
86.175     0.567
86.54     0.567
87.341     1.053
89.544     0.972
89.646     2.025
90.198     2.997
93.013     2.835
93.237     1.62
95.914     2.754
96.963     1.458
97.841     0.243
99.911     0.729
100.309     1.782
100.855     1.62
103.909     2.025
103.633     2.754
106.434     1.539
107.286     2.349
107.539     2.511
109.514     2.835
110.955     1.863
111.422     0.891
114.918     0.486
114.76     1.053
116.52     2.187
118.063     2.268
118.39     1.539
120.465     0.405
122.262     0.243
121.916     1.539
125.098     2.43
125.288     2.025
126.681     2.106
129.019     1.539
129.266     0.567
132.347     1.458
132.367     2.187
133.37     2.268
135.709     1.134
136.111     1.134
137.03     1.458
139.432     2.187
139.394     2.187
142.189     2.997
142.755     2.997
143.758     2.349
145.961     2.268
146.942     1.134
147.746     0.405
150.064     2.673
149.911     2.916
153.198     0.729
154.11     0.891
154.474     0.891
157.689     0.81
157.837     1.458
159.785     2.025
160.507     4.293
163.351     1.62
165.096     -0.162
165.101     0.243
166.654     1.539
167.704     3.564
168.048     2.673
169.958     1.782
171.766     1.296
173.414     1.458
175.172     1.701
175.077     2.835
176.648     2.673
178.852     2.187
179.182     0.972
182.297     1.62
182.248     2.511
183.625     1.377
185.903     0.567
185.99     1.134
187.297     0.243
189.694     1.296
189.715     1.215
192.613     1.782
193.209     1.62
193.698     2.592
196.037     2.025
196.967     0.729
197.642     0.648
199.535     1.944
199.763     3.726
203.33     0.486
204.143     0.81
204.457     1.377
206.758     0.81
207.666     0.729
207.891     1.134
210.706     2.835
211.005     1.62
213.761     -0.324
214.176     3.402
214.052     4.455
216.037     4.131
217.924     2.592
218.445     1.134
222.159     -0.324
221.528     2.349
223.587     1.134
225.18     1.62
224.902     3.321
226.927     1.62
229.668     -0.972
229.167     0.81
231.527     4.455
232.067     3.159
233.832     0.972
235.992     0.486
236.116     1.296
239.656     0.324
240.044     0.567
239.498     2.025
242.557     2.268
243.661     -0.243
244.518     -0.486
246.498     2.673
246.169     3.645
249.296     2.835
250.266     2.025
250.983     1.458
253.192     1.377
253.645     2.673
254.146     2.349
257.734     0.729
257.839     1.134
259.878     1.458
261.208     0.972
263.091     2.349
264.047     3.645
264.685     1.863
267.004     0.405
267.753     3.159
269.343     3.726
271.11     3.159
271.54     1.782
273.33     1.458
274.971     1.62
275.397     0.567
277.004     -0.486
278.56     1.458
279.655     2.349
281.78     1.782
281.927     1.701
283.076     2.106
284.937     3.969
285.078     3.321
288.717     1.863
289.195     1.296
290.275     0.405
292.332     0.729
292.668     0.648
293.523     0.081
295.899     1.377
296.205     2.187
298.537     1.62
299.041     1.782
299.343     2.511
302.238     2.43
302.289     2.025
304.486     2.673
305.366     2.673
306.238     0.324
308.441     -0.324
309.016     0.891
309.068     1.377
312.026     2.025
312.042     1.539
313.556     3.078
314.928     3.402
315.294     1.863
316.984     1.701
318.197     2.268
319.672     2.511
321.534     2.106
322.215     -0.567
323.577     -0.486
325.049     0.405
324.648     2.025
326.035     1.539
327.807     2.106
329.029     1.863
331.087     1.782
331.112     1.782
331.985     2.187
334.013     3.564
333.865     3.483
337.344     1.539
338.036     0.405
338.725     -0.081
340.589     1.296
340.579     2.511
341.464     1.458
344.307     1.782
344.392     2.592
346.378     3.159
347.277     2.43
347.604     2.592
350.628     2.592
350.644     1.944
353.181     1.458
354.185     1.701
354.401     0.891
356.461     0.567
357.655     0.567
360.852     1.215
360.631     1.782
362.4     2.268
364.175     1.458
363.877     2.268
365.435     2.673
367.092     2.754
369.053     0.891
370.755     1.134
370.55     1.62
372.161     0.81
374.365     0.324
374.079     0.972
376.42     3.888
376.531     4.131
378.248     1.134
380.026     2.268
380.259     2.268
381.15     2.106
383.953     1.215
383.667     1.863
386.703     1.296
387.163     1.458
387.745     0.972
390.444     1.458
389.987     2.511
392.895     2.025
393.473     2.592
393.621     3.24
395.709     3.402
396.818     2.025
397.257     1.134
400.391     1.377
400.118     2.025
402.491     1.377
403.88     0.648
403.909     0.891
406.979     1.377
407.189     0.567
408.941     0.81
410.024     2.592
409.709     3.726
411.576     2.997
413.76     1.053
413.651     1.296
416.821     1.62
416.744     2.025
418.119     2.268
420.381     1.377
421.315     2.187
423.536     1.215
423.798     0.891
424.614     1.863
426.667     2.673
426.616     2.511
429.786     1.701
430.014     2.025
430.531     2.916
433.566     2.025
433.6     1.377
436.292     1.701
436.943     1.782
437.304     1.701
439.633     1.053
439.845     2.592
442.276     3.402
443.501     2.106
443.85     1.458
447.176     0.891
447.019     1.053
449.292     1.134
450.496     1.053
450.464     1.62
452.397     1.701
453.502     2.106
453.819     1.296
456.927     1.944
456.921     1.944
460.023     2.592
460.144     2.187
461.704     2.349
463.708     1.62
464.14     0
465.189     1.134
467.159     0.891
466.923     2.106
469.968     2.592
470.185     2.673
471.532     1.134
473.83     1.215
473.569     1.863
476.668     1.863
476.75     3.159
477.8     1.863
480.871     0.648
480.826     0.486
483.501     1.134
483.759     1.863
484.238     2.187
487.381     1.458
487.5     0.729
489.693     2.592
490.556     2.187
490.86     2.106
494.019     2.187
494.148     2.106
496.443     0.972
497.816     -0.243
497.884     0.162
500.633     2.349
500.774     1.701
502.497     2.43
503.894     2.754
504.236     1.944
508.092     0
507.552     2.025
508.82     2.997
510.665     2.916
510.811     2.511
514.298     1.62
514.76     0.405
515.981     0
517.982     1.053
517.532     2.268
520.777     1.863
521.008     2.268
522.417     -0.162
524.358     0.81
524.267     2.754
527.644     1.215
528.179     1.215
528.62     1.377
531.009     0.81
532.055     -0.567
532.443     -0.162
534.805     2.106
534.786     3.24
537.412     1.62
538.309     1.296
538.561     1.458
541.282     3.159
541.494     2.106
543.853     1.863
545.224     1.458
545.217     1.863
548.709     1.215
548.68     1.134
550.624     0.729
552.041     1.377
551.991     1.377
555.306     1.296
555.244     2.025
558.47     2.349
559.093     0.486
559.996     2.025
561.716     2.835
562.193     1.377
563.452     1.134
565.91     0.567
566.456     2.268
568.695     1.863
569.16     1.134
570.34     0.081
572.62     1.62
572.43     2.025
575.644     1.215
575.759     2.268
576.444     2.106
579.579     1.053
579.406     1.134
582.157     1.377
582.659     2.349
583.027     2.43
586.588     1.215
586.254     2.349
588.507     2.106
589.916     1.134
590.001     1.782
593.35     1.458
593.351     1.053
595.379     1.134
596.92     0.729
596.694     2.025
598.593     1.62
600.338     0.972
602.025     0.891
603.578     1.62
603.748     1.62
605.429     0.972
607.597     0.243
608.236     2.916
610.415     1.863
610.627     1.539
611.8     1.62
614.148     1.701
613.924     2.025
617.249     1.296
617.387     2.025
617.934     3.321
621.215     0.729
621.203     0.729
623.832     1.782
624.45     2.106
625.158     1.62
628.222     0.972
628.24     0.648
630.757     1.296
631.478     1.539
631.903     1.62
635.22     1.296
635.042     1.539
637.552     1.134
638.723     0.891
638.637     1.944
642.059     1.863
642.242     1.296
644.454     0.567
645.784     0.648
645.675     1.62
647.261     2.511
649.214     1.458
650.771     1.701
652.398     2.268
652.65     1.701
655.963     1.701
656.148     1.62
659.569     1.377
659.629     2.025
661.226     0.729
663.023     1.863
663.16     1.701
666.646     1.053
666.796     1.458
667.717     1.539
670.27     1.701
670.394     1.377
673.265     1.62
673.704     2.025
674.539     1.296
677.741     0.486
677.605     0.405
680.122     1.458
680.778     1.944
681.263     1.539
684.222     2.511
684.1     2.43
686.813     1.377
687.923     1.458
688.062     2.187
691.743     0.567
691.793     1.134
693.96     0.081
694.88     1.863
695.176     1.296
698.686     1.053
698.394     2.43
700.24     2.106
701.926     2.268
703.955     0.81
705.602     1.377
705.544     1.782
709.528     0.162
709.413     1.134
710.561     1.377
713.024     1.053
712.766     1.62
680.763     1.458
642.615     2.349
639.37     2.754
641.975     1.944
642.521     1.782
643.539     1.782
646.934     0.648
647.631     0.486
649.946     0.81
650.787     1.782
651.35     1.863
655.178     0.567
655.751     0.729
657.978     1.053
659.16     1.782
659.42     2.268
662.698     3.483
662.917     3.321
666.04     1.134
667.653     0.648
667.647     2.106
669.653     2.106
671.878     0.324
674.015     0.81
675.73     1.944
675.966     1.863
679.406     2.916
679.757     2.754
681.654     2.43
684.129     1.944
684.409     1.458
688.313     0.324
689.895     1.134
692.362     0.486
692.993     0.243
694.166     0.324
696.844     1.62
697.917     1.296
700.389     1.053
700.88     2.349
704.27     2.106
705.407     0.648
706.313     0.243
709.887     -0.243
709.926     -0.081
712.623     1.215
713.72     1.296
714.267     1.296
717.586     2.025
717.82     1.62
720.427     2.025
721.927     2.106
722.195     2.349
726.102     1.701
726.394     0.891
728.482     1.782
730.472     0.567
731.101     0.162
732.894     0.486
734.657     1.539
734.95     1.215
738.83     0.81
738.788     2.43
740.216     3.321
742.657     3.078
743.169     1.701
747.11     1.134
747.602     0.729
748.982     0.81
751.624     1.134
751.768     1.134
755.093     1.701
755.811     1.296
756.67     2.106
759.072     2.268
759.936     2.187
760.843     1.944
763.873     2.673
765.056     1.539
767.658     0.972
768.336     1.944
771.693     0.81
772.825     0.972
773.433     1.215
776.545     2.511
776.537     2.754
779.51     2.187
780.9     2.187
781.402     2.187
785.096     2.268
785.634     1.782
787.925     1.134
789.503     2.43
791.695     2.106
793.87     0.81
794.452     0.324
798.081     0.648
798.37     0.648
799.781     1.863
802.017     1.539
802.44     1.863
805.986     2.592
806.785     1.458
808.09     1.701
811.079     0.891
814.931     0
815.483     0.405
816.808     -0.324
819.105     0.162
819.446     1.782
822.62     2.187
823.376     2.511
824.088     2.835
827.617     2.754
828.112     1.134
831.033     1.377
832.291     0.972
833.108     0.243
835.465     0.243
836.438     1.782
839.351     1.134
840.657     1.539
841.201     1.458
843.088     2.349
844.618     2.835
845     2.673
848.858     2.349
849.774     0.567
853.664     -0.162
853.888     -0.081
855.966     0.162
857.57     1.62
858.334     0.405
862.146     0.162
862.233     1.296
863.214     3.321
866.193     2.025
866.23     2.43
869.762     2.997
870.388     2.349
871.815     1.782
874.355     1.215
875.489     -0.162
878.838     0.243
879.595     0.162
880.401     0.891
882.444     2.349
883.376     2.673
886.882     1.62
887.697     1.863
888.399     2.106
892.126     1.377
892.402     0.648
895.518     0.162
896.763     0.162
897.363     0.243
901.077     -0.081
900.931     1.053
903.143     2.754
904.961     2.349
905.325     2.187
908.99     2.349
910.033     0.324
911.966     0.405
914.143     0.162
914.428     -0.081
918.177     -0.162
918.375     1.053
921.648     2.592
921.953     2.511
923.823     1.863
925.711     2.916
925.886     4.05
930.351     1.377
931.058     0.567
932.327     1.134
935.204     1.377
935.574     0.486
939.385     -0.486
939.823     0.486
943.449     0.162
944.202     0.567
944.627     1.944
947.34     4.617
948.827     2.268
951.512     1.134
952.618     1.134
955.866     0.648
957.407     -0.486
957.91     -0.324
960.336     -0.486
961.251     1.458
963.902     1.863
965.302     2.106
965.388     3.483
968.797     4.698
969.36     3.483
972.432     1.134
974.252     1.782
974.709     0.891
979.09     -1.134
979.443     -1.539
980.774     0.567
982.707     0.648
983.002     1.215
986.342     2.835
986.598     3.24
988.353     2.835
990.96     3.078
992.724     1.863
995.183     1.458
996.255     0.405
997.301     0.891
1000.363     1.053
1001.635     0.243
1004.024     0.81
1004.8     0.729
1005.329     2.187
1008.281     3.726
1009.429     2.673
1011.788     2.997
1013.051     2.835
1016.476     1.377
1017.863     0.324
1018.507     0.243
1022.285     0.243
1022.496     -0.243
1024.843     0.81
1026.385     0.567
1026.727     1.62
1028.87     1.62
1030.363     2.835
1032.723     2.754
1034.467     2.673
1035.487     0.567
1037.913     -0.891
1039.948     -0.486
1041.836     0
1043.86     0
1044.212     0.567
1047.756     1.539
1048.194     1.053
1049.462     2.025
1051.993     1.539
1052.374     2.349
1056.165     1.944
1056.756     1.782
1058.57     0
1061.487     0.162
1061.739     -0.405
1065.373     -0.972
1065.757     0.486
1069.182     0.891
1069.807     1.539
1070.484     2.349
1074.018     2.106
1074.509     2.835
1077.064     2.187
1078.745     0.81
1079.323     0.648
1083.287     -0.567
1083.637     -1.458
1086.131     -0.648
1087.513     -0.081
1087.739     1.053
1090.935     2.997
1091.236     2.835
1093.596     2.754
1095.053     3.726
1096.153     1.863
1100.154     1.215
1100.658     0.648
1102.696     0.405
1104.78     0.324
1105.114     0.648
1109.018     0.081
1109.306     0.486
1110.708     1.053
1112.839     1.782
1113.001     3.321
1117.141     1.539
1117.456     2.268
1118.817     1.782
1121.2     1.944
1122.298     0.891
1126.103     -0.081
1126.824     0.162
1127.529     1.053
1130.896     1.134
1130.972     1.296
1134.122     1.458
1135     2.268
1135.749     1.863
1139.524     1.215
1139.599     1.215
1142.419     1.296
1144.124     0.324
1144.449     0.729
1148.412     -0.081
1148.587     -0.243
1151.097     0.081
1152.334     1.782
1152.602     1.863
1156.23     2.754
1156.576     2.754
1158.778     1.944
1161.04     1.782
1161.103     2.349
1165.457     0
1165.889     -0.324
1167.537     -0.162
1170.19     -0.567
1169.897     1.053
1173.43     1.782
1173.795     2.511
1175.146     2.349
1178.12     1.944
1178.413     1.458
1181.936     1.377
1182.726     0.891
1183.526     1.944
1186.779     1.296
1187.312     -0.324
1190.675     -0.162
1191.094     1.782
1191.737     2.268
1195.239     2.268
1196.411     0.324
1199.843     0.324
1199.779     3.321
1202.13     3.321
1204.063     0.81
1207.004     0.648
1208.2     1.539
1208.812     0.729
1211.107     0.162
1212.352     1.62
1215.046     0.405
1216.846     0.162
1216.541     2.835
1218.342     3.321
1220.76     1.701
1222.922     0.972
1224.695     1.701
1225.038     1.782
1226.491     2.511
1229.046     1.863
1230.794     0.729
1233.149     0.243
1233.571     0.405
1234.754     0.729
1237.026     2.511
1237.767     4.212
1240.314     3.24
1241.411     1.458
1244.588     1.944
1245.192     1.944
1246.12     1.62
1248.552     1.296
1249.228     1.539
1252.994     -1.053
1253.793     -0.729
1253.778     1.782
1257.071     1.782
1257.17     1.458
1259.825     1.782
1260.765     2.43
1261.427     1.62
1265.181     0.648
1265.318     0.324
1267.41     1.458
1269.055     0.972
1269.696     -0.324
1273.177     0.081
1273.235     0.405
1274.948     1.62
1276.554     2.835
1276.668     2.997
1280.566     1.863
1281.049     1.134
1282.669     1.377
1284.975     1.782
1284.991     1.863
1289.015     0.162
1289.436     0
1290.419     1.215
1293.361     0.648
1293.689     -0.486
1296.299     2.43
1296.968     2.187
1297.986     2.187
1301.376     1.215
1302.355     0.891
1304.991     0.081
1305.553     0.729
1306.351     0.567
1309.808     0
1309.528     1.053
1313.33     2.187
1314.407     0.648
1316.458     1.701
1317.77     1.944
1320.479     1.215
1321.934     0.567
1322.236     1.296
1324.298     1.296
1325.991     -0.081
1327.962     1.134
1329.627     0.972
1330.222     0.486
1332.135     0.405
1334.198     0.567
1335.769     1.701
1337.692     1.701
1337.968     2.268
1339.711     1.863
1342.032     2.187
1343.823     0.891
1346.286     0
1346.919     -0.486
1348.104     0.162
1350.801     0.324
1351.878     0.648
1354.065     1.215
1354.466     2.187
1358.159     0.972
1358.926     0.972
1359.501     2.187
1362.797     2.106
1363.274     0.648
1366.571     0
1367.437     0.243
1368.005     0.729
1371.578     0.648
1371.857     -0.162
1374.219     1.539
1375.287     1.944
1375.963     1.458
1379.465     1.62
1379.318     2.268
1381.918     1.782
1383.594     1.296
1384.225     0.648
1387.892     0.972
1388.178     0.486
1390.275     0.567
1391.922     1.134
1392.513     0.567
1396.018     1.377
1396.378     0.972
1397.632     2.916
1399.734     2.835
1400.426     1.701
1404.147     1.539
1404.461     1.539
1405.812     1.944
1408.922     0.486
1409.048     0.486
1412.601     0.081
1413.148     0.081
1414.059     0.648
1416.154     1.701
1416.72     2.43
1419.958     2.592
1420.909     2.187
1421.955     1.539
1425.441     0.891
1425.535     0.891
1428.862     -0.081
1429.989     -0.324
1430.544     0
1434.068     0.243
1434.468     0.324
1437.523     2.187
1437.376     3.159
1439.992     2.592
1441.697     2.349
1442.081     2.349
1445.927     1.62
1446.313     0.81
1448.545     0.81
1450.57     0.405
1450.697     0.729
1454.732     0
1454.968     0.081
1456.254     2.025
1458.068     2.835
1458.557     2.511
1462.391     1.782
1462.824     1.62
1463.98     2.754
1467.172     1.134
1467.476     0.324
1471.308     -0.729
1471.898     -0.891
1472.938     -0.405
1475.65     0.81
1475.49     1.62
1478.252     3.969
1479.11     3.888
1480.265     2.43
1483.7     2.187
1483.759     2.106
1487.518     -0.324
1488.598     -0.648
1488.868     0.648
1492.57     -0.081
1492.513     0.486
1494.971     1.62
1496.213     1.863
1496.616     2.592
1500.206     2.754
1500.335     2.673
1503.129     1.458
1505.004     0.486
1505.679     -0.324
1509.253     0.486
1509.426     0.567
1511.507     0.567
1513.702     -0.567
1513.808     0.567
1515.191     1.863
1517.51     1.863
1519.316     1.62
1521.309     2.349
1521.843     2.187
1523.553     0.891
1526.847     -1.539
1527.811     0.243
1530.15     0.243
1530.837     0
1531.906     0.162
1534.749     1.053
1534.995     0.648
1538.038     1.944
1538.48     2.997
1539.216     3.888
1542.604     3.159
1542.883     2.349
1546.876     -0.486
1548.011     -0.567
1548.549     -0.324
1551.836     0.243
1552.176     -0.324
1554.654     1.134
1556.338     1.701
1558.411     2.106
1560.129     1.863
1562.544     2.025
1564.111     2.349
1564.806     1.296
1568.667     0.891
1568.935     0.405
1571.308     -0.81
1573.118     0.891
1573.092     1.458
1576.551     2.349
1577.546     0.81
1579.081     1.134
1581.343     2.106
1581.413     2.268
1584.943     2.511
1585.994     0.81
1589.742     0.405
1590.356     0.081
1591.878     -1.053
1594.462     -1.62
1593.981     2.754
1597.51     2.673
1598.72     0.729
1599.889     0.162
1602.693     2.025
1602.602     2.673
1605.978     2.268
1607.21     0.972
1608.106     0.891
1612.195     -1.62
1612.169     -1.215
1614.539     1.377
1615.861     1.296
1616.166     1.944
1619.926     1.539
1620.077     2.673
1622.228     2.997
1624.286     1.62
1626.932     0.891
1628.484     1.296
1629.359     -0.243
1633.46     -1.053
1633.658     -0.972
1635.163     1.377
1636.903     1.782
1637.612     0.891
1641.298     1.377
1641.539     1.701
1643.642     -0.081
1646.053     0.567
1646.022     1.458
1649.819     0.891
1650.714     -0.648
1652.056     -0.567
1654.848     0.162
1654.855     0.891
1657.751     2.592
1658.726     2.025
1659.614     2.349
1663.287     0.81
1663.512     0.486
1666.354     1.944
1667.367     2.106
1671.426     -1.377
1672.34     -0.891
1672.674     0.567
1674.811     1.863
1676.212     1.701
1678.838     1.944
1680.031     2.349
1680.704     1.782
1685.08     0.081
1685.473     0.162
1688.906     1.458
1689.15     1.296
1692.095     -0.648
1693.799     0.243
1693.966     0.891
1697.738     1.053
1697.986     2.106
1699.773     1.863
1701.984     2.835
1703.886     2.349
1706.206     1.782
1706.696     1.782
1710.581     1.053
1711.334     0.162
1712.921     -0.486
1715.611     0.648
1715.786     0.486
1719.172     1.296
1719.739     2.916
1720.511     3.159
1723.743     2.916
1724.923     2.43
1727.31     2.835
1728.426     2.187
1732.46     -0.729
1733.636     -1.296
1734.187     -0.486
1736.23     0.81
1737.621     0.567
1740.397     0.81
1741.52     1.62
1741.705     3.402
1745.39     2.997
1745.454     3.321
1748.438     1.701
1750.374     1.701
1750.821     1.134
1755.324     -1.539
1755.257     0.648
1756.83     1.701
1759.505     -0.081
1759.752     -0.324
1762.846     2.43
1763.433     2.187
1765.043     2.349
1767.011     4.374
1768.941     3.24
1771.704     1.296
1772.726     -0.486
1776.405     -0.162
1777.226     -1.215
1778.062     0.648
1780.982     0.729
1780.966     1.215
1784.069     2.592
1784.988     2.349
1785.698     2.916
1789.297     2.268
1790.668     0.567
1793.268     0.081
1794.448     -0.243
1797.408     0.162
1798.77     -0.324
1799.409     -0.081
1802.414     2.511
1802.679     2.106
1805.389     2.268
1806.603     2.997
1807.25     2.997
1811.342     2.268
1811.93     1.62
1816.36     -0.567
1816.562     0.324
1818.403     0.729
1820.958     -0.648
1822.757     0.243
1824.08     2.754
1824.519     3.321
1828.783     1.782
1828.993     2.268
1830.563     2.673
1833.746     1.134
1835.368     0.567
1837.61     0.81
1838.277     0.81
1842.586     -1.701
1842.893     -0.567
1843.552     1.701
1845.971     2.106
1846.814     2.268
1850.341     1.701
1851.219     1.944
1851.72     2.916
1855.748     0.729
1856.054     0.405
1859.077     0.81
1860.541     0.081
1861.249     -0.405
1864.685     0.972
1864.521     2.106
1867.181     2.43
1868.808     2.106
1869.227     2.349
1873.282     1.215
1873.589     2.187
1875.811     1.701
1877.934     1.215
1878.255     1.377
1882.519     -0.162
1883.05     -0.243
1884.739     0.162
1886.497     2.268
1888.649     1.458
1891.016     0.81
1891.196     2.187
1895.146     2.106
1895.743     1.377
1897.388     1.053
1900.146     1.296
1900.62     -0.081
1904.357     -0.729
1904.814     0.81
1905.719     1.539
1908.847     1.62
1909.58     2.997
1913.384     1.296
1913.411     1.62
1916.863     1.215
1917.862     1.215
1918.698     1.053
1922.29     0.972
1922.79     -0.243
1925.981     -0.729
1927.237     -0.324
1927.46     0.891
1931.281     0.729
1931.504     2.106
1933.578     2.673
1935.704     1.539
1938.187     1.539
1939.772     2.43
1942.874     0.486
1944.9     0.81
1945.213     0.648
1949.442     -0.405
1949.559     1.134
1951.132     1.458
1953.143     3.159
1953.019     4.212
1957.58     1.701
1958.495     0.486
1959.512     1.62
1962.213     2.43
1964.421     -0.405
1966.968     -0.81
1967.424     0.405
1970.972     0.486
1971.619     0.891
1972.752     1.215
1975.883     2.106
1975.917     2.43
1979.425     2.025
1980.47     1.62
1981.594     0.729
1984.954     1.377
1985.167     1.215
1988.423     -0.081
1990.047     -0.162
1990.271     0.648
1994.159     0
1994.166     0.729
1996.419     1.944
1998.514     1.701
2001.067     0.567
2002.736     1.215
2003.174     1.458
2005.067     1.62
2008.053     -0.243
2008.022     0.486
2011.974     0.162
2012.37     0
2014.078     0.405
2016.464     1.782
2016.365     2.673
2020.292     1.782
2021.368     0.648
2022.481     1.377
2025.206     2.592
2025.683     1.296
2029.535     0.243
2030.286     0.891
2031.065     1.458
2034.364     1.863
2034.765     0.972
2038.15     0.891
2038.945     2.268
2039.871     1.296
2043.465     1.701
2044.07     2.592
2046.473     2.349
2048.268     1.134
2049.182     -0.243
2052.637     0.567
2053.354     0.567
2055.29     1.863
2057.059     1.782
2059.884     0.972
2061.854     0.162
2062.048     1.863
2063.815     2.754
2065.91     2.349
2068.708     0.648
2071.061     -0.729
2073.444     -0.729
2075.093     0.891
2075.573     1.539
2079.65     0.324
2080.124     0.243
2081.505     1.62
2084.024     1.296
2084.798     0.891
2088.085     2.592
2088.438     3.483
2090.361     1.458
2093.698     0.729
2093.946     0.648
2096.967     2.592
2097.932     1.944
2099.179     1.296
2102.485     1.863
2102.737     1.296
2106.231     0.972
2106.977     1.944
2107.814     2.106
2109.914     3.402
2112.013     0.81
2114.822     1.215
2116.199     1.377
2116.893     1.296
2119.634     0
2121.158     0.648
2123.568     1.701
2125.643     0
2126.199     -0.081
2127.919     1.296
2129.784     2.268
2132.218     1.863
2134.336     1.134
2135.116     0.567
2136.754     1.377
2139.454     0.729
2141.533     0.405
2143.868     -0.405
2144.228     0.648
2148     0.81
2148.769     0
2150.211     0.486
2152.353     1.458
2152.888     2.187
2154.161     2.106
2157.38     1.701
2158.73     1.377
2161.259     1.134
2162.584     0.243
2163.416     0.729
2166.478     2.025
2167.943     0.324
2170.665     -0.405
2171.485     0.81
2174.538     1.62
2175.507     2.511
2176.698     1.296
2180.356     1.701
2180.475     1.701
2183.616     0.648
2185.097     0.729
2185.748     0.81
2189.75     0.486
2189.896     0.648
2192.48     0.243
2194.374     1.134
2194.498     2.106
2198.337     2.349
2198.772     2.106
2200.969     2.025
2203.668     1.215
2204.117     0.567
2208.642     -0.324
2208.76     0.081
2212.619     0.486
2212.97     1.053
2214.787     0.324
2217.297     2.106
2217.604     1.782
2221.416     1.134
2222.114     1.134
2223.19     2.025
2226.401     2.43
2226.836     1.458
2230.652     0.162
2231.799     0.243
2232.646     0.486
2236.563     -0.648
2236.553     0
2239.118     2.43
2240.595     1.863
2241.322     1.377
2244.976     1.701
2245.026     2.268
2248.281     1.539
2250.199     0.405
2250.618     0.648
2254.934     -0.567
2255.253     -0.891
2257.847     -0.648
2259.355     1.053
2259.434     1.863
2263.583     1.296
2264.023     2.43
2265.844     2.673
2268.291     1.863
2268.67     1.62
2272.727     1.377
2272.986     2.268
2275.244     0.729
2278.356     -0.567
2278.645     -0.567
2282.18     0.648
2282.614     1.944
2283.996     1.62
2287.029     1.701
2288.181     2.754
2290.609     2.916
2291.931     1.539
2295.499     1.62
2296.602     0.972
2298.128     -0.648
2300.638     -0.891
2301.418     0.567
2304.524     1.296
2305.861     0.81
2306.594     1.62
2308.931     2.025
2310.23     2.835
2313.158     2.673
2314.648     2.673
2315.643     1.701
2320.105     -0.486
2320.257     -0.162
2322.996     -0.486
2324.653     -0.405
2325.232     0.486
2329.277     0.405
2329.476     0.648
2331.321     1.863
2333.571     2.43
2333.947     2.268
2338.161     1.296
2338.781     1.539
2340.446     1.377
2343.976     -0.405
2345.46     -0.405
2348.053     0.972
2349.753     0.162
2352.458     -0.648
2352.72     1.458
2356.111     2.673
2356.747     2.997
2358.225     2.43
2360.944     1.944
2362.175     1.053
2363.291     0.405
2366.887     -0.162
2367.88     -0.162
2370.605     -0.648
2371.785     -0.405
2372.512     -0.324
2375.961     0.648
2376.258     2.835
2378.617     3.159
2380.683     1.539
2381.183     1.62
2385.016     1.863
2386.173     0
2388.503     -0.324
2390.369     0.648
2390.931     0
2395.172     -1.053
2395.61     -0.243
2399.241     1.134
2399.209     2.43
2401.567     1.863
2404.125     1.701
2404.38     1.782
2408.465     1.053
2409.289     -0.081
2411.266     -0.729
2413.892     0.243
2414.165     0.162
2418.487     -1.62
2418.381     1.701
2419.422     2.511
2422.866     2.187
2422.936     2.349
2426.32     2.835
2427.738     1.782
2428.715     0.972
2432.434     1.215
2433.309     0.81
2436.113     -0.486
2438.062     -1.62
2438.691     -1.62
2442.051     0.324
2442.039     3.078
2444.237     3.321
2446.595     1.458
2449.004     1.782
2450.682     2.349
2451.717     1.296
2453.62     1.539
2456.367     -0.324
2458.928     -1.701
2461.037     -1.782
2461.588     -0.81
2465.014     1.053
2465.375     1.701
2467.265     1.215
2469.419     2.025
2470.016     2.592
2473.862     2.43
2474.806     1.296
2476.72     0.081
2479.048     0.567
2480.284     -0.486
2484.89     -0.81
2484.727     0.486
2488.001     1.458
2489.044     2.025
2490.351     0.729
2493.864     1.134
2493.669     2.43
2497.128     2.025
2498.68     0.729
2499.525     0.648
2499.525     0.648
2497.761     -0.162
2495.768     0.405
2495.562     0.729
2491.671     2.592
2491.938     0.81
2490.294     0.729
2487.984     1.377
2486.287     1.944
2484.162     2.673
2483.999     2.673
2480.771     2.025
2480.615     1.62
2479.711     0.486
2477.551     -0.891
2477.563     -0.891
2473.729     0.972
2473.113     1.701
2472.288     1.377
2469.325     1.62
2468.478     1.944
2466.142     2.43
2465.475     2.268
2462.683     1.377
2462.284     0.162
2461.853     0.081
2458.32     1.215
2458.304     1.296
2455.92     0.243
2454.638     0.972
2451.454     3.483
2450.177     3.321
2450.248     1.782
2446.837     1.539
2446.954     1.053
2444.673     1.782
2443.421     0.324
2443.117     1.134
2439.369     2.106
2439.479     0.891
2437.94     0.486
2435.753     1.215
2433.735     3.078
2431.826     2.835
2432.062     0.891
2428.475     1.377
2427.895     2.349
2426.975     1.296
2424.495     1.215
2424.546     0.81
2421.386     0.405
2419.86     0.891
2417.434     1.62
2416.83     1.458
2414.045     0.162
2412.903     1.782
2412.157     2.106
2408.783     3.159
2408.966     2.592
2406.859     -0.162
2405.669     0.81
2405.069     1.458
2401.997     0.486
2401.876     -0.405
2399.668     -0.162
2397.778     2.187
2395.188     2.916
2393.772     2.43
2393.895     1.215
2390.709     0.243
2390.81     -0.324
2388.195     2.268
2386.368     2.025
2386.768     0.243
2383.47     -0.567
2383.104     0.405
2380.852     2.673
2378.607     2.511
2378.882     1.458
2375.183     2.268
2375.381     0.324
2374.13     0.324
2371.078     2.106
2370.088     1.62
2367.946     1.215
2367.622     0.567
2366.847     0.081
2363.411     2.025
2362.716     1.782
2359.963     0.648
2359.972     0.567
2356.235     3.078
2355.667     2.025
2355.82     -0.081
2352.016     1.62
2351.52     1.782
2349.436     1.134
2348.249     1.296
2345.764     0.81
2344.379     1.053
2344.086     0.972
2340.641     0.81
2340.327     1.539
2337.937     2.511
2336.677     1.458
2336.489     0.891
2332.916     1.539
2332.815     0.972
2331.135     1.215
2328.918     1.539
2328.793     1.701
2324.942     2.754
2325.25     0.324
2321.285     1.944
2321.132     1.458
2319.996     1.053
2317.446     0.972
2317.137     1.944
2313.897     1.458
2313.748     0.486
2313.151     -0.081
2309.407     2.268
2308.905     1.863
2305.968     0.405
2305.266     1.296
2302.87     1.863
2301.811     1.215
2299.201     1.62
2297.768     2.187
2297.447     2.187
2294.241     0.891
2293.971     1.62
2291.551     2.187
2290.624     -0.324
2290.623     -1.053
2286.677     0.405
2286.056     2.025
2284.19     2.187
2282.714     -0.081
2282.358     0.972
2278.29     2.835
2278.306     1.458
2277.341     0.243
2274.496     1.458
2272.893     2.592
2270.94     1.782
2270.572     1.701
2269.617     1.134
2267.238     -0.648
2265.858     1.134
2263.365     1.62
2262.066     3.969
2259.73     0.729
2259.282     -0.162
2258.171     1.296
2254.61     2.673
2254.087     2.349
2251.715     2.592
2251.342     0.243
2251.211     -0.891
2247.781     -0.972
2246.573     1.863
2243.838     3.726
2242.903     2.187
2241.194     -0.243
2239.254     1.539
2238.654     2.916
2235.53     0.891
2235.442     0.891
2233.237     1.215
2231.559     1.215
2231.286     0.729
2227.688     0.81
2227.288     1.458
2225.426     2.268
2223.365     1.296
2222.997     2.511
2219.326     3.078
2219.614     0.891
2215.932     1.377
2215.303     1.944
2214.28     1.539
2211.89     0.081
2210.663     1.053
2208.43     0.729
2207.834     0.891
2204.345     1.458
2203.425     2.268
2202.547     2.754
2199.498     2.754
2198.663     2.916
2196.598     1.701
2196.229     -0.567
2191.628     2.025
2191.205     3.564
2189.544     0.081
2188.776     -1.944
2187.17     2.43
2183.434     3.24
2183.493     2.592
2181.278     2.106
2179.353     3.078
2178.972     3.564
2176.105     0.972
2175.96     0.243
2172.087     1.215
2171.79     1.62
2170.317     0.567
2168.312     0.567
2167.478     2.187
2164.108     1.458
2163.264     2.997
2161.752     4.212
2159.512     2.592
2159.959     0.891
2156.632     0.405
2155.427     2.754
2152.58     0.891
2152.387     -0.648
2151     1.134
2147.474     2.592
2147.667     2.106
2145.51     -1.215
2143.693     1.944
2142.608     3.564
2139.393     3.078
2139.791     -0.324
2137.095     1.134
2135.767     1.944
2133.62     0
2132.356     -0.162
2131.808     0.405
2129.285     1.782
2127.452     2.997
2125.967     0.648
2124.555     -0.729
2123.935     0.324
2119.773     2.754
2120.025     0.891
2118.312     0.972
2115.769     1.62
2116.118     0.243
2112.618     0
2111.763     1.863
2110.259     2.673
2107.348     3.24
2106.765     1.134
2104.784     -0.324
2104.44     -1.296
2100.587     0.729
2099.44     2.511
2098.109     4.293
2096.34     -0.81
2095.8     -1.215
2092.709     1.539
2091.274     3.078
2089.131     0.081
2088.486     -1.296
2087.675     -0.162
2083.679     1.62
2083.802     0.972
2081.269     0.405
2079.073     3.078
2078.786     2.997
2075.735     1.215
2074.041     -1.863
2072.212     -0.567
2070.889     2.511
2067.542     1.458
2067.401     1.539
2065.147     2.592
2063.594     0.729
2063.425     0.729
2059.807     0.81
2059.15     2.025
2055.086     3.807
2055.077     2.592
2054.4     -0.648
2052.111     -0.243
2051.443     0.729
2047.386     2.673
2046.652     3.564
2046.203     1.215
2043.728     -0.486
2043.609     -0.324
2040.007     0.972
2038.598     3.24
2037.762     3.24
2035.031     1.458
2034.317     1.215
2032.264     0
2031.094     0.972
2027.656     2.997
2026.595     2.592
2026.221     2.106
2023.321     -0.243
2023.132     0.162
2019.935     2.673
2018.353     3.159
2018.227     2.43
2014.899     1.215
2014.528     1.215
2012.51     1.215
2010.687     1.053
2008.843     0.729
2007.016     0.486
2006.458     1.377
2003.151     0.081
2002.748     0.486
2000.961     0.891
1998.084     2.511
1996.513     2.673
1994.598     1.701
1994.297     1.296
1993.184     0.567
1990.734     -0.405
1988.939     1.539
1985.822     2.268
1985.947     1.539
1982.931     0.405
1981.976     1.134
1980.708     2.754
1977.208     3.807
1976.63     3.24
1974.547     2.025
1974.101     0.162
1973.513     0.081
1969.868     0.405
1969.12     1.539
1965.814     0.405
1965.798     0.324
1962.834     1.539
1961.389     1.701
1960.73     2.592
1956.997     2.754
1957.023     1.62
1953.774     -0.081
1953.343     0.405
1951.435     0.486
1949.671     -0.324
1947.58     0.162
1945.228     0.567
1944.893     1.377
1940.91     2.592
1940.464     2.592
1939.246     1.62
1936.472     2.592
1935.312     1.944
1933.191     1.296
1933.024     -0.081
1929.595     0
1928.707     0.972
1927.572     0.891
1924.081     2.268
1924.022     2.349
1920.788     2.43
1920.216     1.134
1919.771     0.162
1916.128     1.377
1915.356     1.539
1913.223     0.648
1912.295     -0.162
1909.498     -0.162
1908.238     -0.081
1907.648     0.648
1903.596     2.43
1903.114     2.349
1901.055     2.268
1899.877     0.486
1897.023     2.349
1895.407     2.187
1895.278     0.81
1891.619     0.81
1891.387     0.81
1889.406     0.81
1887.413     0.081
1887.035     1.053
1882.907     2.673
1882.639     2.025
1881.339     1.62
1879.099     0.567
1877.052     2.754
1875.016     1.782
1874.813     0.729
1871.077     1.539
1870.356     2.025
1869.633     0.567
1866.423     1.053
1866.362     1.539
1862.792     2.268
1861.955     1.944
1861.161     2.187
1857.725     2.106
1857.371     1.053
1855.03     1.134
1854.09     0.486
1851.063     1.134
1849.838     0.567
1849.55     0.162
1845.918     0.486
1845.549     1.377
1842.274     3.969
1841.147     1.782
1839.045     1.134
1837.403     0.972
1836.6     2.592
1833.317     0.81
1833.268     0
1829.767     -1.296
1828.994     0
1827.264     0.405
1824.426     1.62
1822.465     2.916
1820.437     2.268
1820.433     0.729
1816.579     1.863
1816.168     1.944
1814.861     1.539
1812.634     1.053
1812.635     -1.215
1808.714     0.405
1807.577     1.863
1806.609     1.701
1803.286     2.187
1803.044     2.835
1799.254     1.701
1798.35     2.592
1796.212     1.701
1795.182     1.296
1792.84     -0.648
1791.426     0.081
1790.681     0.729
1786.829     1.62
1786.596     2.025
1784.341     0.648
1782.171     2.916
1781.489     4.131
1778.244     2.511
1778.319     0.486
1776.245     0.648
1774.214     1.053
1771.99     1.377
1770.16     1.215
1769.749     1.458
1766.389     0.081
1765.553     1.377
1763.96     1.458
1761.152     3.078
1761.137     2.592
1757.744     1.62
1757.134     1.62
1753.899     0.081
1753.261     0.729
1751.808     1.863
1748.891     1.134
1747.585     2.025
1745.309     1.458
1744.845     0.324
1741.003     2.592
1740.058     2.835
1739.493     1.701
1736.261     0.972
1735.925     -0.405
1733.385     0.162
1732.023     0.648
1729.173     0.729
1727.691     1.053
1727.491     0.081
1723.753     0.405
1723.428     0.891
1720.618     2.025
1719.137     1.377
1718.755     1.701
1715.192     0.567
1714.679     1.053
1710.976     0.891
1710.86     0.405
1706.606     0.729
1706.288     1.215
1702.576     1.296
1702.128     0.81
1698.052     2.187
1697.946     1.215
1696.666     0.405
1693.449     1.863
1692.64     0.324
1690.428     -0.081
1689.496     0.891
1686.398     -0.243
1685.726     -0.081
1683.993     2.106
1680.941     1.458
1681.065     0.567
1677.721     1.134
1676.744     0.648
1673.46     1.458
1672.312     1.782
1671.834     1.053
1668.604     -0.648
1668.297     0.243
1665.277     1.62
1663.817     1.296
1663.135     2.511
1659.5     2.187
1659.534     0.243
1657.181     1.053
1655.486     0.243
1652.758     2.106
1651.16     1.377
1650.886     1.134
1647.514     -0.648
1647.225     -0.648
1645.081     0.648
1642.214     2.349
1642.192     1.701
1638.235     2.349
1638.099     0.972
1634.407     1.053
1633.723     1.944
1632.294     2.187
1629.578     1.458
1629.56     1.053
1625.853     1.944
1625.468     0.486
1624.399     0.891
1620.556     2.997
1619.867     2.349
1617.021     0.081
1616.884     0.243
1613.873     0.405
1612.296     1.701
1611.889     0.891
1608.318     0.729
1607.796     0.729
1605.425     1.134
1603.753     1.134
1601.028     1.782
1599.609     1.377
1598.979     1.782
1595.503     1.053
1595.216     0.243
1593.041     0.972
1590.839     1.782
1588.799     1.134
1587.047     0.324
1586.09     2.43
1581.929     2.592
1581.769     2.673
1578.013     2.592
1577.917     0.972
1576.574     0.729
1573.524     1.863
1572.566     0.648
1570.421     -0.243
1569.498     0.486
1565.592     1.863
1564.952     1.62
1564.168     0.648
1560.5     1.863
1560.551     1.458
1557.391     1.215
1556.159     1.782
1555.907     0.324
1552.71     -0.891
1551.692     0.405
1547.929     0.891
1547.806     0.648
1544.888     1.053
1543.018     2.43
1542.989     0.891
1539.59     0.081
1538.923     0.648
1535.012     0.891
1534.891     0.729
1532.876     -0.081
1530.749     0.162
1530.016     1.944
1526.145     2.106
1525.832     1.134
1523.879     2.187
1521.286     2.835
1520.036     0.972
1518.073     0.081
1517.091     1.62
1513.496     1.215
1513.251     0.648
1511.983     0.243
1509.09     -0.081
1507.228     2.349
1504.805     2.268
1504.01     2.349
1501.098     0.729
1500.332     0.891
1499.486     0.243
1496.009     0.648
1495.74     0.972
1492.499     1.458
1491.287     1.62
1491.41     0.567
1487.723     0.486
1486.955     1.458
1483.1     1.863
1482.448     2.187
1481.458     0.972
1479.259     0.405
1478.35     0.891
1474.834     0.567
1473.731     1.782
1472.965     1.377
1469.907     0.162
1468.815     1.053
1465.212     1.62
1465.136     1.458
1461.942     2.025
1460.91     1.701
1460.397     0.891
1456.61     0.405
1453.545     1.458
1451.954     2.025
1451.608     1.296
1449.414     1.782
1447.623     1.296
1445.671     0.081
1442.831     2.835
1442.816     1.782
1439.102     1.377
1438.95     0.486
1437.115     0.486
1434.612     1.053
1433.064     0
1430.856     0.243
1430.101     0.81
1426.126     1.62
1425.438     2.268
1424.146     2.187
1421.673     0.567
1419.935     1.782
1417.44     1.944
1416.914     0.972
1413.448     1.215
1412.975     0.162
1411.94     0.081
1408.156     1.944
1407.27     1.944
1405.027     0.972
1403.914     0.972
1403.1     1.62
1399.432     1.539
1398.71     2.268
1395.111     1.62
1395.157     0.81
1392.712     -0.486
1390.828     0.567
1387.837     2.025
1386.407     1.377
1385.969     1.296
1382.051     1.539
1381.845     1.701
1379.334     2.511
1377.297     1.782
1376.993     1.863
1373.294     1.377
1373.18     -0.081
1371.491     0.243
1368.641     1.62
1366.919     1.782
1364.822     0.972
1364.233     0.729
1360.131     1.944
1359.767     1.539
1358.625     0.567
1355.357     1.458
1355.339     0.891
1351.895     1.053
1350.782     1.62
1349.717     2.268
1346.921     0.162
1346.09     -0.162
1342.268     0.972
1341.955     1.863
1338.699     2.025
1337.701     1.62
1336.979     1.215
1333.325     1.458
1332.696     1.458
1330.494     0.972
1328.66     0.567
1324.649     1.134
1324.661     0.405
1322.013     0.81
1320.107     1.053
1317.814     0.81
1315.828     1.377
1314.8     3.321
1311.141     2.592
1311.009     2.025
1309.586     0.243
1306.961     0.729
1306.862     0.324
1303.225     -0.324
1302.224     1.215
1301.029     0.486
1298.073     0.729
1296.482     1.296
1294.003     1.539
1292.879     2.997
1289.54     2.106
1288.691     1.944
1287.905     1.377
1284.956     0.486
1284.081     0.324
1281.379     1.215
1280.412     0.648
1277.253     0.567
1276.17     0.243
1274.821     2.754
1271.257     2.187
1271.181     2.025
1268.268     2.106
1266.774     1.863
1264.516     0.405
1262.86     0.324
1262.458     -0.243
1258.615     -0.567
1258.325     -0.162
1255.645     1.377
1253.365     1.701
1253.324     1.053
1249.518     0.972
1248.882     1.539
1247.29     1.215
1244.773     0.567
1243.304     0.324
1240.997     0.324
1240.413     -0.243
1236.531     0.405
1235.837     1.053
1234.371     1.458
1231.176     1.701
1231.058     1.458
1227.7     1.134
1226.783     1.296
1225.689     1.863
1222.634     0.567
1221.973     -0.162
1218.171     0.729
1218.036     0.648
1214.707     1.296
1213.546     0.891
1212.676     1.701
1208.973     1.701
1208.237     2.106
1206.068     1.377
1204.121     2.43
1201.88     1.053
1200.218     0.567
1199.905     0.324
1195.623     0.729
1195.362     0.648
1191.53     0.405
1190.892     1.053
1186.828     1.701
1186.599     1.215
1184.74     0.972
1182.158     1.296
1181.936     1.377
1178.025     1.944
1177.735     0.486
1176.197     0.81
1173.506     0.081
1172.087     0.405
1169.37     1.377
1168.395     1.782
1164.845     2.106
1164.24     1.215
1163.274     0.972
1159.783     1.215
1158.729     1.701
1156.302     1.539
1155.224     1.458
1152.118     1.296
1151.162     0
1150.33     0.81
1146.333     1.701
1145.708     1.62
1143.543     1.134
1141.684     2.187
1139.105     1.863
1137.374     1.377
1137.178     0.486
1133.158     1.134
1132.838     0.567
1130.687     0.972
1128.476     1.296
1126.186     1.539
1124.189     1.296
1123.89     0.648
1119.498     2.268
1119.182     1.944
1117.547     1.215
1115.066     0.81
1115.004     0.405
1111.143     0.81
1110.17     1.701
1109.002     1.296
1106.116     0.567
1105.092     0
1102.29     1.053
1100.96     2.673
1098.054     0.486
1096.668     1.701
1096.012     1.215
1092.755     0.486
1092.406     1.134
1088.818     2.592
1087.88     1.134
1084.893     0.81
1083.744     0.405
1083.087     0.486
1078.79     2.268
1078.689     2.106
1076.334     0.729
1074.646     0.648
1074.181     0.81
1069.828     2.025
1069.785     0.324
1065.939     0.486
1065.128     1.215
1061.403     0.405
1060.888     1.134
1058.824     1.377
1056.424     0.972
1056.304     0.81
1052.391     0.891
1051.473     2.025
1047.535     2.673
1047.288     1.782
1046.061     0.729
1042.892     1.296
1042.649     1.62
1038.906     1.863
1038.237     1.215
1037.129     1.62
1033.947     0.729
1032.833     0.972
1029.332     0.972
1029.194     1.134
1026.017     0.648
1025.045     0.405
1024.238     0.486
1020.166     1.539
1019.485     1.62
1017.217     1.215
1015.747     0.81
1012.793     1.539
1011.354     0.972
1010.614     1.458
1006.716     1.296
1006.433     1.296
1004.538     -0.081
1001.994     0.972
1001.822     0.648
997.753     0.891
997.393     0.405
993.263     0.972
992.947     0.81
990.959     1.62
988.376     1.215
988.037     1.782
984.49     0.891
984.046     0.081
979.957     1.458
979.491     1.134
978.138     0.972
974.915     1.134
974.81     0.891
971.477     0
970.043     1.701
969.016     1.944
965.64     1.782
964.839     1.296
961.373     0.81
961.241     0.81
957.861     1.296
956.39     1.863
955.771     1.782
952.165     1.134
951.608     0.891
949.201     1.053
947.33     1.539
944.642     1.863
943.096     1.458
942.597     0.972
938.626     1.296
938.258     0.648
936.173     0.972
933.426     1.539
931.563     1.782
929.206     1.782
927.429     1.539
925.104     0.405
924.717     1.053
920.396     2.43
920.213     0.972
916.338     1.053
915.567     0.81
914.307     0.891
911.128     1.215
910.186     0.081
907.514     0.648
906.952     -0.405
903.131     1.053
901.99     1.701
901.381     0.567
897.513     1.377
897.352     1.296
894.272     1.296
892.767     1.377
889.689     1.701
888.429     1.215
887.877     0.81
884.293     -0.081
883.965     0.324
880.68     2.835
878.94     1.863
878.885     0.891
874.873     1.134
874.18     1.539
872.043     2.268
869.969     0.972
868.409     0.081
865.797     0
865.533     0.162
861.616     0.567
860.771     1.215
859.551     1.215
856.433     1.215
855.099     1.458
851.718     1.782
851.756     1.053
848.281     0.648
847.178     1.296
844.051     0.243
843.065     0.405
842.356     -0.729
839.644     0.081
838.099     0.972
834.8     1.296
833.225     1.782
832.536     2.268
828.941     1.863
828.365     1.053
826.018     1.134
824.49     0.405
822.144     0.081
820.375     0.324
819.874     -0.081
815.469     1.539
815.309     1.053
813.013     1.296
810.705     0.972
808.452     1.782
805.913     3.24
805.918     1.053
802.576     -1.053
800.026     0.567
797.664     0.324
797.325     -0.972
795.834     -0.405
792.443     0.81
791.07     0.891
787.638     1.62
787.377     2.106
783.789     1.863
783.323     -0.324
782.494     -0.729
778.838     0.324
777.72     0.648
775.089     1.134
774.358     -0.486
770.854     0.891
769.227     2.349
768.71     1.458
764.617     2.43
764.223     1.053
762.175     0.081
760.388     0.324
757.754     0.162
756.137     0
755.617     -0.405
751.726     -0.405
750.296     2.835
748.477     2.349
746.483     0.891
744.132     2.187
741.748     1.863
741.486     2.187
737.767     1.377
737.305     0.729
735.859     0.729
733.097     0.243
731.789     -0.486
729.39     -0.729
728.051     1.134
724.443     0.567
723.578     1.053
722.019     2.349
718.818     2.025
718.001     0.729
715.582     0.486
714.491     0.405
711.385     -0.486
710.452     -0.972
709.08     1.134
705.234     1.458
704.485     1.296
702.201     0.81
699.928     3.159
697.442     1.944
696.017     1.701
695.768     0.324
692.222     -1.134
692.001     -1.296
689.066     0
687.153     -0.324
684.657     0.243
682.631     0.486
681.682     1.782
677.76     1.944
677.21     2.592
675.848     0.324
672.97     1.215
672.883     0.81
669.296     -0.567
668.548     0
666.898     1.215
663.945     0.243
660.103     1.215
659.201     1.296
657.881     2.025
654.583     1.782
653.494     1.458
651.065     0.972
650.285     0.081
646.926     0.324
645.776     -0.243
645.148     -0.648
641.127     0.243
640.179     1.134
637.762     1.215
636.175     1.134
633.28     1.215
631.877     0.891
630.841     2.511
627.526     0.162
626.672     0.891
624.74     0.405
622.726     0.486
620.348     0.729
618.276     1.215
617.47     1.62
613.381     1.701
612.896     2.106
611.187     1.701
608.975     0.405
608.436     1.458
604.7     0.972
604.105     0.729
600.453     0.324
599.865     0.243
598.44     0.567
595.026     1.134
594.659     1.782
591.225     0.891
589.962     2.187
586.652     1.539
585.996     0.486
584.827     1.053
581.162     1.053
580.974     1.215
578.066     0.405
576.658     0.405
576.03     0.567
571.82     2.025
571.245     1.539
567.414     1.458
567.163     1.62
564.482     1.701
562.871     0.648
562.637     0.324
558.581     0.729
557.959     0.729
555.941     0.729
553.932     -0.081
551.191     1.782
549.143     1.944
548.532     1.782
544.67     1.863
544.13     1.458
542.743     0.486
539.798     1.134
538.206     0.972
535.88     0.81
535.242     0.162
531.493     0.243
529.25     1.134
526.84     0.648
525.734     1.377
522.156     1.782
521.289     1.782
520.497     0.648
516.966     0.243
516.71     0.729
513.684     0.243
512.209     0.729
509.148     0.729
507.815     0.567
507.109     0.243
502.966     1.377
502.578     2.268
499.803     2.349
498.287     0.891
495.97     0.243
493.983     0.648
493.544     0.243
489.343     1.215
489.11     1.053
487.148     0.162
484.573     0.648
482.531     0.81
480.061     1.701
479.395     1.701
475.749     0.972
474.971     1.296
473.888     0.243
470.893     0.324
469     2.187
466.796     1.215
465.986     0.81
462.21     1.296
461.402     1.215
460.33     1.134
456.844     1.053
456.742     0.729
453.408     0.243
452.402     -0.324
448.825     1.377
447.439     2.025
447.038     0.486
443.193     0.81
443.183     0.162
440.162     0.648
438.7     -0.162
435.56     1.215
433.971     1.377
433.46     1.053
429.41     1.296
428.731     1.296
426.742     1.377
424.556     0.972
422.131     2.025
420.353     0.891
419.869     0.324
415.375     2.187
415.152     1.701
413.738     0.567
411.294     -0.567
409.201     1.458
406.652     1.944
406.323     0.324
402.735     -0.081
401.701     0.567
400.321     1.782
397.301     0.729
393.837     0
392.83     0.405
391.997     -0.243
388.061     1.458
387.657     2.268
384.405     1.944
383.794     -0.972
380.407     0.486
379.019     0.81
378.207     1.215
374.004     2.268
373.997     1.539
371.755     0
370.009     -0.243
367.294     0.486
365.388     0.891
364.645     1.296
361.295     -0.567
360.966     -0.324
358.298     1.62
355.904     1.782
355.905     0.81
351.857     1.377
351.314     0.891
349.607     1.539
347.088     0.567
345.439     0.81
342.534     0.648
342.194     1.215
338.672     0.729
337.723     0.729
334.095     1.134
333.3     1.215
332.239     0.972
329.138     -0.081
328.87     0.243
325.176     1.458
324.267     0.081
323.302     1.296
319.61     1.377
318.543     2.43
316.269     2.025
314.968     0.891
312.056     1.863
310.286     1.782
310.008     1.458
306.15     1.053
306.01     -0.405
301.986     -0.162
301.601     0.243
298.871     2.349
296.974     0.81
296.707     0.891
292.624     1.377
292.002     1.377
288.421     0.567
287.897     0.81
286.302     0.567
283.699     -0.324
283.167     0.891
279.458     0.729
278.646     1.134
277.563     0.81
274.317     0.891
273.077     1.296
269.573     1.944
269.604     1.215
266.13     1.134
265.449     -0.081
260.857     0.567
260.579     0.972
257.66     0.486
256.429     -0.486
255.956     -0.81
251.482     1.944
250.788     2.187
247.259     0.972
247.068     1.215
244.754     -0.243
242.628     0.729
240.404     0.324
238.278     1.296
237.684     1.377
234.559     -1.377
234.091     -0.729
231.511     1.377
228.767     2.592
227.27     1.134
225.217     0.324
224.713     0.162
220.703     0.891
220.147     0.972
218.573     1.62
215.783     1.215
214.827     -0.081
212.058     1.134
211.345     0.648
207.859     0.567
206.883     0.81
203.098     1.782
202.378     1.296
201.731     0.729
198.319     0.324
197.354     0.81
194.001     -0.243
193.627     0.405
190.497     1.134
189.28     0.324
188.882     0
185.089     0.081
184.271     1.215
180.484     1.134
180.272     0.891
178.092     0.648
176.192     0.162
173.94     0.567
171.65     0.81
171.615     0
167.655     0.729
167.108     0.729
165.551     0.486
162.699     1.377
161.271     1.215
159.251     0.162
158.66     0.162
155.009     0.486
154.181     0.648
153.171     0.567
149.926     0.81
148.663     1.701
146.385     1.053
145.575     0.648
142.304     0.891
141.018     1.944
140.333     1.944
137.174     0.729
136.686     -0.081
134.18     0.405
132.535     0
128.638     0.729
127.984     1.296
125.843     1.215
124.167     1.134
121.73     1.458
120.156     0.972
119.821     0.648
116.17     0.243
115.613     0.729
113.909     0.567
111.909     -0.162
109.91     0.405
107.304     1.458
107.163     1.701
104.01     0.162
103.278     0.972
101.909     1.296
99.3950000000001     0.729
98.3880000000001     -0.162
95.3750000000001     0.081
95.2530000000001     0.162
91.8390000000001     0.567
91.0990000000001     0.891
87.5730000000001     1.782
86.7010000000001     2.106
86.2670000000001     0.81
83.0180000000001     0.972
82.3450000000001     1.377
80.0650000000001     1.134
78.9140000000001     0.972
76.2330000000001     1.62
75.0240000000001     1.296
74.9140000000001     -0.081
71.1240000000001     0.648
70.9480000000001     0.081
68.8780000000001     0.324
67.2130000000001     -0.081
64.4030000000001     2.916
62.8560000000001     2.187
63.0630000000001     0.324
59.1370000000001     1.377
58.9840000000001     1.053
57.4680000000001     0.729
55.6550000000001     -1.053
53.5830000000001     1.296
51.5470000000001     0.891
51.1490000000001     1.134
47.6400000000001     1.377
47.3750000000001     0.648
46.1640000000001     0.972
43.6630000000001     0
42.6990000000001     0.081
40.2190000000001     0.729
39.1670000000001     2.268
36.3960000000001     1.134
35.8450000000001     0.324
35.1350000000001     0.486
32.0140000000001     0.972
31.2720000000001     1.701
29.0600000000001     1.701
28.4330000000001     0.729
25.9160000000001     0.243
24.3610000000001     1.782
24.0670000000001     1.377
20.9640000000001     0.567
20.3010000000001     1.782
17.3660000000001     0.081
17.4580000000001     -0.405
13.4270000000001     1.134
13.1040000000001     1.944
10.1890000000001     -0.162
10.0990000000001     -0.081
7.98900000000008     1.134
6.10800000000008     1.377
6.21500000000008     0.81
2.91300000000008     0.486
2.80300000000008     0.405
-0.601999999999923     0.729
-1.04999999999992     1.134
-2.34999999999992     2.025
