Distance_nm     Force_uN
0.253     7.614
1.911     1.377
4.127     1.458
3.905     5.427
3.545     8.181
4.056     12.798
4.256     15.957
4.148     17.253
5.588     22.275
5.497     22.599
4.514     32.643
4.725     36.45
6.527     30.699
8.03     30.456
8.286     34.587
8.019     35.964
8.508     44.712
8.232     45.927
7.498     53.379
8.667     54.918
8.267     57.267
9.221     57.915
9.844     62.37
10.081     61.56
11.147     67.554
11.663     66.663
11.344     71.037
11.592     76.626
12.129     75.816
12.735     76.464
12.791     84.645
12.89     84.078
12.362     95.256
12.668     96.066
13.63     94.608
14.686     97.362
13.534     103.518
13.484     105.543
15.252     108.783
14.689     111.861
15.081     117.045
16.199     115.992
15.274     120.528
16.492     125.793
16.394     126.198
16.649     132.192
16.494     136.566
16.407     137.781
17.013     141.669
17.625     143.856
17.85     148.797
18.054     152.928
19.02     154.872
19.946     156.573
19.035     160.542
20.604     165.24
20.071     167.832
19.811     168.885
19.261     181.116
19.148     182.331
18.224     189.783
19.383     192.78
20.334     189.216
20.758     197.478
21.442     195.939
19.85     204.849
20.5     209.304
21.825     205.659
21.153     210.924
22.665     213.921
23.178     214.326
23.261     220.806
23.022     223.479
23.198     224.694
23.269     233.847
23.313     233.523
23.439     241.542
24.085     241.704
24.957     239.679
26.513     244.053
27.571     240.084
27.523     247.293
25.866     257.337
25.607     259.038
27.382     262.845
27.188     263.574
27.518     268.515
27.81     272.16
27.35     274.752
26.157     284.715
26.904     287.226
26.373     289.494
26.755     298.566
27.449     296.217
27.92     299.133
27.313     307.962
26.951     309.42
27.574     317.763
27.627     318.573
27.378     322.785
28.45     325.458
28.534     326.268
27.638     332.667
27.895     339.876
27.715     343.278
28.9     345.546
28.952     347.247
29.053     349.434
29.804     353.727
29.317     357.21
29.331     359.073
29.552     367.74
29.224     368.793
29.518     376.083
28.947     381.186
30.053     377.946
29.876     385.479
29.643     389.772
29.272     391.716
29.741     400.302
28.909     403.461
29.172     409.779
28.997     414.72
29.82     412.047
31.236     412.938
32.063     414.477
32.758     412.128
32.398     424.278
32.661     423.549
33.434     426.06
32.983     433.593
35.147     430.434
36.592     430.839
35.794     434.484
36.463     436.023
36.5     443.07
36.14     448.173
37.375     450.036
36.19     455.625
36.293     458.379
36.923     462.591
34.942     471.42
35.279     473.04
33.89     487.134
34.722     483.894
34.732     493.533
34.93     494.586
34.705     497.502
36.142     501.552
36.182     501.147
35.346     512.811
37.081     509.166
37.829     507.465
37.81     514.35
36.896     521.073
36.792     522.45
37.53     530.307
38.346     527.877
38.832     532.413
38.273     538.812
38.129     539.865
38.51     549.18
38.499     549.261
38.021     556.956
38.877     558.819
39.624     556.551
38.355     572.427
39.136     569.754
40.121     570.483
42.016     569.673
40.11     577.611
38.826     586.197
39.554     590.733
40.257     587.979
39.581     600.858
39.762     601.425
39.52     605.394
40.837     609.201
40.373     610.821
40.345     613.413
40.35     622.242
40.516     623.295
41.733     625.644
41.831     627.507
41.92     629.127
42.407     636.579
41.955     638.118
41.838     646.947
41.217     652.455
39.93     658.287
41.756     661.608
41.185     663.633
40.152     674.73
41.124     675.135
39.663     681.048
41.161     686.07
41.053     686.475
41.406     691.254
41.825     694.737
42.151     693.927
42.293     698.787
42.338     703.89
41.755     705.996
41.155     718.632
41.974     715.878
41.694     721.467
41.919     727.218
43.744     730.701
43.415     732.645
44.204     732.807
45.412     734.751
42.481     746.415
42.426     756.135
42.141     758.646
42.566     758.97
42.919     764.397
41.09     772.578
40.73     775.98
40.823     784.161
41.156     783.999
42.007     787.482
42.27     788.292
42.136     790.155
40.913     803.844
41.088     802.872
41.637     808.218
40.773     814.617
38.974     821.502
39.781     828.306
40.464     825.39
42.158     825.633
41.205     832.68
40.512     835.677
42.79     837.459
42.249     839.565
41.403     847.989
41.807     851.391
41.814     851.148
40.879     859.491
42.837     858.033
40.913     869.454
41.981     871.155
41.502     873.423
40.784     880.065
41.473     884.196
40.248     891.81
40.047     899.019
41.6     893.511
41.066     904.932
40.818     907.362
40.006     912.222
40.301     917.811
40.157     919.674
39.473     924.372
39.121     934.416
39.484     932.877
39.468     941.625
39.729     942.759
38.901     946.971
39.951     949.725
40.164     951.831
39.265     956.286
38.593     968.679
39.141     966.168
40.665     967.383
41.521     967.788
40.277     972.729
39.974     980.262
39.955     983.907
40.422     982.611
40.504     992.412
41.171     990.225
40.968     996.3
39.752     1005.696
40.044     1004.562
38.899     1019.061
40.459     1013.31
40.489     1017.522
41.442     1019.952
42.414     1016.307
41.501     1029.996
40.687     1033.641
40.447     1034.046
40.881     1043.28
41.088     1045.305
41.118     1051.866
39.969     1056.888
40.62     1064.178
39.109     1071.306
42.89     1058.589
43.157     1064.34
40.706     1074.951
41.281     1074.789
41.263     1083.942
40.775     1085.238
42.247     1087.83
41.253     1093.986
41.896     1093.095
40.482     1107.837
40.172     1108.485
42.021     1109.214
40.956     1116.504
40.247     1119.42
42.323     1117.638
41.196     1125.576
41.436     1125.009
41.377     1135.539
40.511     1139.022
40.895     1143.072
39.554     1153.035
40.273     1150.281
40.065     1161.702
38.646     1166.886
40.484     1164.456
40.067     1171.665
40.401     1170.45
40.762     1173.285
39.281     1185.354
38.819     1190.7
39.92     1192.968
38.242     1199.772
36.769     1208.358
37.981     1211.355
38.619     1208.763
38.151     1219.698
38.644     1219.293
38.391     1222.533
39.82     1226.016
39.1     1228.203
39.49     1235.331
40.118     1235.088
38.236     1243.35
38.424     1249.83
39.985     1246.347
37.956     1255.257
38.258     1263.762
39.437     1259.874
38.893     1268.055
38.53     1272.672
38.173     1274.94
39.79     1278.828
39.84     1278.423
39.335     1287.009
40.722     1285.875
40.867     1285.389
41.52     1293.327
40.616     1297.053
39.601     1304.748
39.932     1310.337
38.185     1316.493
39.141     1323.135
39.315     1323.216
38.26     1330.506
38.799     1335.042
39.239     1333.827
39.61     1342.089
40.158     1341.279
39.222     1347.354
39.479     1354.563
39.619     1355.778
38.992     1366.875
39.718     1363.797
40.624     1369.224
40.587     1371.654
40.314     1373.841
39.789     1385.505
39.462     1386.396
40.044     1392.309
39.006     1399.518
39.681     1397.736
39.41     1408.428
38.304     1412.478
39.442     1414.665
38.204     1423.413
38.52     1422.684
37.868     1435.158
38.439     1433.214
38.505     1438.398
38.11     1444.716
37.109     1448.685
38.057     1455.813
37.488     1458.243
37.03     1464.48
35.722     1475.901
35.696     1475.82
37.31     1480.194
36.744     1482.948
36.461     1487.484
35.651     1496.88
35.823     1497.042
37.112     1501.983
38.016     1499.796
37.584     1503.765
37.187     1512.108
35.964     1517.778
37.162     1522.881
37.859     1521.747
39.553     1517.211
39.534     1524.096
36.691     1536.651
37.896     1540.701
37.203     1545.966
36.188     1550.583
37.026     1554.309
35.683     1562.328
36.433     1560.384
36.244     1571.319
34.621     1577.961
34.837     1583.388
35.583     1584.441
34.424     1589.22
36.155     1593.351
35.723     1594.971
34.704     1604.934
35.112     1608.417
35.605     1611.9
36.621     1613.52
35.653     1617.327
35.346     1623.078
36.103     1626.48
32.727     1643.247
33.742     1645.839
34.47     1643.247
34.242     1654.425
34.469     1654.344
34.243     1658.313
34.871     1662.768
35.153     1662.363
35.328     1671.678
35.259     1673.298
33.661     1681.641
33.434     1691.199
32.911     1693.062
34.903     1696.626
34.204     1698.813
34.21     1707.48
33.415     1712.988
33.308     1714.77
33.83     1722.627
33.97     1722.87
33.638     1730.808
32.233     1739.475
32.151     1740.609
30.622     1756.728
31.071     1754.946
32.567     1755.675
32.466     1760.616
31.638     1763.937
31.981     1773.252
33.755     1767.015
33.611     1772.847
33.024     1780.38
33.496     1783.782
33.149     1790.748
32.8     1792.53
33.733     1799.496
32.552     1804.518
32.515     1808.487
32.86     1813.59
33.827     1810.674
33.629     1821.528
33.406     1823.391
33.531     1825.821
32.159     1839.024
32.829     1836.351
33.034     1845.099
31.515     1852.632
32.782     1849.716
32.457     1859.841
32.659     1858.788
32.791     1867.374
30.657     1877.904
31.199     1877.175
31.867     1884.384
31.998     1883.736
31.976     1891.755
31.646     1896.21
32.649     1893.375
33.381     1897.425
31.837     1907.064
30.996     1910.79
30.638     1922.616
30.135     1924.56
30.92     1927.719
30.749     1933.551
30.512     1934.442
31.906     1940.112
32.925     1936.548
33.702     1938.411
32.642     1948.131
30.533     1956.555
30.977     1959.39
31.135     1965.708
30.294     1968.705
30.923     1976.967
29.435     1983.042
28.562     1990.008
30.058     1992.276
27.949     2002.968
28.821     2006.451
30.059     2003.13
29.992     2006.046
30.212     2014.146
27.812     2025.081
29.559     2027.673
27.898     2033.586
26.946     2045.979
29.293     2039.904
28.65     2050.272
27.313     2058.129
26.977     2060.316
27.195     2070.198
27.163     2071.17
27.031     2078.217
28.739     2075.544
28.201     2084.454
28.078     2089.476
27.238     2092.959
26.355     2106.972
25.181     2111.67
24.596     2119.77
25.386     2122.119
26.195     2119.203
24.319     2136.78
25.131     2134.269
26.617     2133.216
25.676     2143.341
23.952     2153.952
24.874     2157.759
24.476     2159.055
24.042     2171.205
24.192     2171.691
25.636     2169.018
25.118     2178.09
24.94     2180.196
25.376     2181.168
25.495     2189.349
26.059     2189.268
26.916     2193.399
26.849     2195.667
26.393     2199.312
27.466     2204.901
26.592     2209.599
26.107     2218.428
26.605     2219.562
26.25     2229.363
25.581     2235.033
24.813     2238.759
25.682     2245.887
25.796     2245.32
24.948     2255.688
25.679     2257.308
25.408     2258.604
24.583     2272.536
23.348     2277.72
23.374     2283.228
23.801     2287.197
24.504     2289.951
24.086     2297.322
23.219     2301.048
23.602     2304.288
23.118     2312.955
23.745     2310.606
23.678     2321.379
23.109     2324.538
23.181     2328.021
23.959     2332.881
22.825     2340.333
22.562     2348.19
22.694     2348.919
23.118     2350.053
24.143     2355.156
22.822     2359.773
22.151     2371.923
22.537     2372.571
22.326     2374.92
22.783     2382.939
23.005     2382.048
23.307     2389.662
23.529     2391.201
21.823     2399.058
24.844     2398.41
23.559     2411.127
22.264     2419.713
21.722     2422.953
22.87     2429.19
22.714     2429.595
19.818     2447.01
22.445     2442.393
22.287     2443.203
19.658     2464.02
22.011     2456.163
22.471     2459.727
19.681     2476.251
20.733     2477.223
19.941     2486.214
20.829     2483.379
20.997     2493.666
20.295     2497.149
20.905     2498.769
18.466     2515.617
19.267     2516.265
21.046     2516.427
19.633     2522.988
19.942     2524.77
21.158     2528.82
21.26     2530.845
20.826     2539.836
20.495     2542.914
19.669     2555.55
20.137     2556.441
20.892     2555.307
19.815     2569.158
19.978     2568.429
19.695     2578.392
20.135     2579.526
18.665     2586.006
18.409     2597.589
19.035     2596.05
19.227     2602.044
19.922     2603.583
19.223     2612.898
18.831     2619.54
18.445     2621.403
19.271     2629.422
17.814     2635.578
19.136     2636.226
17.607     2647.647
17.16     2654.613
17.902     2657.853
17.514     2660.04
18.821     2666.115
19.248     2665.305
18.374     2672.433
17.322     2684.016
17.041     2685.069
16.883     2696.247
18.968     2689.848
18.413     2694.951
17.258     2707.911
18.094     2707.263
17.483     2716.821
18.786     2713.986
18.501     2724.354
18.755     2725.812
18.912     2727.432
20.445     2728.89
19.849     2733.831
19.006     2738.691
18.939     2749.545
18.1     2753.757
18.069     2760.804
18.209     2765.016
18.523     2774.817
17.626     2778.3
19.25     2779.515
17.848     2789.235
19.97     2787.534
19.255     2795.31
18.267     2799.765
16.918     2815.803
17.256     2814.75
17.656     2818.8
17.055     2827.629
16.648     2829.411
17.636     2836.701
16.308     2842.533
16.62     2845.449
18.69     2845.368
17.833     2852.253
18.179     2857.923
16.852     2864.322
16.884     2874.609
15.678     2880.846
15.725     2883.276
16.668     2887.164
16.629     2889.027
15.693     2902.311
16.002     2903.364
16.843     2902.068
16.659     2913.084
16.507     2915.271
16.144     2923.938
14.838     2931.876
15.74     2936.412
16.529     2937.303
16.942     2936.898
16.853     2943.945
17.029     2947.509
17.011     2955.042
17.363     2958.282
16.936     2960.712
18.019     2968.002
16.879     2972.376
16.065     2981.529
16.682     2985.417
17.333     2983.23
16.794     2996.19
15.905     3000.078
14.369     3010.932
15.051     3015.306
14.292     3018.465
13.838     3031.263
14.517     3029.724
14.395     3033.936
16.477     3034.341
15.267     3042.036
15.887     3046.977
14.915     3052.242
14.856     3062.691
14.887     3064.311
14.324     3068.928
14.906     3076.461
14.824     3076.866
14.591     3087.396
13.94     3092.58
14.492     3091.932
13.719     3105.216
14.568     3103.434
14.212     3111.858
13.798     3117.042
13.388     3126.438
13.797     3129.111
13.233     3132.351
15.564     3134.862
14.893     3137.697
13.86     3152.844
13.474     3155.436
14.707     3156.813
13.021     3168.882
13.592     3172.527
13.728     3178.116
14.389     3176.091
13.935     3188.889
12.904     3193.506
14.411     3192.534
14.447     3199.095
12.204     3208.491
14.073     3212.541
12.978     3218.049
14.088     3217.401
13.387     3228.498
11.72     3237.732
11.902     3244.293
11.669     3246.966
12.301     3254.823
12.814     3255.228
11.583     3262.113
13.217     3265.839
13.428     3265.029
12.565     3277.584
11.054     3286.251
10.245     3290.706
12.002     3294.918
10.556     3301.641
9.872     3311.118
11.664     3308.526
11.321     3317.274
11.58     3321.081
12.594     3318.246
13.375     3326.67
12.585     3329.829
10.365     3344.652
12.126     3343.437
11.41     3346.596
11.145     3359.394
11.851     3357.045
11.722     3362.958
11.739     3369.924
10.087     3380.778
10.528     3385.638
10.265     3387.987
9.573     3394.629
9.985     3401.514
9.783     3405.807
11.036     3409.776
10.458     3411.963
8.593     3429.459
10.38     3424.437
9.644     3429.864
9.507     3440.151
8.015     3445.902
7.572     3457.161
7.863     3458.457
7.034     3463.641
7.588     3472.065
6.303     3478.383
6.831     3483.729
8.998     3479.355
8.168     3483.729
9.908     3488.103
8.233     3495.312
7.497     3504.708
9.387     3502.359
7.993     3514.752
9.056     3515.643
9.985     3519.288
9.216     3527.955
9.181     3528.522
10.132     3536.622
9.876     3538.809
11.337     3544.641
9.637     3551.769
10.629     3552.984
10.995     3558.087
9.125     3566.106
9.327     3569.751
8.13     3582.63
10.238     3578.418
11.928     3579.309
8.753     3592.755
9.623     3600.369
9.277     3603.366
10.06     3602.799
10.409     3608.874
8.41     3618.837
8.83     3627.018
7.828     3633.579
7.766     3635.766
8.247     3644.19
9.168     3640.95
10.08     3646.296
10.063     3649.698
8.633     3656.502
8.075     3669.867
8.98     3667.68
8.76     3675.294
7.924     3683.07
7.08     3687.282
6.549     3700.647
6.121     3703.158
6.312     3708.423
5.367     3717.495
6.68     3718.791
7.639     3721.14
6.764     3725.19
5.55     3735.072
6.686     3737.745
5.063     3749.004
6.261     3750.948
6.138     3752.811
6.058     3763.989
5.315     3767.958
4.84     3773.79
5.898     3776.868
3.322     3788.127
5.591     3790.638
5.971     3791.286
2.41     3807.243
3.761     3811.536
4.9     3807.405
4.179     3819.96
5.215     3818.583
5.545     3819.636
5.501     3830.166
5.172     3831.381
6.161     3836.97
5.814     3841.668
4.326     3848.391
5.882     3853.575
6.037     3853.251
4.63     3866.049
5.217     3869.613
4.716     3872.124
4.181     3885.246
2.973     3890.349
3.279     3895.776
4.42     3897.477
3.292     3907.197
2.529     3917.403
3.492     3914.244
5.558     3917.889
4.087     3924.612
4.267     3928.338
4.719     3934.818
4.906     3934.332
3.656     3949.722
2.77     3954.663
4.155     3953.124
4.695     3958.227
4.46     3961.062
3.62     3966.975
3.05     3978.963
4.18     3977.019
2.911     3992.004
2.088     3995.325
4.057     3997.026
3.803     4001.157
3.532     4003.911
3.635     4014.522
4.238     4014.036
4.623     4019.544
3.71     4026.996
3.069     4030.722
2.414     4044.492
4.079     4039.47
4.271     4045.383
3.129     4054.779
3.33     4061.016
1.555     4073.004
2.25     4071.384
3.323     4078.674
1.914     4084.668
2.705     4087.584
2.496     4094.55
0.841     4101.84
3.247     4104.351
3.335     4105.323
3.607     4108.644
2.771     4119.66
1.409     4124.925
2.347     4132.701
0.882     4139.991
0.887     4143.15
0.579     4153.761
-0.899     4162.266
-1.216     4171.176
-0.705     4171.176
0.855     4175.55
0.951     4177.818
-0.402     4184.865
2.375     4185.351
0.511     4194.099
0.363     4202.037
1.602     4200.984
0.651     4206.168
0.984     4216.212
-0.43     4223.016
0.683     4225.851
0.641     4230.63
-0.654     4243.185
0.564     4243.752
0.649     4244.4
1.235     4253.715
0.74     4255.983
-2.215     4273.56
-1.119     4275.909
-1.729     4278.825
-1.239     4288.383
-0.049     4285.143
-1.567     4295.673
-0.704     4300.533
3.489     4296.24
-1.08     4315.032
0.05     4314.546
2.724     4313.088
-0.01     4326.696
0.128     4333.662
1.16     4332.042
1.482     4341.438
-0.24     4350.186
1.641     4345.974
0.528     4359.663
0.494     4362.417
-0.632     4377.321
-0.087     4375.377
0.082     4383.963
-1.276     4392.63
-0.862     4392.873
-2.928     4411.422
-2.825     4412.556
-0.871     4412.394
-3.445     4426.569
-2.703     4431.348
-1.997     4433.616
-3.044     4438.962
-2.562     4448.925
-1.446     4444.956
-3.496     4459.374
-2.842     4463.262
-1.721     4459.293
-2.286     4473.063
-2.37     4474.521
-2.458     4479.786
-4.249     4494.204
-3.111     4494.852
-2.197     4498.335
-3.487     4504.734
-1.624     4508.784
-1.208     4508.703
-1.488     4513.644
-3.641     4530.978
-3.406     4530.492
-2.482     4537.215
-3.316     4543.047
-3.243     4545.558
-3.842     4557.87
-2.931     4557.06
-3.13     4568.076
-3.326     4569.048
-3.756     4579.74
-4.596     4586.544
-5.006     4589.622
-4.712     4599.99
-3.173     4595.778
-5.058     4610.034
-5.916     4617.891
-6.941     4629.474
-5.748     4629.798
-5.978     4631.904
-5.611     4642.434
-5.296     4641.786
-3.37     4641.138
-4.704     4652.559
-5.939     4657.662
-3.286     4659.363
-5.505     4669.164
-7.644     4682.043
-5.591     4682.043
-6.145     4684.554
-5.542     4693.707
-5.814     4700.511
-5.917     4708.044
-4.671     4705.209
-4.312     4707.477
-5.126     4719.708
-5.483     4721.166
-5.785     4733.316
-2.755     4724.244
-2.456     4726.026
-5.283     4746.519
-4.723     4747.005
-3.922     4751.622
-5.033     4758.75
-6.107     4772.115
-5.839     4774.626
-7.257     4781.997
-6.939     4791.879
-6.385     4790.097
-5.061     4793.742
-5.897     4801.356
-5.106     4799.655
-7.232     4819.176
-7.796     4821.768
-6.233     4823.388
-6.757     4830.921
-7.675     4835.133
-8.177     4848.822
-5.469     4839.831
-7.277     4852.062
-7.19     4858.785
-6.144     4860.648
-7.692     4874.094
-7.723     4874.661
-6.843     4883.328
-6.995     4884.786
-6.778     4888.593
-6.681     4896.936
-6.542     4896.531
-9.103     4917.429
-8.351     4916.781
-8.758     4921.803
-9.899     4935.735
-9.348     4936.788
-8.481     4941
-9.313     4946.67
-9.414     4957.038
-8.766     4957.686
-9.399     4962.627
-9.676     4974.21
-8.927     4971.618
-9.152     4981.662
-9.017     4985.064
-9.912     4989.924
-9.585     5000.049
-8.516     4996.809
-9.463     5008.554
-10.203     5016.168
-9.632     5014.953
-8.834     5024.025
-9.281     5027.022
-8.145     5028.885
-8.28     5035.608
-9.051     5039.253
-8.654     5049.864
-9.235     5053.428
-8.111     5054.481
-9.964     5068.656
-9.854     5073.597
-9.679     5079.753
-8.54     5077.08
-9.196     5091.012
-9.498     5093.604
-8.6     5101.866
-6.994     5097.897
-8.14     5105.511
-8.91     5117.58
-8.465     5116.284
-8.485     5127.3
-9.865     5135.238
-7.959     5138.397
-8.503     5143.338
-10.102     5151.843
-11.945     5169.258
-11.426     5167.152
-9.762     5170.392
-10.01     5175.09
-11.283     5182.137
-10.869     5191.776
-10.656     5191.533
-11.363     5201.901
-11.088     5205.789
-11.407     5208.624
-10.884     5218.506
-10.844     5218.911
-10.714     5225.391
-10.066     5229.279
-11.155     5233.977
-11.37     5246.451
-11.376     5247.423
-11.265     5252.85
-12.306     5264.514
-11.846     5263.299
-12.022     5275.611
-11.613     5275.854
-11.67     5280.39
-11.168     5287.194
-12.466     5292.459
-12.586     5304.123
-12.264     5304.69
-12.74     5309.793
-13.78     5323.644
-11.644     5319.108
-12.262     5328.99
-12.584     5332.959
-13.791     5348.268
-14.252     5352.642
-13.691     5352.885
-13.366     5359.446
-13.472     5363.577
-16.008     5382.207
-14.851     5381.559
-15.533     5386.014
-15.634     5397.921
-16.23     5400.594
-16.688     5410.719
-16.246     5414.04
-16.141     5414.769
-15.818     5425.623
-17.419     5432.751
-16.976     5437.368
-16.221     5441.013
-16.026     5441.013
-16.129     5453.244
-15.513     5452.515
-15.711     5458.509
-14.898     5462.964
-16.186     5473.737
-17.184     5484.429
-16.88     5484.591
-15.901     5492.61
-16.695     5497.146
-15.046     5495.445
-15.503     5506.218
-16.672     5510.997
-16.788     5522.904
-16.81     5528.655
-16.17     5533.677
-16.68     5538.294
-15.636     5537.322
-15.152     5546.07
-16.397     5553.441
-15.348     5557.248
-16.58     5565.186
-16.171     5573.286
-15.085     5573.043
-15.764     5577.741
-17.312     5595.156
-16.208     5591.43
-16.896     5602.284
-16.294     5605.2
-15.697     5604.147
-15.308     5614.434
-14.848     5613.381
-15.525     5623.263
-15.109     5628.042
-15.767     5631.201
-16.91     5646.996
-17.328     5650.479
-16.23     5651.613
-16.235     5658.66
-16.629     5660.928
-17.069     5674.86
-16.227     5673.321
-16.393     5678.505
-17.467     5691.141
-17.836     5692.761
-16.735     5699.808
-15.671     5698.107
-15.847     5702.481
-17.589     5718.843
-17.425     5718.762
-19.042     5735.448
-17.824     5733.585
-18.929     5740.551
-17.881     5746.95
-17.447     5748.084
-17.353     5755.293
-16.99     5757.723
-18.039     5771.412
-16.769     5770.359
-16.837     5772.708
-17.596     5787.045
-17.771     5788.017
-18.467     5799.195
-17.705     5800.977
-18.731     5806.404
-19.775     5822.442
-20.082     5824.386
-19.621     5830.137
-19.46     5836.05
-19.541     5837.103
-20.309     5852.007
-20.427     5853.141
-21.705     5863.995
-21.404     5869.341
-21.755     5872.338
-21.058     5881.41
-21.768     5885.379
-22.544     5893.56
-21.759     5898.987
-20.845     5896.152
-21.307     5909.355
-20.638     5908.545
-21.314     5915.187
-21.189     5922.396
-20.32     5921.667
-22.23     5939.649
-22.822     5944.752
-19.664     5943.213
-20.739     5950.584
-19.983     5950.017
-20.149     5961.519
-20.015     5963.544
-19.484     5969.133
-22.136     5983.146
-21.06     5988.411
-21.934     5995.458
-20.157     5991.165
-18.667     5992.704
-19.863     6002.262
-20.076     6004.287
-19.778     6014.898
-20.676     6020.082
-19.582     6022.593
-19.559     6028.587
-19.264     6034.824
-20.043     6043.572
-21.17     6049.161
-21.848     6057.585
-21.454     6063.336
-20.981     6067.305
-21.055     6074.514
-20.992     6076.134
-21.639     6090.228
-21.444     6091.038
-22.29     6098.733
-21.078     6103.188
-22.204     6107.805
-22.375     6120.036
-22.141     6121.251
-22.669     6127.083
-22.673     6137.127
-24.031     6142.635
-23.392     6151.059
-23.429     6154.137
-24.618     6161.184
-22.551     6163.938
-21.868     6164.1
-22.644     6174.711
-20.61     6171.228
-21.356     6175.764
-22.627     6191.883
-25.489     6205.005
-25.478     6211.971
-25.614     6217.398
-25.438     6225.012
-24.879     6228.009
-24.67     6229.062
-24.593     6235.542
-24.836     6242.103
-24.634     6242.508
-23.814     6251.418
-24.76     6256.764
-25.454     6265.188
-24.585     6269.238
-25.347     6278.472
-24.7     6282.522
-24.631     6283.899
-25.214     6297.993
-24.511     6296.697
-25.154     6303.987
-24.837     6311.763
-24.815     6312.33
-23.738     6319.863
-24.831     6325.776
-24.715     6329.664
-25.876     6343.515
-26.992     6348.213
-23.692     6346.836
-23.31     6348.051
-27.459     6366.924
-24.428     6366.519
-24.564     6369.435
-27.376     6390.9
-26.514     6387.984
-24.156     6388.875
-27.679     6406.371
-25.723     6408.315
-26.324     6414.714
-26.937     6419.007
-26.003     6427.431
-27.698     6434.478
-24.51     6430.833
-24.929     6438.447
-25.343     6441.282
-24.954     6451.731
-25.04     6452.784
-23.911     6455.538
-25.254     6467.445
-24.423     6465.177
-25.967     6482.754
-25.903     6484.212
-25.555     6495.228
-27.492     6503.814
-25.958     6503.571
-26.822     6513.939
-28.887     6523.578
-27.679     6523.173
-27.588     6532.407
-27.93     6537.996
-26.67     6540.831
-27.827     6547.797
-28.008     6552.009
-26.348     6555.654
-27.193     6559.218
-28.94     6576.552
-28.603     6578.01
-28.001     6578.658
-25.474     6580.197
-26.584     6584.814
-27.959     6599.961
-27.865     6603.201
-28.519     6608.142
-30.48     6627.42
-29.343     6623.532
-28.679     6629.769
-29.861     6639.57
-29.318     6638.76
-28.212     6646.617
-29.065     6650.586
-30.388     6663.465
-30.668     6670.593
-30.727     6671.565
-29.168     6677.802
-29.633     6680.394
-31.224     6693.192
-30.505     6696.756
-29.756     6695.784
-28.542     6703.155
-28.454     6704.127
-30.336     6717.168
-29.044     6720.894
-29.037     6721.299
-32.157     6744.708
-31.672     6744.627
-32.916     6753.537
-33.059     6761.637
-32.645     6762.69
-31.876     6771.357
-31.403     6772.248
-32.343     6778.89
-33.052     6792.174
-33.596     6794.685
-32.117     6799.545
-32.456     6804.648
-31.388     6814.125
-31.289     6814.368
-31.814     6825.951
-31.293     6828.381
-31.074     6829.434
-33.104     6848.874
-33.303     6850.332
-31.406     6851.628
-34.327     6868.071
-33.764     6867.261
-32.59     6875.199
-33.083     6878.844
-32.164     6881.679
-32.838     6891.156
-32.596     6891.075
-32.075     6901.443
-32.687     6905.574
-32.168     6909.138
-33.275     6921.126
-33.942     6929.631
-34.378     6938.055
-33.922     6938.379
-34.09     6951.015
-35.342     6957.171
-34.147     6957.981
-34.446     6968.025
-34.043     6966.891
-34.759     6980.985
-35.007     6984.225
-33.527     6982.605
-36.017     7002.369
-34.854     6998.481
-30.71     6993.702
-32.473     7003.746
-31.392     7009.821
-31.231     7012.575
-32.639     7020.837
-32.676     7028.775
-33.311     7035.579
-32.451     7041.573
-32.728     7046.757
-36.61     7063.605
-35.284     7070.895
-34.922     7070.166
-36.214     7083.126
-35.419     7085.556
-33.769     7081.263
-34.046     7088.958
-35.114     7099.083
-35.25     7106.859
-34.915     7111.8
-34.566     7112.367
-33.982     7122.006
-34.503     7125.003
-36.731     7139.34
-36.652     7145.739
-37.382     7150.923
-36.487     7159.671
-34.683     7155.216
-35.63     7163.073
-36.537     7175.871
-35.973     7174.17
-34.507     7180.083
-34.792     7183.404
-38.95     7202.925
-34.868     7197.903
-37.737     7212.159
-37.753     7220.097
-36.801     7220.259
-37.348     7224.876
-37.003     7234.677
-38.475     7243.101
-37.955     7248.852
-36.463     7249.986
-36.684     7262.703
-36.98     7264.404
-37.388     7275.015
-37.229     7279.632
-38.054     7284.087
-38.278     7297.209
-37.435     7294.698
-36.133     7297.695
-37.63     7309.764
-36.898     7308.144
-36.275     7318.269
-37.411     7323.615
-36.982     7328.637
-37.182     7337.304
-36.674     7336.17
-35.743     7344.999
-37.334     7353.018
-36.49     7354.395
-37.849     7368.651
-38.412     7371.081
-38.672     7384.041
-38.647     7386.471
-37.539     7386.147
-37.818     7397.244
-39.193     7402.833
-37.259     7406.64
-39.049     7416.765
-39.151     7420.248
-39.529     7432.803
-38.204     7428.267
-37.248     7434.99
-39.169     7445.844
-39.246     7448.76
-37.776     7454.835
-37.882     7455.726
-39.07     7469.658
-38.813     7473.06
-38.435     7474.032
-37.858     7483.833
-38.399     7486.749
-38.774     7496.388
-37.703     7498.413
-37.927     7500.519
-40.485     7522.47
-39.548     7520.121
-38.862     7524.576
-41.876     7543.125
-42.129     7544.826
-40.771     7551.954
-40.165     7550.982
-40.233     7557.3
-40.366     7566.21
-39.934     7565.319
-41.806     7584.759
-41.612     7585.731
-42.7     7594.884
-41.357     7599.501
-42.215     7603.47
-42.359     7615.62
-41.211     7613.919
-42.677     7622.991
-42.154     7631.415
-42.26     7632.387
-41.853     7641.621
-42.97     7649.559
-45.466     7661.466
-43.184     7664.382
-45.266     7674.993
-44.88     7681.068
-43.692     7681.311
-42.912     7680.42
-41.13     7685.604
-42.845     7694.028
-41.423     7701.075
-40.494     7699.86
-41.063     7714.116
-40.624     7713.144
-39.663     7717.356
-40.318     7725.699
-41.903     7733.637
-41.414     7743.924
-42.091     7747.488
-39.512     7744.491
-38.385     7746.84
-39.445     7752.672
-40.598     7769.196
-41.797     7775.271
-42.165     7782.318
-41.879     7788.474
-43.34     7796.655
-43.088     7799.895
-42.602     7807.59
-41.357     7807.995
-41.878     7817.553
-43.63     7826.787
-43.734     7830.594
-43.264     7839.018
-42.734     7840.881
-41.622     7844.688
-43.224     7854.327
-42.88     7855.704
-41.738     7862.832
-43.1     7871.256
-41.63     7873.443
-44.42     7888.347
-43.763     7887.861
-43.983     7900.254
-43.435     7900.983
-42.611     7905.357
-44.634     7918.155
-44.666     7919.775
-44.511     7931.277
-45.602     7937.757
-45.627     7944.642
-43.311     7942.455
-42.924     7948.287
-42.129     7951.446
-44.173     7961.166
-44.374     7967.646
-44.731     7976.88
-44.242     7981.74
-44.062     7987.977
-44.811     7992.837
-44.269     7996.077
-43.784     8003.043
-45.466     8014.545
-44.574     8018.919
-43.422     8016.651
-43.794     8021.997
-45.355     8038.197
-45.591     8039.655
-45.501     8051.319
-44.308     8050.104
-43.579     8050.509
-44.317     8064.036
-43.605     8062.254
-44.53     8076.348
-43.344     8076.024
-46.08     8088.417
-45.56     8098.056
-45.809     8099.919
-45.032     8106.561
-44.872     8110.206
-45.121     8113.608
-44.792     8124.219
-44.937     8125.515
-48.301     8146.818
-47.064     8147.628
-45.948     8152.407
-45.067     8154.513
-44.337     8153.946
-44.256     8166.258
-44.857     8169.498
-45.013     8177.193
-44.656     8182.134
-44.272     8182.863
-44.329     8195.418
-44.837     8198.901
-44.406     8202.951
-43.879     8208.459
-46.167     8219.232
-46.343     8232.111
-47.074     8236.728
-46.124     8238.024
-45.708     8244.261
-43.715     8239.968
-46.53     8261.838
-46.679     8265.24
-46.247     8267.427
-46.288     8275.284
-46.834     8281.278
-46.313     8290.107
-46.807     8295.453
-47.184     8299.908
-49.172     8315.298
-49.252     8320.158
-48.179     8325.828
-47.106     8326.071
-46.017     8324.613
-47.246     8336.844
-48.29     8346.564
-47.792     8353.125
-47.646     8358.066
-49.021     8365.356
-47.443     8371.917
-47.034     8371.35
-46.936     8378.721
-47.987     8388.765
-48.422     8392.41
-47.88     8396.379
-49.544     8410.635
-49.928     8412.903
-48.437     8419.95
-47.142     8417.52
-47.953     8425.458
-46.583     8429.265
-47.77     8439.147
-47.003     8444.007
-47.329     8447.895
-47     8450.73
-46.566     8459.154
-45.795     8460.288
-46.174     8469.765
-46.989     8475.921
-47.917     8490.42
-46.988     8490.015
-48.162     8497.872
-47.417     8502.975
-46.492     8504.109
-48.009     8519.985
-47.667     8522.415
-47.666     8525.412
-48.053     8534.484
-47.965     8539.425
-47.198     8545.986
-48.228     8554.41
-46.782     8551.575
-48.763     8571.42
-48.664     8571.582
-48.045     8577.495
-47.743     8581.869
-48.492     8586.81
-47.521     8595.963
-48.95     8603.415
-48.626     8614.836
-49.3     8618.805
-50.286     8629.335
-49.022     8631.603
-50.049     8637.921
-48.89     8645.778
-49.34     8649.261
-50.804     8660.358
-50.845     8668.134
-50.328     8668.782
-49.531     8677.935
-48.902     8677.53
-47.529     8676.963
-48.021     8686.845
-49.177     8694.297
-48.514     8695.269
-48.119     8704.665
-50.081     8715.438
-50.238     8724.024
-50.137     8727.831
-49.752     8737.146
-48.211     8735.121
-48.34     8738.604
-49.875     8756.343
-48.808     8755.128
-48.747     8762.499
-48.542     8767.359
-48.698     8769.465
-49.858     8786.313
-50.135     8788.338
-50.392     8797.653
-50.345     8804.052
-50.488     8805.672
-50.199     8817.579
-49.494     8816.931
-48.548     8819.604
-49.819     8832.564
-49.826     8833.617
-50.172     8847.549
-50.301     8850.303
-49.321     8851.842
-48.929     8859.294
-49.691     8863.02
-49.635     8875.251
-51.509     8884.647
-51.479     8888.778
-51.541     8898.903
-51.054     8901.738
-51.06     8909.676
-50.938     8912.673
-50.934     8916.075
-49.815     8922.717
-49.826     8926.686
-50.334     8936.649
-51.338     8944.263
-50.682     8952.444
-51.771     8960.22
-51.605     8962.974
-51.493     8974.638
-52.777     8980.065
-52.592     8989.38
-50.262     8985.087
-51.976     8994.159
-52.908     9010.035
-53.033     9011.412
-51.455     9014.004
-51.116     9019.188
-50.661     9018.864
-50.764     9031.986
-51.146     9034.659
-50.925     9041.058
-48.213     9039.438
-48.279     9052.479
-49.737     9059.526
-49.287     9063.819
-49.59     9072.243
-51.357     9081.315
-49.133     9077.832
-50.819     9093.87
-52.176     9103.995
-52.825     9116.712
-52.963     9117.765
-49.714     9117.684
-51.734     9127.728
-51.612     9131.454
-53.135     9145.143
-51.823     9144.171
-54.222     9164.502
-54.385     9168.39
-54.32     9171.306
-52.102     9174.951
-53.798     9182.16
-52.279     9186.534
-52.237     9190.422
-53.78     9199.17
-53.848     9207.108
-52.887     9208.971
-55.7     9227.358
-54.693     9229.626
-55.359     9234.648
-55     9245.583
-54.534     9245.178
-55.458     9255.789
-55.951     9264.294
-53.96     9259.434
-53.988     9272.313
-53.607     9272.718
-54.655     9282.357
-54.86     9292.482
-53.656     9288.837
-53.723     9301.311
-53.235     9301.554
-52.921     9305.685
-53.642     9318.321
-53.874     9319.941
-54.214     9333.063
-54.642     9338.004
-55.032     9342.864
-51.799     9341.892
-51.343     9340.677
-53.742     9360.927
-55.229     9370.728
-56.109     9376.479
-55.132     9384.579
-55.179     9387.819
-54.757     9393.975
-55.316     9401.184
-54.659     9400.536
-54.828     9414.144
-55.209     9418.275
-54.249     9421.92
-54.004     9427.104
-54.255     9436.257
-53.732     9439.983
-54.386     9444.924
-54.576     9452.052
-55.01     9461.124
-55.084     9469.062
-54.238     9472.464
-53.439     9471.816
-54.757     9489.474
-53.877     9487.773
-54.512     9496.197
-53.921     9503.163
-51.049     9505.836
-53.26     9516.123
-53.032     9520.659
-51.666     9523.332
-54.329     9536.616
-53.491     9545.202
-53.481     9547.713
-53.75     9553.221
-54.432     9567.153
-54.777     9569.097
-52.93     9573.147
-54.373     9581.895
-54.141     9584.325
-54.141     9584.325
-51.905     9575.01
-53.304     9569.259
-53.183     9568.449
-54.422     9566.343
-54.107     9560.187
-54.558     9561.564
-54.283     9549.495
-55.175     9552.168
-55.594     9548.685
-54.299     9537.669
-56.079     9544.068
-54.99     9529.164
-54.306     9526.086
-54.707     9516.69
-54.166     9513.774
-55.025     9513.045
-54.163     9503.082
-54.085     9501.705
-53.917     9490.689
-53.262     9487.206
-54.954     9490.608
-54.459     9479.592
-55.206     9482.589
-55.102     9472.545
-54.374     9467.604
-54.695     9466.794
-54.144     9455.211
-54.969     9456.507
-54.579     9447.84
-53.881     9442.656
-53.502     9433.098
-53.756     9430.182
-52.279     9423.459
-56.355     9428.238
-56.82     9430.101
-54.572     9414.306
-54.989     9411.39
-54.521     9409.041
-53.75     9395.352
-52.498     9390.006
-52.355     9383.526
-53.481     9381.744
-52.227     9371.376
-54.687     9374.697
-53.631     9370.404
-52.818     9356.553
-53.709     9359.145
-53.333     9353.232
-54.467     9351.288
-54.1     9349.02
-53.906     9336.627
-53.129     9333.711
-56.128     9334.197
-55.4     9330.066
-55.648     9327.798
-55.069     9316.701
-55.322     9315.243
-55.716     9309.573
-55.313     9305.928
-54.572     9293.535
-53.446     9286.569
-54.162     9287.379
-53.243     9274.257
-53.579     9275.715
-55.481     9274.257
-56.187     9273.528
-55.907     9271.017
-56.034     9260.892
-55.033     9256.842
-56.547     9254.898
-56.694     9250.848
-57.347     9252.549
-55.724     9235.782
-55.707     9234.81
-56.071     9230.193
-56.925     9227.925
-57.576     9224.442
-56.959     9216.504
-57.132     9216.261
-56.653     9203.706
-56.805     9203.625
-58.987     9207.108
-58.846     9200.142
-57.835     9195.444
-57.237     9182.241
-57.362     9181.269
-57.799     9179.73
-57.44     9170.091
-57.015     9168.714
-55.479     9152.433
-56.659     9154.863
-56.911     9153.162
-56.257     9141.174
-57.709     9146.439
-57.104     9134.775
-57.293     9132.993
-57.36     9131.292
-56.373     9117.522
-57.544     9120.195
-58.019     9114.849
-57.633     9109.827
-56.68     9097.92
-56.352     9092.979
-56.243     9091.602
-57.338     9084.474
-57.644     9085.446
-57.251     9077.022
-57.552     9073.215
-57.833     9073.458
-57.351     9060.417
-58.652     9064.467
-59.131     9060.498
-58.281     9051.507
-59.181     9054.585
-59.8     9045.513
-58.341     9039.195
-58.146     9033.606
-58.044     9026.154
-57.276     9023.076
-56.052     9007.686
-56.201     9007.119
-56.979     8999.1
-58.174     9002.259
-56.741     8986.302
-55.854     8981.199
-56.726     8981.685
-57.421     8976.987
-56.768     8972.208
-56.145     8960.139
-55.902     8956.818
-56.57     8957.466
-56.402     8946.45
-56.408     8946.612
-56.514     8938.026
-56.336     8933.409
-56.872     8934.138
-57.243     8924.985
-57.484     8925.633
-55.616     8910.729
-56.958     8911.458
-56.693     8909.595
-56.104     8896.311
-56.238     8896.554
-56.645     8891.37
-56.589     8885.376
-57.406     8887.806
-56.658     8873.469
-56.68     8872.902
-56.763     8868.042
-57.464     8864.073
-56.593     8860.671
-56.181     8847.873
-57.549     8851.599
-57.252     8846.496
-57.24     8838.477
-57.519     8839.206
-57.25     8827.299
-57.779     8827.704
-57.263     8822.196
-56.92     8812.476
-57.378     8810.937
-56.643     8800.974
-58.379     8805.51
-59.036     8805.429
-58.171     8792.469
-58.154     8789.877
-57.354     8779.671
-56.007     8771.895
-54.891     8758.53
-55.123     8756.181
-55.528     8756.1
-56.495     8748.81
-56.207     8747.514
-56.309     8739.9
-57.233     8739.414
-56.792     8736.417
-58.028     8729.937
-58.284     8730.504
-57.902     8722.161
-56.576     8712.036
-56.459     8710.254
-58.089     8705.151
-57.291     8701.587
-58.349     8699.967
-58.389     8694.054
-57.772     8690.733
-57.058     8676.801
-57.753     8678.421
-58.682     8677.206
-58.413     8668.458
-58.179     8667.405
-58.207     8656.551
-56.864     8650.152
-59.014     8654.445
-58.13     8642.538
-59.328     8646.912
-59.797     8636.058
-58.576     8631.36
-60.241     8627.634
-59.391     8621.721
-59.172     8618.805
-60.21     8612.649
-59.804     8610.948
-58.997     8598.96
-58.86     8594.91
-58.953     8593.938
-57.805     8578.872
-58.188     8578.71
-58.887     8574.579
-59.085     8571.015
-58.597     8568.18
-58.677     8557.245
-60.193     8561.943
-59.534     8553.114
-60.904     8552.547
-60.176     8549.145
-58.552     8531.325
-59.54     8534.322
-60.388     8531.892
-61.512     8529.138
-60.506     8525.088
-59.456     8509.779
-60.231     8511.48
-60.544     8507.997
-61.879     8505.243
-60.599     8496.414
-60.01     8487.099
-60.482     8487.585
-61.256     8486.856
-60.32     8474.301
-60.958     8473.734
-61.324     8467.74
-61.67     8466.768
-61.413     8463.042
-59.71     8446.842
-60.417     8447.085
-60.242     8438.904
-59.444     8432.991
-60.693     8428.374
-59.424     8420.517
-56.771     8408.772
-60.342     8411.283
-59.735     8408.772
-60.191     8402.049
-60.365     8398.242
-59.44     8393.706
-61.492     8390.304
-61.026     8387.55
-60.021     8377.425
-60.529     8373.861
-61.287     8376.21
-60.224     8360.496
-59.871     8358.066
-61.046     8351.1
-60.576     8348.427
-59.852     8340.165
-60.356     8334.495
-61.285     8337.978
-59.878     8321.211
-59.757     8319.591
-59.485     8314.326
-60.783     8310.843
-60.744     8310.438
-59.627     8295.372
-59.574     8293.023
-60.827     8287.353
-61.397     8287.596
-61.112     8283.627
-60.652     8274.636
-60.739     8269.452
-62.438     8268.48
-59.694     8255.601
-62.188     8255.439
-61.696     8250.336
-61.523     8248.149
-62.673     8241.264
-61.192     8235.594
-62.613     8232.354
-59.269     8215.587
-59.553     8215.587
-61.412     8210.889
-61.755     8211.78
-61.516     8203.599
-60.069     8192.664
-61.323     8196.714
-60.208     8181.162
-60.15     8180.352
-60.545     8175.654
-59.853     8166.582
-59.621     8164.962
-60.547     8156.943
-62.013     8161.236
-62.095     8156.943
-62.189     8149.734
-61.637     8147.466
-61.565     8135.883
-61.235     8132.967
-60.248     8125.515
-63.742     8130.051
-61.968     8119.764
-62.209     8113.203
-62.064     8110.449
-63.03     8103.807
-63.144     8101.944
-63.599     8100.567
-62.698     8089.551
-62.004     8084.043
-61.587     8072.946
-61.847     8070.84
-60.375     8063.226
-61.3     8055.936
-61.055     8054.721
-60.719     8044.515
-61.057     8041.599
-61.043     8040.303
-61.648     8031.555
-62.05     8032.608
-62.585     8026.695
-63.398     8024.751
-61.486     8016.651
-62.546     8009.037
-61.075     8002.395
-62.583     8001.909
-62.316     7995.024
-62.998     7997.13
-62.761     7984.413
-62.066     7980.525
-62.567     7977.447
-65.194     7979.715
-65.268     7979.796
-63.785     7962.624
-65.065     7965.945
-64.892     7961.328
-65.098     7953.471
-64.072     7945.776
-64.551     7940.187
-64.979     7939.62
-65.064     7929.495
-64.78     7926.336
-64.527     7922.367
-64.811     7916.049
-63.314     7907.787
-65.348     7902.603
-65.601     7903.332
-65.966     7895.718
-64.534     7886.241
-64.825     7885.674
-66.029     7879.194
-66.071     7879.194
-66.995     7874.01
-65.291     7863.156
-66.134     7864.857
-65.325     7850.196
-66.802     7854.57
-67.374     7850.358
-66.708     7842.015
-65.928     7832.457
-66.504     7828.812
-65.86     7825.41
-66.412     7822.008
-64.325     7807.509
-66.247     7809.21
-65.533     7799.976
-65.863     7799.733
-66.053     7795.926
-65.894     7787.097
-68.082     7790.58
-67.7     7782.318
-66.509     7775.757
-65.982     7763.04
-65.835     7760.772
-65.3     7754.859
-65.618     7748.784
-65.467     7745.868
-65.368     7735.014
-66.134     7735.419
-65.349     7729.749
-65.437     7722.378
-66.367     7722.864
-66.604     7714.278
-66.57     7710.795
-66.64     7709.337
-65.915     7695.405
-65.816     7694.838
-67.063     7690.707
-65.439     7680.096
-65.895     7680.501
-66.621     7671.834
-65.585     7666.488
-64.341     7655.148
-65.211     7653.042
-64.631     7644.213
-66.664     7645.914
-65.076     7638.3
-65.308     7633.521
-67.233     7634.007
-63.658     7615.053
-65.55     7614.567
-66.321     7617.321
-65.187     7601.202
-65.032     7599.339
-65.806     7597.638
-65.46     7589.214
-65.864     7588.971
-67.126     7582.41
-66.219     7577.55
-66.706     7575.525
-67.858     7570.584
-67.273     7568.154
-67.244     7557.462
-67.916     7557.3
-66.754     7550.415
-68.412     7546.284
-69.015     7548.309
-67.922     7534.458
-66.596     7524.252
-67.895     7521.741
-66.343     7511.616
-65.982     7501.653
-65.753     7496.631
-66.345     7496.955
-66.861     7487.478
-67.068     7487.721
-68.211     7484.562
-68.18     7479.216
-67.304     7474.923
-67.98     7465.77
-67.439     7462.854
-66.378     7452.162
-67.018     7448.598
-66.295     7444.467
-67.824     7438.473
-68.159     7438.878
-69.827     7439.607
-67.813     7424.055
-67.784     7423.65
-68.414     7414.821
-67.412     7409.718
-68.831     7410.933
-68.475     7400.241
-68.046     7398.216
-69.471     7392.465
-67.963     7385.013
-68.251     7383.15
-68.031     7372.377
-67.68     7367.841
-69.359     7366.221
-67.46     7356.096
-67.375     7353.747
-68.069     7345.566
-67.529     7341.273
-67.926     7335.279
-67.575     7330.014
-66.363     7316.406
-67.463     7316.406
-67.353     7314.786
-67.136     7306.848
-67.163     7302.15
-67.732     7297.533
-68.155     7292.997
-67.044     7287.408
-66.841     7281.414
-67.681     7277.202
-66.958     7269.021
-66.762     7260.111
-67.171     7261.488
-69.486     7258.815
-69.459     7257.195
-69.389     7252.254
-70.995     7249.095
-69.621     7243.587
-69.868     7234.029
-69.64     7230.708
-70.067     7221.312
-70.051     7218.882
-69.53     7214.184
-70.731     7211.025
-70.407     7206.732
-70.254     7196.364
-70.236     7192.881
-70.049     7190.046
-72.607     7188.345
-73.168     7190.37
-71.021     7173.279
-70.715     7168.338
-69.559     7162.425
-69.77     7151.49
-69.804     7151.004
-70.915     7142.256
-69.793     7136.667
-70.322     7132.293
-70.263     7125.894
-69.902     7123.869
-69.803     7111.395
-69.983     7110.666
-70.599     7107.588
-69.942     7097.463
-71.403     7097.787
-70.982     7089.12
-68.217     7077.213
-71.692     7079.562
-69.916     7070.652
-70.734     7070.166
-70.881     7063.038
-68.535     7051.455
-70.004     7046.676
-69.762     7042.869
-70.643     7043.841
-70.615     7032.501
-71.616     7035.822
-71.623     7026.669
-71.287     7021.242
-71.595     7020.837
-71.897     7010.874
-72.575     7012.98
-72.94     7006.176
-72.286     6998.076
-72.408     6997.509
-73.553     6989.976
-73.286     6988.518
-73.706     6982.929
-72.777     6973.047
-73.019     6973.047
-72.978     6961.383
-72.799     6959.034
-73.195     6955.146
-73.595     6948.909
-73.381     6947.613
-73.409     6935.949
-73.948     6936.192
-74.797     6927.768
-73.793     6922.422
-73.319     6916.185
-73.039     6905.655
-73.296     6906.384
-74.836     6901.281
-74.749     6898.446
-72.141     6885.567
-74.325     6883.785
-74.71     6884.757
-73.563     6869.853
-73.478     6866.613
-72.799     6862.563
-74.114     6856.083
-73.677     6853.815
-72.436     6840.531
-74.707     6843.933
-73.965     6840.045
-74.412     6829.677
-72.491     6821.091
-72.556     6815.178
-74.043     6814.611
-74.457     6815.097
-74.662     6804
-72.077     6793.065
-71.815     6786.909
-75.595     6793.146
-71.706     6772.977
-73.002     6770.709
-73.715     6771.762
-73.257     6756.777
-73.32     6756.777
-74.571     6750.054
-75.382     6750.945
-75.224     6746.976
-75.074     6736.284
-74.297     6730.371
-74.611     6723.729
-73.116     6715.062
-74.628     6710.445
-73.939     6705.099
-74.249     6703.398
-75.713     6697.89
-74.841     6694.245
-74.597     6683.796
-75.907     6684.363
-75.216     6680.232
-76.832     6674.724
-76.71     6673.671
-75.718     6661.602
-74.589     6651.801
-75.214     6653.016
-75.025     6640.542
-74.166     6635.601
-75.557     6634.305
-75.245     6626.934
-75.203     6626.124
-75.744     6616.485
-75.252     6613.002
-75.996     6610.086
-75.659     6601.419
-75.403     6594.615
-75.286     6587.325
-74.291     6581.736
-74.347     6570.396
-74.223     6568.371
-74.386     6564.402
-73.42     6551.361
-74.406     6554.844
-75.824     6548.769
-75.04     6543.99
-73.78     6535.89
-74.934     6529.815
-75.049     6529.572
-77.902     6529.572
-76.907     6523.173
-75.706     6515.964
-74.488     6500.736
-73.497     6496.686
-74.397     6490.287
-74.617     6486.966
-74.535     6484.86
-76.076     6479.109
-75.694     6475.545
-75.727     6468.579
-74.975     6460.803
-74.322     6456.834
-74.387     6445.251
-75.191     6446.709
-74.85     6438.933
-72.954     6425.406
-73.083     6418.764
-73.313     6413.742
-72.525     6409.206
-72.398     6402.807
-74.288     6402.807
-73.434     6393.978
-74.391     6390.576
-72.521     6381.747
-74.562     6377.535
-74.461     6375.915
-72.985     6365.385
-73.578     6358.662
-72.534     6354.531
-73.658     6345.459
-74.016     6346.188
-73.513     6333.228
-73.716     6331.284
-73.316     6326.586
-72.212     6311.844
-72.937     6311.601
-72.275     6301.476
-73.364     6302.124
-74.439     6295.968
-74.389     6292.485
-74.141     6289.245
-74.221     6278.229
-74.135     6277.257
-74.401     6268.995
-74.272     6263.811
-74.154     6261.948
-73.236     6246.639
-73.729     6247.854
-73.95     6240.807
-73.997     6235.137
-76.332     6236.433
-75.21     6226.794
-76.3     6229.143
-75.277     6213.105
-73.882     6206.868
-74.304     6202.332
-74.803     6196.581
-74.757     6195.933
-75.656     6187.023
-74.648     6182.001
-73.199     6171.633
-73.904     6166.773
-75.926     6172.362
-76.226     6162.075
-75.218     6156.081
-74.64     6150.006
-75.037     6141.582
-74.488     6135.831
-74.92     6129.594
-75.997     6130.89
-75.889     6120.117
-75.144     6114.204
-75.065     6111.045
-75.805     6102.864
-75.804     6100.353
-75.993     6093.144
-76.78     6091.929
-76.472     6089.175
-76.07     6076.215
-76.163     6074.352
-75.497     6059.853
-75.846     6059.286
-75.37     6050.943
-76.351     6048.918
-76.817     6043.005
-75.989     6034.095
-75.968     6032.475
-76.557     6022.107
-75.962     6018.219
-76.436     6014.331
-76.543     6007.365
-78.025     6007.041
-77.838     5997.888
-77.558     5992.218
-77.853     5985.9
-78.184     5985.09
-78.439     5974.317
-78.614     5972.94
-78.906     5970.186
-77.692     5954.634
-80.941     5956.335
-79.291     5947.263
-78.538     5941.755
-78.337     5929.848
-78.933     5931.468
-78.46     5919.804
-80.419     5923.044
-79.779     5918.67
-79.661     5906.52
-78.463     5901.255
-81.003     5899.311
-80.336     5894.856
-79.256     5886.756
-80.715     5882.139
-79.852     5878.251
-79.707     5866.749
-81.22     5869.503
-81.834     5861.322
-82.606     5860.998
-83.704     5862.213
-83.325     5849.496
-82.073     5842.611
-82.907     5834.268
-82.103     5828.922
-81.97     5816.853
-82.263     5815.881
-82.184     5803.245
-81.703     5793.363
-81.656     5787.207
-82.19     5775.705
-82.451     5769.063
-84.291     5768.658
-81.721     5752.62
-81.458     5743.305
-81.533     5731.641
-80.886     5726.943
-82.608     5721.435
-81.4     5714.793
-82.394     5706.693
-82.494     5704.425
-82.602     5693.733
-81.773     5687.82
-82.477     5679.639
-81.13     5671.215
-82.635     5666.355
-81.525     5658.498
-82.724     5652.747
-82.876     5649.588
-81.452     5634.117
-82.383     5633.226
-82.862     5626.179
-81.712     5617.107
-80.302     5603.013
-81.818     5603.013
-81.535     5600.826
-81.15     5587.218
-81.029     5584.869
-79.255     5565.996
-80.036     5567.049
-81.685     5560.974
-81.555     5553.198
-82.05     5548.581
-81.174     5543.478
-83.267     5539.104
-81.293     5529.789
-83.992     5527.845
-83.186     5523.066
-82.857     5517.234
-83.342     5509.377
-82.676     5502.654
-83.774     5496.741
-80.55     5470.416
-81.825     5472.117
-80.329     5455.512
-81.072     5455.593
-80.926     5443.848
-81.042     5441.499
-81.596     5431.536
-81.342     5428.863
-82.009     5419.224
-80.683     5412.258
-81.579     5403.672
-81.901     5402.943
-82.535     5392.251
-82.525     5384.394
-82.01     5375.97
-81.485     5366.655
-81.49     5359.446
-80.42     5349.078
-80.684     5342.031
-80.957     5330.853
-82.173     5333.283
-82.571     5322.672
-82.615     5320.485
-82.168     5307.201
-83.791     5310.603
-83.746     5299.101
-83.001     5293.107
-80.437     5272.614
-80.867     5271.561
-82.528     5274.315
-83.237     5266.215
-81.137     5255.199
-82.947     5250.258
-82.852     5239.971
-82.615     5235.273
-83.371     5235.678
-83.921     5225.877
-83.462     5221.746
-84.19     5212.431
-83.24     5208.219
-81.688     5194.125
-83.778     5195.745
-81.422     5179.464
-82.59     5177.844
-82.033     5174.037
-82.649     5163.75
-83.101     5164.479
-82.942     5157.999
-83.081     5150.385
-84.276     5141.718
-82.432     5133.618
-83.967     5134.023
-83.824     5126.004
-83.021     5120.82
-84.678     5115.069
-84.739     5113.206
-84.751     5109.48
-84.012     5096.52
-85.038     5096.358
-85.685     5090.85
-84.866     5084.775
-86.888     5081.778
-83.83     5066.793
-85.102     5069.628
-84.538     5055.372
-84.896     5054.643
-85.72     5045.571
-84.754     5039.577
-85.114     5028.804
-83.734     5021.595
-83.158     5006.286
-83.519     5000.454
-82.594     4989.6
-84.123     4982.067
-83.941     4979.232
-83.253     4964.49
-84.016     4965.3
-84.167     4953.96
-84.715     4954.041
-83.591     4937.76
-84.167     4937.274
-83.304     4922.451
-83.589     4920.912
-83.333     4908.6
-83.834     4907.871
-82.473     4899.609
-83.57     4892.805
-82.99     4887.135
-83.161     4876.443
-84.025     4878.954
-83.98     4869.072
-83.96     4864.374
-83.858     4854.654
-84.515     4852.062
-84.251     4842.504
-85.393     4841.694
-84.639     4836.834
-84.001     4821.687
-84.502     4821.768
-84.43     4809.294
-85.135     4810.914
-83.643     4798.764
-86.083     4799.817
-85.727     4792.284
-85.852     4785.723
-86.087     4784.589
-87.131     4776.246
-86.92     4773.816
-87.161     4769.604
-88.113     4763.934
-88.12     4763.448
-87.44     4749.03
-85.654     4739.472
-84.821     4732.911
-85.584     4724.973
-85.513     4721.49
-85.838     4711.77
-88.787     4719.708
-88.235     4709.664
-86.659     4699.944
-87.485     4692.735
-86.561     4685.202
-88.913     4684.23
-87.931     4676.616
-87.557     4672.728
-88.809     4665.357
-86.807     4655.718
-87.178     4649.724
-87.413     4644.702
-90.015     4646.565
-89.94     4640.733
-88.814     4634.496
-88.108     4619.511
-88.104     4617.324
-89.04     4614.732
-87.402     4601.286
-88.179     4597.803
-87.516     4588.407
-86.591     4583.061
-85.712     4567.266
-87.276     4571.316
-87.87     4568.805
-87.728     4558.518
-88.134     4555.521
-87.57     4545.882
-86.466     4539.078
-87.678     4532.031
-87.015     4526.604
-86.756     4522.473
-85.12     4505.382
-85.972     4505.139
-86.969     4500.684
-87.72     4497.363
-86.853     4482.54
-86.026     4476.951
-86.762     4472.091
-88.241     4472.82
-89.141     4466.502
-90.203     4465.449
-88.62     4450.626
-89.106     4447.71
-87.628     4440.096
-88.656     4431.591
-88.553     4430.376
-86.985     4417.092
-88.036     4413.69
-87.713     4411.746
-87.549     4398.219
-88.681     4400.568
-88.496     4394.169
-90.104     4392.144
-88.248     4379.103
-89.139     4375.377
-88.402     4370.517
-90.426     4366.224
-91.439     4368.087
-87.68     4349.133
-90.151     4348.647
-88.566     4338.279
-89.596     4334.148
-90.757     4335.282
-89.164     4318.272
-88.922     4314.384
-90.86     4310.415
-90.557     4305.312
-90.974     4304.583
-90.797     4292.352
-90.541     4288.707
-91.951     4286.196
-89.758     4273.074
-91.136     4268.943
-92.32     4268.781
-90.983     4261.734
-91.26     4250.394
-90.929     4248.207
-89.62     4235.004
-90.431     4231.845
-91.331     4234.194
-90.981     4220.343
-91.259     4219.452
-92.432     4211.433
-91.182     4205.52
-92.306     4203.576
-91.945     4195.233
-89.612     4184.136
-90.457     4174.983
-91.592     4177.818
-92.753     4176.684
-91.292     4162.023
-90.67     4158.783
-90.533     4146.147
-91.291     4146.147
-92.688     4147.848
-93.042     4138.695
-92.645     4133.511
-93.13     4127.274
-91.762     4118.769
-92.671     4111.398
-92.281     4106.619
-93.011     4106.376
-93.1     4095.279
-90.979     4086.612
-92.084     4080.942
-90.485     4070.169
-89.009     4062.798
-91.382     4059.396
-92.506     4061.421
-92.409     4053.969
-91.833     4045.788
-92.554     4040.199
-92.532     4034.448
-91.444     4028.454
-90.938     4014.117
-89.106     4006.26
-89.595     4001.4
-89.255     3992.247
-89.995     3994.353
-90.009     3981.393
-88.268     3972.969
-87.027     3963.006
-87.756     3956.931
-87.245     3949.803
-89.48     3948.588
-88.967     3945.915
-91.288     3942.675
-91.015     3931.497
-88.08     3924.288
-90.493     3922.911
-90.074     3920.886
-88.359     3902.985
-90.012     3905.982
-89.527     3901.284
-91.313     3896.667
-88.917     3885.489
-90.754     3884.679
-90.442     3876.498
-90.682     3865.158
-90.001     3861.756
-90.383     3855.033
-90.668     3850.497
-90.375     3847.5
-90.746     3836.16
-91.867     3839.238
-91.294     3829.842
-88.887     3813.075
-89.587     3814.695
-90.543     3805.623
-91.648     3807.972
-92.174     3804.732
-91.357     3792.663
-91.322     3787.398
-91.313     3779.784
-90.96     3775.815
-91.385     3773.142
-90.297     3759.21
-90.776     3756.861
-90.818     3749.004
-90.282     3743.658
-91.233     3736.125
-91.061     3732.561
-91.45     3730.05
-92.612     3726.648
-92.452     3722.436
-93.342     3715.308
-93.917     3713.931
-92.416     3705.912
-93.867     3699.27
-94.132     3699.513
-92.819     3685.014
-92.746     3680.397
-92.78     3677.643
-93.211     3667.194
-92.244     3662.739
-93.443     3658.527
-93.313     3651.723
-93.97     3653.181
-94.663     3643.38
-93.492     3636.657
-93.962     3633.012
-92.667     3619.566
-93.025     3615.597
-93.308     3609.117
-93.886     3608.955
-93.464     3595.347
-93.609     3593.403
-93.658     3589.758
-93.943     3580.443
-94.223     3577.365
-93.87     3565.458
-93.78     3564.567
-92.755     3549.825
-93.334     3548.205
-93.46     3545.856
-93.051     3532.734
-93.565     3533.949
-95.284     3530.385
-95.462     3526.335
-95.017     3522.69
-95.706     3513.132
-95.019     3508.029
-94.999     3500.253
-94.006     3491.1
-92.304     3475.953
-93.045     3473.361
-91.758     3466.638
-92.432     3456.432
-92.658     3456.27
-92.985     3443.715
-93.164     3442.257
-92.841     3435.615
-93.308     3429.054
-93.828     3424.923
-93.596     3416.904
-93.759     3415.365
-95.067     3407.832
-95.007     3405.888
-94.001     3397.221
-94.091     3387.744
-94.432     3388.392
-94.55     3376.89
-94.756     3375.432
-94.358     3370.167
-92.327     3351.456
-93.09     3353.643
-95.322     3351.213
-93.389     3340.116
-92.572     3334.527
-95.009     3331.935
-93.844     3324.726
-93.93     3317.031
-95.001     3316.545
-95.405     3308.526
-96.211     3306.987
-95.659     3302.289
-95.376     3289.086
-96.046     3290.868
-95.804     3281.391
-96.116     3276.126
-96.228     3275.478
-96.036     3261.789
-95.808     3259.116
-94.837     3249.315
-94.951     3241.863
-93.702     3230.766
-94.017     3225.096
-93.732     3221.775
-93.75     3209.463
-94.14     3209.463
-94.005     3203.55
-94.304     3197.07
-95.107     3197.475
-95.057     3185.244
-94.744     3181.68
-93.817     3173.742
-95.476     3169.773
-94.607     3165.804
-95.489     3157.542
-96.2     3156.813
-96.109     3153.492
-96.145     3142.314
-94.957     3134.7
-94.978     3126.762
-95.673     3125.142
-96.747     3118.824
-95.9     3111.777
-96.42     3111.615
-96.333     3098.655
-95.969     3096.144
-96.143     3089.016
-95.432     3079.539
-95.565     3078.972
-96.429     3069.495
-96.929     3070.386
-96.067     3060.261
-96.345     3053.052
-95.822     3050.379
-95.465     3036.366
-96.617     3038.553
-96.028     3031.587
-96.072     3021.543
-96.615     3011.337
-95.565     3005.505
-96.793     3005.667
-96.458     2994.084
-95.86     2991.249
-99.308     2992.869
-96.797     2980.152
-97.385     2979.18
-97.831     2969.541
-97.341     2967.111
-98.003     2959.011
-97.348     2952.288
-97.979     2952.207
-98.006     2940.381
-96.814     2933.01
-95.649     2920.941
-96.64     2919.483
-99.058     2919.807
-100.264     2918.268
-98.865     2911.383
-98.305     2896.803
-97.079     2889.918
-97.4     2884.248
-97.733     2878.983
-97.234     2875.905
-97.902     2865.618
-98     2863.755
-98.166     2858.652
-97.645     2848.446
-98.845     2846.745
-99.801     2843.181
-98.083     2834.352
-99.694     2827.953
-99.342     2824.875
-98.547     2817.099
-99.458     2810.781
-99.075     2808.594
-98.268     2794.095
-97.85     2789.073
-98.739     2788.992
-99.011     2779.272
-97.943     2771.496
-98.022     2763.558
-98.252     2760.885
-99.198     2753.595
-99.243     2750.112
-98.153     2742.984
-97.533     2728.971
-97.28     2727.27
-96.576     2714.958
-97.161     2711.799
-97.754     2712.366
-98.917     2704.266
-97.978     2698.515
-97.103     2688.066
-98.809     2688.147
-98.127     2677.455
-98.386     2672.919
-98.22     2670.084
-98.159     2663.28
-98.406     2656.962
-98.623     2650.806
-99.204     2646.351
-98.499     2641.572
-99.136     2631.366
-98.928     2629.341
-99.87     2626.911
-98.533     2612.736
-97.917     2609.658
-98.99     2601.558
-99.268     2595.807
-100.699     2593.377
-99.446     2585.439
-99.298     2573.451
-97.887     2565.594
-98.989     2565.918
-99.554     2559.762
-99.35     2555.226
-100.714     2549.718
-100.322     2544.696
-100.328     2541.699
-99.569     2527.362
-99.71     2527.119
-99.781     2517.318
-98.369     2506.788
-98.917     2506.95
-98.319     2492.289
-97.337     2487.915
-100.175     2489.535
-99.624     2481.111
-99.696     2480.058
-100.94     2472.282
-98.588     2461.509
-98.08     2453.247
-98.549     2447.82
-98.068     2445.147
-99.002     2435.913
-99.42     2435.427
-99.651     2430.648
-99.581     2421.738
-100.022     2417.526
-100.112     2410.56
-100.501     2409.588
-100.623     2397.924
-101.122     2397.681
-99.581     2387.799
-99.867     2380.914
-100.056     2378.403
-100.151     2367.387
-99.081     2360.178
-98.503     2354.751
-99.681     2347.461
-100.967     2351.592
-100.062     2338.308
-99.641     2331.909
-99.526     2329.722
-100.877     2322.351
-100.077     2316.843
-99.12     2305.989
-99.199     2300.481
-99.051     2291.652
-100.044     2289.708
-100.858     2290.194
-101.759     2280.879
-101.968     2280.555
-99.966     2266.137
-99.198     2256.822
-100.208     2258.28
-100.279     2245.968
-101.442     2248.317
-100.694     2240.298
-102.349     2237.463
-101.426     2233.251
-99.569     2213.811
-100.945     2216.403
-99.556     2207.088
-100.507     2200.527
-98.291     2187.891
-98.872     2181.897
-101.162     2187.324
-99.831     2170.962
-99.773     2167.722
-103.17     2168.694
-102.356     2161.971
-102.804     2161.242
-102.631     2148.606
-102.157     2143.908
-102.134     2131.839
-101.254     2127.708
-103.545     2127.06
-102.655     2119.122
-101.695     2112.561
-101.261     2098.71
-100.889     2096.604
-101.485     2090.448
-101.692     2084.454
-101.803     2083.725
-102.885     2075.382
-101.065     2066.148
-101.602     2062.26
-100.707     2051.163
-100.792     2050.515
-100.964     2038.365
-100.468     2034.315
-101.54     2033.181
-99.677     2017.467
-101.615     2019.168
-101.973     2012.931
-101.502     2008.476
-103.108     2002.239
-102.337     1997.217
-101.481     1990.332
-99.428     1971.54
-99.197     1970.082
-100.402     1963.602
-100.956     1962.225
-101.559     1961.82
-101.927     1951.452
-102.138     1951.452
-102.195     1941.894
-101.286     1933.551
-101.539     1932.822
-101.41     1919.781
-98.869     1908.117
-98.733     1900.341
-102.144     1906.578
-101.159     1894.671
-102.282     1893.294
-101.765     1889.244
-101.889     1877.094
-102.363     1877.823
-102.034     1869.642
-102.963     1865.187
-103.053     1864.539
-102.979     1851.741
-102.515     1848.501
-102.269     1841.697
-101.99     1831.41
-100.927     1826.793
-100.535     1812.942
-102.164     1816.425
-101.159     1808.649
-104.798     1811.889
-102.647     1799.577
-103.269     1794.15
-102.526     1787.832
-103.281     1779.408
-102.824     1774.791
-102.214     1768.635
-104.754     1766.691
-104.076     1763.613
-103.056     1749.681
-102.835     1744.902
-102.405     1740.447
-103.77     1733.562
-104.184     1732.509
-103.244     1716.228
-103.921     1716.633
-105.081     1713.798
-102.923     1699.623
-104.228     1696.464
-103.595     1688.283
-103.634     1686.258
-102.878     1670.868
-102.833     1669.572
-102.553     1661.553
-100.89     1647.378
-101.106     1647.459
-103.823     1645.11
-104.2     1643.976
-104.94     1642.113
-104.669     1631.421
-104.671     1631.016
-104.243     1617.327
-103.987     1613.682
-104.037     1610.118
-104.237     1599.831
-104.353     1596.672
-103.608     1582.902
-103.771     1582.902
-106.052     1580.715
-104.745     1572.534
-104.708     1569.375
-102.76     1550.502
-102.189     1547.748
-102.648     1539.243
-102.162     1532.682
-102.886     1533.087
-104.504     1526.931
-103.618     1521.18
-104.302     1516.401
-103.679     1508.301
-104.064     1501.254
-103.816     1494.774
-102.761     1488.942
-103.397     1484.892
-102.333     1473.795
-102.089     1465.614
-101.532     1457.109
-101.851     1455.894
-103.104     1448.766
-103.802     1450.062
-103.547     1442.61
-104.88     1438.884
-104.012     1434.915
-104.208     1423.332
-103.765     1419.201
-103.082     1412.397
-104.06     1405.917
-103.922     1400.976
-105.316     1398.384
-104.016     1390.527
-103.692     1386.234
-107.006     1388.097
-103.251     1370.52
-103.623     1363.959
-104.821     1364.364
-103.383     1348.569
-104.615     1349.298
-103.117     1340.955
-104.411     1333.746
-104.433     1333.017
-102.371     1316.007
-103.381     1314.306
-102.432     1309.284
-102.169     1295.919
-102.239     1293.813
-102.709     1282.959
-103.185     1282.554
-103.255     1270.161
-103.395     1269.756
-101.895     1257.282
-100.26     1243.35
-101.428     1247.157
-102.291     1237.68
-101.222     1231.281
-102.321     1230.228
-103.144     1224.234
-103.05     1218.807
-102.977     1210.95
-105.103     1216.377
-103.618     1199.043
-102.615     1193.049
-103.704     1192.887
-104.438     1185.273
-102.867     1178.793
-103.574     1170.288
-103.386     1165.752
-103.976     1165.023
-103.516     1152.063
-102.882     1146.96
-101.747     1134.729
-101.597     1129.626
-103.68     1127.682
-101.972     1117.071
-103.495     1120.473
-104.892     1113.669
-104.821     1112.535
-105.01     1104.435
-104.397     1097.064
-103.748     1092.123
-103.551     1079.082
-103.753     1077.786
-103.557     1070.577
-103.411     1062.882
-104.762     1060.938
-103.93     1051.542
-103.594     1048.464
-104.017     1037.691
-102.806     1030.644
-105.704     1036.476
-106.793     1031.535
-104.907     1019.547
-103.726     1007.397
-103.639     1004.643
-104.467     996.138
-104.76     995.085
-107.16     999.783
-105.393     982.611000000001
-105.292     981.72
-104.099     966.249
-105.048     966.411000000001
-104.305     960.903
-105.362     953.613000000001
-103.058     941.949000000001
-102.917     933.525000000001
-103.902     932.796000000001
-102.107     916.191
-102.801     914.571
-101.956     908.658
-101.75     899.1
-103.166     900.639
-101.86     887.031000000001
-103.424     887.112000000001
-103.457     885.816
-104.734     878.364
-102.724     868.968000000001
-102.509     862.002000000001
-104.295     860.706
-103.423     845.073000000001
-103.759     844.992000000001
-105.715     846.207000000001
-105.421     836.811
-105.859     837.783
-107.378     831.060000000001
-106.591     825.957000000001
-106.95     822.879
-106.449     811.782
-106.622     807.651000000001
-104.945     793.800000000001
-104.897     790.641000000001
-104.989     779.868000000001
-106.165     781.812
-106.642     779.868000000001
-105.802     766.017000000001
-105.29     763.425000000001
-106.768     758.484
-105.069     748.440000000001
-104.487     744.066
-105.188     735.48
-105.778     734.832000000001
-105.099     724.626000000001
-105.06     720.252000000001
-105.701     720.819000000001
-106.212     710.694000000001
-105.021     704.214000000001
-107.147     700.002000000001
-106.37     696.438000000001
-104.507     681.534000000001
-105.113     677.727000000001
-104.626     674.973000000001
-104.406     661.689000000001
-105.327     664.038
-106.92     663.714000000001
-105.741     651.807
-106.021     651.969000000001
-105.043     636.417
-103.858     630.099000000001
-105.634     631.800000000001
-105.393     622.566
-104.868     615.681
-105.142     609.363000000001
-105.201     607.257000000001
-105.717     597.699000000001
-105.995     596.727000000001
-105.66     591.543
-104.448     577.206
-104.667     577.611000000001
-105.828     570.969000000001
-104.182     561.816
-104.197     559.305000000001
-107.324     559.953000000001
-104.374     546.345
-104.337     535.167
-104.302     534.681
-103.16     521.316
-104.5     521.802
-104.581     520.506000000001
-103.471     504.873000000001
-103.838     504.630000000001
-105.297     503.091
-104.769     495.801000000001
-104.027     485.514000000001
-104.781     483.327000000001
-102.481     473.202000000001
-102.558     461.862000000001
-102.547     461.052000000001
-101.92     452.304
-104.17     454.167
-103.601     451.656000000001
-104.954     443.718000000001
-104.178     437.076000000001
-103.946     429.138
-103.824     426.708
-105.078     420.552000000001
-104.598     416.502000000001
-102.169     404.271000000001
-101.591     392.607
-102.977     397.629000000001
-102.904     387.342000000001
-102.941     384.264000000001
-102.653     381.429
