Distance_nm     Force_uN
0     -0.081
-0.162     -0.486
-0.09     0.324
-0.312     2.43
-0.863     1.944
-0.691     2.349
-0.815     1.944
-0.738     1.863
-0.727     2.349
-0.846     2.187
-0.772     1.215
-0.486     1.62
-0.605     1.215
-0.476     1.134
-0.433     0.81
-0.341     0.648
-0.272     -0.162
0.007     -1.053
0.203     -1.377
0.273     -0.243
-0.039     1.62
-0.568     3.483
-1.075     4.131
-1.237     2.754
-0.833     2.187
-0.661     2.43
-0.715     2.511
-0.8     3.321
-0.979     4.455
-1.266     4.86
-1.369     3.969
-1.142     2.916
-0.882     1.863
-0.585     1.296
-0.413     0.405
-0.175     0.405
-0.16     0.891
-0.258     1.215
-0.318     2.268
-0.641     2.916
-0.824     3.483
-0.986     3.645
-1.055     4.131
-1.195     4.779
-1.331     3.564
-1.007     2.916
-0.834     3.321
-0.942     5.184
-1.408     6.156
-1.651     6.561
-1.759     5.346
-1.456     2.43
-0.715     0.648
-0.182     0.486
-0.113     0.648
-0.203     3.645
-0.992     4.536
-1.219     4.131
-1.111     3.564
-0.939     3.402
-0.875     2.835
-0.744     3.645
-0.987     5.103
-1.36     5.67
-1.474     5.67
-1.479     5.67
-1.464     6.156
-1.609     6.723
-1.765     6.156
-1.635     5.184
-1.371     3.888
-1.004     2.349
-0.61     4.536
-1.151     4.941
-1.264     5.022
-1.296     4.617
-1.141     4.131
-1.011     3.402
-0.864     3.726
-0.94     4.536
-1.109     5.508
-1.352     6.723
-1.665     7.776
-1.988     7.452
-1.897     7.371
-1.838     7.29
-1.827     6.885
-1.724     5.67
-1.411     4.617
-1.067     4.293
-0.996     4.455
-1.055     5.67
-1.327     6.318
-1.515     6.48
-1.59     6.804
-1.619     5.67
-1.342     5.265
-1.277     5.832
-1.38     5.346
-1.203     5.994
-1.376     7.209
-1.737     8.505
-2.062     9.234
-2.288     8.748
-2.169     7.614
-1.84     5.832
-1.359     6.075
-1.398     6.48
-1.511     7.128
-1.668     6.885
-1.614     6.48
-1.506     6.156
-1.43     5.913
-1.365     6.156
-1.43     6.723
-1.528     7.614
-1.777     7.614
-1.803     7.533
-1.75     7.695
-1.751     7.695
-1.735     7.776
-1.746     9.234
-2.167     9.801
-2.355     9.072
-2.144     8.991
-2.07     8.505
-1.914     7.776
-1.751     8.424
-1.903     8.181
-1.807     7.452
-1.633     6.723
-1.434     6.561
-1.385     6.966
-1.467     6.642
-1.407     7.614
-1.65     7.938
-1.731     7.29
-1.559     7.209
-1.505     7.371
-1.549     8.91
-1.948     10.368
-2.374     10.611
-2.455     9.558
-2.105     9.396
-2.099     9.963
-2.203     9.558
-2.074     10.044
-2.214     10.125
-2.209     8.991
-1.917     8.91
-1.912     7.938
-1.663     8.505
-1.835     9.477
-2.042     9.639
-2.069     8.991
-1.907     7.776
-1.562     6.804
-1.292     7.29
-1.485     8.91
-1.922     10.044
-2.225     11.259
-2.491     11.826
-2.658     11.664
-2.635     11.583
-2.598     10.53
-2.296     11.259
-2.496     11.421
-2.513     10.206
-2.178     9.153
-1.887     8.424
-1.677     8.262
-1.623     8.991
-1.833     9.396
-1.946     9.558
-1.974     9.072
-1.823     8.505
-1.693     10.044
-2.103     10.368
-2.142     10.935
-2.288     11.34
-2.402     10.368
-2.121     9.963
-2.013     10.206
-2.041     11.421
-2.36     11.745
-2.473     11.826
-2.468     11.745
-2.441     11.34
-2.36     10.53
-2.133     10.611
-2.139     11.502
-2.461     11.178
-2.348     10.044
-2.019     8.91
-1.675     9.072
-1.718     10.287
-2.037     11.178
-2.258     11.745
-2.389     11.907
-2.453     11.097
-2.216     10.773
-2.14     11.664
-2.356     12.393
-2.514     13.041
-2.687     13.284
-2.773     13.203
-2.73     12.636
-2.558     11.826
-2.363     11.502
-2.319     12.15
-2.481     12.474
-2.557     11.907
-2.39     11.016
-2.126     11.664
-2.251     12.15
-2.386     11.988
-2.395     11.907
-2.326     11.259
-2.148     11.097
-2.068     11.826
-2.247     12.717
-2.506     13.284
-2.657     13.284
-2.688     12.069
-2.354     12.474
-2.446     12.555
-2.447     12.636
-2.473     12.555
-2.431     12.15
-2.323     11.178
-2.085     11.016
-1.984     10.692
-1.85     11.178
-2     12.798
-2.417     13.284
-2.546     13.527
-2.622     12.96
-2.465     12.636
-2.363     12.717
-2.4     13.041
-2.497     13.446
-2.574     13.527
-2.606     13.041
-2.424     12.717
-2.316     12.555
-2.199     12.069
-2.091     13.041
-2.392     13.851
-2.634     13.608
-2.585     14.418
-2.78     13.851
-2.613     13.203
-2.372     13.851
-2.566     13.608
-2.454     12.96
-2.26     12.636
-2.205     12.636
-2.237     12.96
-2.291     14.742
-2.724     15.147
-2.817     14.985
-2.821     14.58
-2.755     14.337
-2.616     14.58
-2.634     14.904
-2.752     14.256
-2.574     14.499
-2.633     14.013
-2.493     13.365
-2.262     14.661
-2.587     14.661
-2.629     14.337
-2.527     13.851
-2.424     13.284
-2.236     14.013
-2.377     14.337
-2.469     14.337
-2.501     14.58
-2.581     15.39
-2.745     15.471
-2.777     15.147
-2.743     14.742
-2.603     14.499
-2.496     15.228
-2.68     15.066
-2.627     15.714
-2.763     16.2
-2.882     16.2
-2.913     16.929
-3.081     17.01
-3.077     17.253
-3.104     16.281
-2.861     14.58
-2.439     14.175
-2.305     14.661
-2.424     14.904
-2.499     16.443
-2.883     17.01
-3.019     16.2
-2.797     15.39
-2.592     15.633
-2.604     15.957
-2.669     16.281
-2.782     15.957
-2.696     15.39
-2.529     15.714
-2.589     16.524
-2.778     17.01
-2.908     17.658
-3.07     17.01
-2.913     16.362
-2.735     15.957
-2.659     15.471
-2.487     15.876
-2.564     17.091
-2.872     17.82
-3.098     17.415
-2.979     16.2
-2.603     16.2
-2.55     16.686
-2.69     15.876
-2.485     15.957
-2.464     16.686
-2.69     16.524
-2.631     16.767
-2.659     17.334
-2.831     17.901
-2.993     17.982
-2.972     17.253
-2.736     17.334
-2.789     17.415
-2.774     16.767
-2.554     16.119
-2.381     17.091
-2.677     17.415
-2.821     16.686
-2.606     17.577
-2.77     18.225
-2.921     17.901
-2.877     17.415
-2.753     17.496
-2.727     16.524
-2.463     14.742
-1.972     15.066
-2.053     16.524
-2.436     17.982
-2.815     18.711
-2.998     17.82
-2.729     17.658
-2.67     17.901
-2.746     18.711
-3.004     18.792
-2.999     18.063
-2.757     16.848
-2.407     16.848
-2.396     17.415
-2.521     17.982
-2.699     18.306
-2.811     18.63
-2.845     18.792
-2.851     18.711
-2.888     18.225
-2.758     17.334
-2.447     17.01
-2.313     17.334
-2.368     17.82
-2.519     18.387
-2.701     18.792
-2.809     18.954
-2.832     18.954
-2.826     18.549
-2.671     17.739
-2.486     17.091
-2.308     17.415
-2.379     18.792
-2.72     20.25
-3.082     20.655
-3.206     20.25
-3.103     21.06
-3.277     20.979
-3.25     19.602
-2.846     17.496
-2.264     17.01
-2.124     16.443
-1.993     16.362
-1.967     17.82
-2.366     20.979
-3.166     19.44
-2.74     18.792
-2.583     19.44
-2.729     16.848
-1.949     13.203
-1.008     11.988
-0.663     15.147
-1.464     20.574
-2.911     23.976
-3.823     24.543
-3.995     20.736
-2.938     14.661
-1.287     11.583
-0.418     14.013
-1.124     18.144
-2.242     20.169
-2.713     19.602
-2.546     18.387
-2.28     19.521
-2.577     22.275
-3.296     23.247
-3.518     21.546
-3.086     19.926
-2.643     17.415
-1.905     16.038
-1.522     16.605
-1.689     18.63
-2.192     19.683
-2.42     19.035
-2.269     19.197
-2.296     16.848
-1.664     15.147
-1.19     16.848
-1.591     20.007
-2.449     19.683
-2.363     16.281
-1.429     17.091
-1.634     23.571
-3.384     27.297
-4.361     25.191
-3.816     17.82
-1.845     10.287
0.201     8.424
0.74     13.851
-0.686     22.356
-2.928     30.213
-5.06     31.59
-5.453     25.272
-3.684     18.63
-1.876     14.013
-0.666     10.449
0.3     12.231
-0.159     18.144
-1.705     22.032
-2.72     21.87
-2.656     20.25
-2.245     20.331
-2.23     20.574
-2.289     21.789
-2.592     22.923
-2.9     20.169
-2.118     15.633
-0.83     13.608
-0.263     17.577
-1.396     23.328
-2.919     27.54
-4.047     25.434
-3.454     20.655
-2.122     18.144
-1.42     17.496
-1.258     19.278
-1.717     20.169
-1.929     21.06
-2.145     21.87
-2.367     21.303
-2.2     20.979
-2.108     22.032
-2.389     22.599
-2.556     22.194
-2.437     20.979
-2.082     19.521
-1.661     19.035
-1.5     18.063
-1.246     19.683
-1.657     23.409
-2.608     25.758
-3.251     26.811
-3.547     24.705
-2.986     21.546
-2.122     18.63
-1.255     17.334
-0.857     17.658
-1.028     19.521
-1.493     21.303
-1.915     22.437
-2.17     23.571
-2.504     23.247
-2.392     22.68
-2.182     20.331
-1.593     20.25
-1.603     21.303
-1.857     23.166
-2.317     24.543
-2.653     24.624
-2.711     23.409
-2.335     21.87
-1.924     21.951
-1.909     21.87
-1.866     20.088
-1.386     20.331
-1.424     21.951
-1.804     21.384
-1.653     21.951
-1.798     24.624
-2.464     25.191
-2.594     22.68
-1.919     19.116
-0.89     16.686
-0.194     18.549
-0.728     22.437
-1.818     25.515
-2.596     26.487
-2.829     25.11
-2.467     22.68
-1.824     22.518
-1.771     24.3
-2.204     25.272
-2.442     24.219
-2.119     21.384
-1.358     18.144
-0.446     18.792
-0.566     21.789
-1.371     25.029
-2.219     26.649
-2.599     25.677
-2.355     23.328
-1.744     21.303
-1.204     20.817
-1.075     22.275
-1.422     23.976
-1.88     24.624
-2.011     24.138
-1.839     23.328
-1.618     22.842
-1.473     23.409
-1.587     24.381
-1.799     28.998
-3.051     24.219
-1.793     14.256
0.933     18.792
-0.277     27.135
-2.465     30.213
-3.338     27.702
-2.663     21.627
-0.996     15.39
0.72     13.365
1.339     17.496
0.216     23.652
-1.404     27.783
-2.469     28.269
-2.572     26.487
-2.108     24.948
-1.687     23.976
-1.391     23.409
-1.24     22.113
-0.883     18.63
0.109     16.362
0.761     16.281
0.756     20.655
-0.431     26.406
-1.923     29.484
-2.723     29.241
-2.658     25.029
-1.529     19.44
0.045     15.876
1.048     16.038
0.979     19.278
0.12     22.761
-0.777     25.029
-1.34     26.649
-1.74     27.216
-1.913     26.244
-1.622     24.057
-0.917     20.493
0.043     18.468
0.541     17.82
0.725     18.954
0.475     22.356
-0.422     24.786
-1.075     26.325
-1.47     27.459
-1.719     24.543
-0.915     21.384
-0.057     20.817
0.12     20.493
0.238     21.222
0.075     23.409
-0.492     25.677
-1.081     26.325
-1.243     26.244
-1.185     25.758
-1.076     24.543
-0.752     21.789
0.072     19.359
0.767     18.468
1.015     20.25
0.545     23.166
-0.232     26.325
-1.022     27.702
-1.363     26.892
-1.142     24.219
-0.387     22.68
0.05     22.032
0.202     21.222
0.481     20.898
0.615     22.518
0.214     24.219
-0.187     26.325
-0.769     27.783
-1.174     27.621
-1.057     25.029
-0.34     21.141
0.745     19.359
1.246     20.088
1.073     22.842
0.344     25.434
-0.332     26.487
-0.57     25.353
-0.247     23.814
0.169     23.085
0.395     22.68
0.566     22.68
0.597     23.328
0.414     25.029
0.003     26.001
-0.193     27.135
-0.49     27.54
-0.614     25.11
0.076     22.923
0.712     22.275
0.879     22.032
1.012     22.518
0.936     23.814
0.616     26.082
-0.004     26.325
-0.016     25.758
0.203     25.029
0.429     24.3
0.639     24.786
0.51     24.867
0.514     23.814
0.885     23.49
0.955     24.543
0.659     26.082
0.301     27.459
-0.056     27.54
-0.009     27.54
-0.03     25.515
0.542     23.085
1.3     21.87
1.63     22.761
1.387     24.057
1.062     25.434
0.784     26.163
0.632     26.244
0.6     25.758
0.745     25.029
0.982     24.705
1.116     25.029
1.029     25.191
1.002     25.92
0.876     27.702
0.422     29.16
0.001     28.107
0.335     26.487
0.846     23.328
1.751     21.627
2.231     22.275
2.016     22.437
2.005     23.814
1.711     25.677
1.246     26.325
1.073     26.973
0.98     27.378
0.924     26.325
1.231     24.138
1.851     22.518
2.331     21.87
2.488     23.49
2.119     25.596
1.542     28.674
0.721     29.727
0.577     28.35
0.981     27.054
1.363     25.272
1.886     24.219
2.198     25.191
1.902     26.325
1.584     27.135
1.452     26.973
1.59     25.839
1.961     25.353
2.075     24.705
2.258     24.786
2.347     27.297
1.672     28.512
1.385     28.269
1.54     27.297
1.836     26.163
2.127     25.758
2.23     27.297
1.867     27.135
2.01     26.568
2.193     25.596
2.479     24.705
2.774     25.677
2.605     26.811
2.265     27.864
2.027     28.431
1.87     28.188
1.998     27.378
2.272     27.054
2.416     26.973
2.464     25.677
2.847     25.11
3.04     24.786
3.148     23.976
3.364     23.409
3.599     24.705
3.253     27.216
2.578     28.917
2.172     30.213
1.906     29.646
2.152     28.431
2.481     27.621
2.718     26.973
3.001     27.054
3.032     27.054
3.048     26.082
3.407     25.191
3.713     27.378
3.13     28.755
2.789     27.378
3.251     23.328
4.384     19.521
5.457     19.035
5.566     23.166
4.511     28.998
3.04     32.238
2.192     31.995
2.252     29.646
2.941     27.378
3.636     25.515
4.132     25.677
4.11     26.73
3.887     27.054
3.938     27.54
3.877     28.35
3.682     28.431
3.671     27.216
4.111     24.381
4.919     22.113
5.487     22.275
5.491     24.786
4.953     28.755
3.927     31.509
3.203     30.942
3.407     28.674
4.106     26.811
4.635     26.487
4.742     26.325
4.859     26.001
5.072     28.35
4.508     31.266
3.71     27.621
4.719     23.652
5.919     23.166
6.133     24.3
5.82     25.029
5.641     25.029
5.731     26.244
5.47     29.484
4.554     31.428
4.146     32.481
3.975     33.372
3.759     32.805
3.9     28.026
5.258     21.87
7.042     20.736
7.429     23.733
6.603     27.297
5.7     32.076
4.563     34.911
3.801     33.615
4.173     28.998
5.483     23.733
7.045     20.979
7.832     23.328
7.222     27.459
6.147     27.783
6.139     27.054
6.428     28.593
6.049     31.185
5.358     33.696
4.826     33.858
4.898     30.051
5.913     24.867
7.354     22.599
8.127     24.3
7.747     27.621
6.888     30.213
6.17     30.942
6.076     31.347
6.073     30.942
6.239     28.026
7.064     27.054
7.397     28.593
7.134     29.16
7.03     25.11
8.116     21.303
9.257     25.029
8.437     32.724
6.38     35.478
5.667     32.481
6.555     29.889
7.415     27.702
8.03     25.11
8.721     24.3
9.053     25.272
8.894     28.593
8.082     31.671
7.293     33.453
6.928     33.939
6.956     31.671
7.582     28.431
8.43     26.811
8.978     25.92
9.426     23.571
10.174     23.004
10.293     25.434
9.672     29.16
8.868     32.481
8.098     34.911
7.45     34.83
7.545     30.942
8.729     26.73
9.969     24.543
10.636     24.381
10.69     26.082
10.399     27.378
10.175     29.16
9.731     32.076
8.938     34.992
8.287     34.506
8.564     30.132
9.788     25.596
11.034     23.814
11.841     26.001
11.326     27.783
10.893     29.808
10.553     29.241
10.878     27.702
11.305     28.026
11.25     29.889
10.906     31.266
10.707     32.076
10.533     31.266
10.786     29.079
11.49     27.54
12.101     29.727
11.544     32.157
10.948     32.238
11.101     29.808
11.933     28.674
12.298     28.917
12.249     28.512
12.542     28.674
12.688     28.674
12.751     28.512
12.831     27.783
13.236     28.431
13.253     31.104
12.519     32.481
12.189     32.238
12.506     33.129
12.495     34.02
12.321     33.453
12.493     29.322
13.71     26.568
14.745     27.216
14.677     28.917
14.271     28.35
14.544     28.674
14.678     31.023
14.131     32.238
13.802     32.805
13.761     31.995
14.356     29.97
15.028     28.836
15.314     28.917
15.419     28.026
15.967     28.35
16.039     29.241
15.838     31.104
15.415     32.562
15.3     33.615
15.177     34.749
14.943     34.101
15.221     31.266
16.283     28.269
17.324     26.487
17.789     27.297
17.578     31.185
16.878     30.861
17.207     29.322
17.675     28.755
17.91     30.375
17.8     31.914
17.61     31.428
17.745     31.428
17.85     29.97
18.587     28.107
19.384     29.322
19.133     32.4
18.313     34.992
17.932     33.939
18.497     31.104
19.285     29.727
19.72     28.755
20.332     29.565
20.459     30.942
20.144     30.699
20.198     29.97
20.745     28.836
21.453     28.35
21.688     29.16
21.472     29.97
21.551     30.294
21.881     30.456
21.89     30.942
21.781     31.671
21.945     31.995
22.296     31.671
22.472     30.294
22.86     30.213
23.155     30.699
23.51     30.699
23.631     30.051
23.862     30.051
24.13     31.023
24.392     30.78
24.594     30.132
24.793     29.241
25.247     27.945
26.108     27.783
26.404     29.97
25.868     31.752
25.567     33.21
25.726     34.101
25.73     33.453
25.887     32.076
26.46     30.456
27.502     29.889
27.954     31.428
27.543     32.643
27.377     32.319
28.111     31.671
28.616     31.104
28.809     30.132
29.195     29.646
29.914     31.266
29.819     31.833
29.736     30.78
30.138     29.97
31.007     30.294
31.321     31.104
31.22     32.319
31.486     33.696
31.688     32.886
31.967     30.861
32.575     30.213
33.322     31.104
33.674     33.048
33.229     35.802
32.574     35.073
33.347     31.59
34.934     29.808
35.525     29.565
35.606     30.78
35.772     33.21
35.829     33.048
36.072     31.509
36.504     30.699
37.188     30.294
38.065     31.671
37.882     32.724
37.586     31.671
38.403     31.023
39.355     31.266
39.428     32.076
39.233     32.238
39.632     32.4
40.468     33.615
40.402     33.777
40.39     33.291
40.92     33.615
41.75     32.157
42.454     29.889
43.043     29.646
43.434     31.185
43.998     32.319
44.027     32.238
44.023     31.023
44.652     30.861
45.69     31.671
45.801     31.833
45.742     31.671
46.117     31.995
47.015     32.076
47.383     31.995
47.362     32.805
47.378     33.939
48.076     33.615
48.699     32.238
49.072     31.833
49.338     32.643
50.069     33.048
50.472     33.291
50.397     32.805
50.7     32.4
51.819     31.509
52.736     31.023
52.85     31.428
52.773     32.724
53.36     32.238
54.242     30.699
54.668     31.59
54.473     32.157
55.196     32.562
55.809     32.643
55.808     32.724
55.855     33.21
56.584     33.615
57.318     32.967
57.475     33.129
57.364     33.372
58.088     34.425
58.624     33.534
58.856     31.266
59.345     30.699
60.096     31.509
60.744     31.185
60.741     31.59
60.375     31.671
60.727     32.238
61.097     32.805
60.067     32.319
58.685     32.319
58.043     32.157
58.228     33.858
57.216     35.64
56.289     34.425
56.949     33.453
58.146     32.724
58.345     32.886
58.123     32.076
58.75     32.157
59.855     33.939
59.511     34.911
59.036     33.777
59.628     31.509
61.423     30.213
62.1     31.671
61.543     32.157
61.729     32.157
62.893     33.129
62.95     33.372
62.748     33.696
62.851     34.02
63.891     34.587
64.125     35.64
63.633     34.911
63.954     33.129
65.54     32.562
66.118     32.562
65.86     32.724
65.853     32.157
67.11     33.453
67.254     34.506
66.715     32.481
67.187     28.917
69.18     26.973
70.241     27.702
69.73     32.319
68.378     38.313
68.391     39.852
67.764     39.285
67.831     39.771
68.665     40.014
69.343     39.69
69.161     38.394
69.301     35.154
70.997     32.562
72.546     31.347
72.691     32.076
72.297     33.129
72.869     36.369
72.926     38.718
72.126     39.609
71.704     37.665
72.97     33.939
74.985     31.266
75.567     31.59
75.243     33.534
75.351     36.369
75.654     39.042
74.899     39.123
74.64     38.07
75.511     37.26
76.943     37.098
76.997     36.936
76.734     35.802
77.5     34.668
79.024     34.425
79.136     34.263
78.911     35.802
78.816     37.827
79.477     37.422
79.822     36.45
79.786     34.668
80.54     33.858
82.067     34.425
82.132     34.911
81.734     36.207
81.646     37.908
82.467     38.07
82.697     38.394
82.327     38.556
82.415     38.07
83.845     37.584
84.38     36.936
84.258     36.288
84.505     35.478
86     35.64
86.415     36.126
85.985     36.288
85.958     35.316
87.344     35.397
87.917     36.936
87.291     36.369
87.395     35.721
88.657     35.559
89.374     35.64
89.126     35.397
89.102     36.531
89.926     37.665
90.376     38.151
90.005     37.503
90.062     36.693
91.331     37.098
92.139     37.584
91.777     37.908
91.533     37.422
92.658     36.774
93.815     36.531
93.727     35.802
93.711     36.207
94.382     37.26
95.176     36.693
95.216     36.045
95.131     35.397
96.099     34.992
97.402     35.802
97.107     37.179
96.513     37.665
97.058     37.908
98.256     38.475
98.089     38.151
97.913     37.341
98.629     37.422
99.855     37.098
100.052     36.126
100.095     35.235
100.786     35.964
101.976     36.612
101.982     36.531
101.725     37.179
101.91     37.098
103.332     37.017
103.596     36.369
103.495     36.612
103.735     37.179
104.916     37.341
105.157     39.933
104.24     41.229
104.089     40.257
105.738     38.637
106.581     37.584
106.583     38.151
106.537     37.503
108.115     37.26
108.728     37.746
108.303     37.989
108.275     38.475
109.478     37.422
110.427     36.774
110.321     37.179
110.171     37.098
111.535     36.936
112.326     36.693
112.191     37.584
111.842     39.123
112.659     40.338
112.94     39.447
113.088     38.718
114.457     37.989
115.588     37.746
115.49     37.503
115.402     38.232
116.276     37.989
117.326     37.584
117.276     37.584
117.107     37.908
118.006     38.151
119.052     38.799
118.758     38.637
118.627     37.746
119.76     36.936
121.197     36.045
121.372     36.288
121.081     37.422
121.547     38.961
122.363     39.528
122.223     39.528
122.101     39.609
122.78     39.123
124.247     39.69
124.117     39.852
123.858     38.961
124.685     38.313
126.311     37.989
126.508     38.07
126.223     37.989
126.692     38.232
128.133     38.232
128.302     38.07
128.066     37.179
128.719     37.017
130.205     38.394
130.064     40.662
129.181     40.905
129.421     40.014
131.128     38.556
131.859     37.179
131.957     37.908
132.021     38.475
133.381     39.042
133.677     40.014
133.165     40.986
133.08     39.933
134.777     38.799
135.611     38.718
135.433     38.718
135.48     38.394
136.962     37.341
137.943     37.098
137.797     37.665
137.672     38.718
138.749     39.771
139.327     39.771
139.137     39.204
139.194     38.799
140.481     38.799
141.376     38.556
141.299     38.799
141.134     40.176
141.862     41.148
142.693     40.581
142.686     39.609
142.834     38.475
144.164     37.503
145.613     37.665
145.469     38.394
145.059     38.313
146.023     38.88
147.178     38.475
147.228     38.799
146.936     40.014
147.449     40.824
148.539     40.581
148.609     38.961
148.878     37.827
149.928     38.394
151.198     39.447
150.97     40.257
150.533     40.095
151.239     39.204
152.951     38.637
153.166     38.394
152.951     39.042
153.31     39.204
154.778     38.799
155.034     37.908
154.982     38.394
155.326     38.394
156.895     38.151
157.265     38.799
156.834     39.69
156.96     40.014
158.406     39.771
158.813     39.852
158.57     40.176
158.736     40.338
160.257     40.419
160.709     40.743
160.349     40.095
160.732     38.718
162.642     38.394
163.276     37.908
163.19     38.151
163.23     38.637
164.575     39.366
165.06     39.285
164.892     39.285
164.955     40.014
166.177     39.852
167.01     39.366
166.929     39.285
166.935     38.556
168.45     38.475
169.425     39.609
168.886     40.419
169.912     40.338
170.997     39.771
171.012     38.88
171.123     38.961
172.302     39.447
173.346     40.095
173.047     40.338
172.808     40.095
173.916     39.204
175.37     38.313
175.539     39.042
175.228     39.933
175.933     40.338
177.126     40.257
177.068     40.338
176.857     39.933
177.813     39.69
179.283     40.581
179.035     41.31
178.62     41.634
179.265     40.743
181.035     39.771
181.389     40.5
180.937     39.69
181.763     40.338
183.144     40.5
183.227     39.852
183.173     39.366
183.819     38.88
185.528     39.69
185.565     41.31
184.922     41.229
185.386     41.067
187.04     40.905
187.378     39.852
187.406     39.933
187.701     40.5
189.103     40.662
189.502     41.634
189.042     41.472
189.349     40.338
191.257     40.338
191.847     40.176
191.574     39.771
191.745     40.095
193.18     40.257
193.837     40.095
193.644     40.257
193.653     39.285
195.376     39.933
195.982     40.014
195.729     39.852
195.762     39.933
197.183     39.609
198.154     39.852
197.899     40.743
197.62     40.905
198.882     41.634
199.715     41.31
199.69     40.014
199.978     39.771
201.196     39.771
202.381     40.095
202.178     40.986
201.777     41.634
202.71     41.553
203.985     41.553
203.906     41.148
203.888     41.067
204.915     41.391
206.166     40.581
206.334     39.609
206.367     40.176
207.101     41.067
208.279     41.067
208.269     40.581
208.219     40.743
208.908     40.824
210.397     39.771
210.826     39.771
210.61     40.419
211.079     40.824
212.53     41.796
212.471     41.796
212.234     40.824
212.961     39.69
214.838     39.609
215.097     40.824
214.525     41.796
214.65     41.31
216.417     40.176
217.115     40.257
216.872     40.824
217.047     41.634
218.484     42.363
218.785     42.525
218.463     42.201
218.749     40.419
220.83     38.637
221.858     38.394
221.66     39.933
221.402     41.229
222.562     41.634
223.096     41.067
223.026     41.148
223.194     40.662
224.925     41.796
225.422     41.877
225.174     41.796
225.28     40.176
227.16     39.366
228.261     39.366
228.097     39.447
228.018     40.905
229.003     41.877
229.834     41.391
229.79     40.338
229.96     40.095
231.231     41.472
231.901     41.715
231.767     42.282
232.795     41.391
234.27     40.257
234.452     40.662
234.201     41.715
234.995     41.31
236.461     41.958
236.283     41.877
236.126     40.257
237.442     40.824
238.749     41.391
238.688     41.067
238.653     42.039
239.141     42.606
240.533     42.201
240.72     40.824
240.866     40.581
241.62     41.148
243.054     40.5
243.353     41.634
242.84     40.905
243.629     39.366
245.725     39.447
245.961     40.824
245.399     42.039
245.549     41.877
247.245     40.986
247.851     40.176
247.857     40.581
248.007     40.986
249.557     41.796
249.836     42.039
249.561     42.444
249.721     42.363
251.312     41.553
252.112     41.877
251.847     43.497
251.62     43.011
253.356     42.039
254.289     40.743
254.392     40.5
254.562     41.634
255.776     42.039
256.474     41.715
256.371     41.472
256.472     41.472
257.973     41.31
258.958     41.31
258.795     41.634
258.667     41.958
260.028     42.444
260.936     42.363
260.773     42.039
260.807     41.31
262.302     40.662
263.591     40.986
263.362     41.715
263.099     42.282
264.175     42.768
265.351     42.282
265.454     42.201
265.302     42.687
266.257     42.849
267.604     43.011
267.487     41.715
267.706     40.095
269.123     40.905
270.349     41.391
270.241     42.282
269.766     44.145
269.907     44.307
271.564     42.93
272.215     42.363
272.225     41.553
272.967     41.067
274.645     41.634
274.778     41.715
274.588     41.148
275.134     40.824
276.826     41.229
277.213     42.363
276.768     43.092
276.9     42.606
278.646     42.363
279.259     41.796
279.262     40.986
279.668     41.634
281.069     42.525
281.537     42.201
281.445     42.768
281.446     42.525
283.106     41.796
284.101     41.553
284.045     42.201
283.993     43.011
285.325     42.849
286.268     42.363
286.182     42.606
286.075     43.416
287.275     44.145
288.097     44.631
287.825     44.307
287.854     42.201
289.742     40.419
291.37     40.905
291.125     41.148
291.044     41.472
292.201     42.444
293.184     43.578
292.845     42.93
292.912     42.363
294.153     42.282
295.544     42.606
295.389     43.173
295.153     43.092
296.175     43.416
297.558     43.497
297.631     43.416
298.258     43.173
299.924     42.687
300.137     42.687
299.964     43.497
300.516     43.335
302.128     43.173
302.324     42.849
302.205     42.606
302.881     42.849
304.496     42.606
304.797     42.93
304.537     43.092
305.021     42.93
306.78     43.659
306.875     43.416
306.756     42.444
307.473     42.12
309.281     41.958
309.714     42.444
309.379     43.092
309.522     43.254
311.201     43.092
311.797     42.363
311.796     41.391
312.24     41.148
313.873     41.877
314.321     42.444
314.012     43.011
314.045     42.849
315.747     41.229
316.916     41.391
316.747     42.768
316.506     43.254
317.882     43.74
318.658     42.606
318.85     41.796
319.066     41.877
320.466     42.525
321.356     43.092
321.042     42.849
321.054     42.93
322.412     43.173
323.558     42.849
323.539     42.687
323.54     43.254
324.595     43.497
325.757     43.254
325.758     42.282
325.918     41.877
327.168     42.363
328.481     42.444
328.465     43.578
328.02     44.631
328.724     43.74
330.451     43.011
330.704     43.011
330.567     43.983
331.14     44.955
332.423     43.983
332.772     42.849
332.953     41.877
333.965     42.201
335.495     43.173
335.404     43.011
335.253     43.173
335.836     43.659
337.428     42.606
337.988     41.472
338.09     42.201
338.454     42.849
339.992     43.254
340.221     43.74
339.892     43.335
340.421     43.902
341.954     43.173
342.665     42.93
342.661     43.497
342.773     43.659
344.388     43.254
345.097     42.687
345.064     42.039
345.468     42.849
346.926     44.226
347.333     44.388
347.127     43.983
347.34     42.768
349.254     42.282
350.131     42.687
349.897     43.497
349.813     43.74
351.211     44.064
352.02     43.983
351.931     43.902
351.947     44.145
353.315     44.307
354.372     45.036
354.088     44.712
354.143     43.416
355.831     42.444
357.27     42.363
357.265     42.768
357.146     43.902
358.081     44.874
359.201     43.902
359.482     43.983
359.371     43.983
360.529     45.36
361.557     45.522
361.551     44.955
361.639     43.74
362.968     41.958
364.918     41.634
365.083     42.768
364.675     43.578
365.354     45.198
366.512     45.441
366.553     44.55
366.654     43.821
369.27     43.497
369.588     44.307
369.177     44.388
369.803     43.578
371.751     43.659
372.046     43.902
371.775     43.578
372.415     43.983
374.039     44.145
374.375     44.064
374.244     43.983
374.786     43.173
376.777     43.416
377.096     43.254
376.955     44.145
377.112     44.793
378.646     44.793
379.24     44.712
379.136     44.874
379.429     43.983
381.352     43.821
382.09     45.036
381.645     44.712
381.905     44.712
383.527     44.388
384.398     44.307
384.309     44.469
384.344     45.603
385.627     45.279
386.698     43.821
386.939     43.254
387.143     42.363
388.871     41.877
390.053     42.849
389.731     44.226
389.39     44.793
390.629     45.036
391.78     44.469
391.863     44.55
391.81     44.712
393.072     45.198
394.275     44.226
394.429     43.254
394.646     43.254
395.836     43.416
397.261     44.226
397.114     44.874
396.778     44.631
397.564     44.469
399.287     44.307
399.625     44.388
399.413     44.307
400.119     44.388
401.883     44.874
401.985     44.469
401.898     43.254
402.801     43.254
404.533     43.335
404.954     44.631
404.514     45.684
404.712     45.117
406.579     43.902
407.346     43.416
407.323     44.388
407.448     45.684
408.866     46.089
409.353     45.765
409.329     44.793
409.978     43.254
412.099     43.011
412.896     43.416
412.646     44.064
412.636     44.712
414.111     44.307
415.004     44.226
414.894     44.55
414.986     45.198
416.461     45.765
417.242     45.603
417.148     44.145
417.611     43.416
419.38     42.93
420.641     43.335
420.475     44.712
420.134     45.846
421.243     45.927
422.348     44.469
422.747     43.983
422.945     44.388
424.117     45.198
425.185     45.684
425.035     45.198
425.085     44.307
426.529     44.631
427.895     45.36
427.769     45.603
427.626     45.441
428.764     45.36
430.318     44.145
430.7     43.74
430.681     43.983
431.612     44.793
433.028     45.765
432.953     45.765
432.837     45.441
433.745     45.198
435.536     44.712
435.856     44.793
435.723     45.279
436.32     44.793
438.151     44.55
438.526     43.74
438.61     43.416
439.181     44.145
440.782     45.036
441.108     47.223
440.33     47.466
440.597     45.036
443.082     43.011
444.133     43.659
444.297     45.117
445.677     46.251
446.159     46.818
445.882     45.522
446.449     44.712
448.313     44.55
449.151     44.712
449.008     45.927
448.842     46.332
450.324     45.765
451.465     45.117
451.611     44.226
451.891     43.983
453.493     44.388
454.543     44.307
454.47     45.117
454.338     45.603
455.636     45.765
456.903     45.36
456.948     45.603
456.862     45.846
458.14     45.765
459.546     45.117
459.719     44.469
459.876     44.712
460.996     45.603
462.264     45.927
462.23     46.17
462.076     45.441
463.45     44.955
465.201     44.793
465.318     45.279
465.125     46.818
465.641     47.547
467.053     46.818
467.468     45.441
467.841     44.145
469.013     44.226
470.734     45.198
470.743     46.413
470.272     46.656
470.908     46.17
472.817     45.522
473.326     45.441
473.206     45.603
473.831     45.279
475.75     44.55
476.339     44.145
476.3     43.578
477.014     44.064
478.701     44.55
479.093     45.36
478.814     46.575
478.911     46.413
480.692     46.575
481.306     45.765
481.401     45.279
481.81     45.441
483.541     44.955
484.471     45.684
484.203     47.628
483.964     47.79
485.605     46.818
486.749     45.441
487.042     44.145
487.572     43.497
489.435     44.388
490.198     44.631
490.001     44.793
490.09     45.765
491.41     46.332
492.407     46.656
492.294     46.089
492.498     45.36
494.24     44.388
495.816     44.793
495.644     45.765
495.401     45.927
496.742     47.79
497.625     47.709
497.71     45.846
498.138     45.279
499.564     44.712
501.231     44.064
501.435     44.955
501.124     45.036
502.24     45.522
503.721     45.846
503.772     45.765
503.688     45.603
504.732     44.145
506.768     44.145
506.99     45.036
506.662     45.522
507.391     46.656
508.826     48.195
508.684     48.843
508.48     47.628
509.541     45.765
511.817     44.874
512.429     44.469
512.479     45.198
512.953     45.603
514.688     45.684
515.087     46.413
514.798     45.927
515.481     45.603
517.394     46.332
517.768     45.927
517.76     45.198
518.386     45.279
520.155     45.117
520.914     45.603
520.721     46.899
520.702     47.547
522.283     48.114
522.916     48.033
523.169     46.818
525.241     45.684
526.407     44.955
526.507     45.441
526.561     45.846
528.17     45.846
529.218     45.279
529.284     44.388
529.659     44.793
531.13     44.955
532.256     45.927
532.007     45.927
532.06     45.765
533.562     45.279
534.96     45.036
535.035     46.494
534.694     47.709
535.828     47.385
537.352     47.709
537.334     46.656
537.647     46.413
538.933     45.603
540.634     45.684
540.738     46.575
540.464     46.413
541.634     45.279
543.521     44.226
543.955     44.631
543.847     45.684
544.561     46.98
545.926     46.575
546.245     46.089
546.301     46.089
547.254     45.522
549.153     45.441
549.438     46.332
549.074     46.413
549.821     46.089
551.708     45.441
552.27     45.927
552.12     47.061
552.549     47.628
554.246     47.142
554.739     46.089
554.914     45.036
555.78     44.469
557.816     44.307
558.396     44.874
558.16     45.279
558.532     46.17
560.174     46.494
560.751     46.494
560.614     46.656
560.871     48.114
562.346     48.438
563.054     47.628
563.186     46.656
563.719     45.36
565.749     45.846
566.546     47.547
566.098     47.79
566.244     47.385
568.005     46.818
569.246     45.846
569.49     45.117
569.821     45.522
571.366     46.17
572.42     46.089
572.452     46.332
572.477     46.575
573.834     47.061
575.047     47.466
574.981     48.438
574.779     48.843
575.956     48.681
577.431     47.385
577.882     46.656
578.087     46.98
579.222     48.114
580.457     48.195
580.609     48.114
580.615     47.223
581.995     45.846
584.031     45.522
584.239     44.631
584.461     44.955
585.396     45.927
586.895     45.522
587.303     45.927
587.158     46.494
587.886     47.466
589.417     48.6
589.441     49.086
589.206     49.167
589.869     47.871
592.068     47.142
592.726     46.737
592.776     47.304
593.246     47.628
595.034     47.709
595.502     47.871
595.359     46.656
596.225     45.684
598.348     45.522
599.028     45.846
598.81     46.818
598.962     46.98
600.788     45.441
601.946     46.899
601.562     48.033
601.607     48.843
603.197     49.248
603.884     47.79
604.247     47.628
604.585     47.709
606.306     47.628
607.349     47.709
607.285     47.79
607.469     47.871
610.232     46.818
610.487     44.874
611.184     44.631
612.829     45.684
613.775     46.089
613.672     45.927
613.862     44.874
615.612     45.117
616.895     46.818
616.494     48.195
616.159     48.438
617.489     48.357
618.922     46.656
619.481     46.332
619.583     46.413
620.793     47.466
622.087     49.815
621.587     49.248
621.764     47.304
623.467     45.441
625.591     44.712
625.964     45.036
625.836     46.332
626.511     46.818
628.172     46.008
628.599     44.955
628.827     45.522
629.55     46.737
631.031     46.818
631.352     46.737
631.305     46.818
631.989     47.385
633.707     47.547
634.164     48.114
633.907     48.438
634.479     49.005
636.165     48.519
636.79     47.142
637.136     45.522
638.147     44.955
640.183     45.279
640.713     45.117
640.756     45.117
641.241     45.522
643.002     46.089
643.561     46.899
643.256     47.466
643.478     48.276
645.073     47.466
646.148     46.332
646.445     45.684
646.833     47.304
648.181     49.248
648.658     49.329
648.578     48.438
649.053     48.114
650.829     46.575
652.303     45.846
652.513     46.17
652.553     47.304
653.894     47.223
655.089     46.575
655.262     45.522
655.706     45.927
657.188     45.603
658.543     45.846
658.494     46.899
658.293     46.899
659.656     47.304
661.017     46.899
661.283     46.737
661.389     48.114
662.307     48.924
663.576     49.329
663.594     48.438
663.853     46.98
665.4     46.575
667.156     46.413
667.404     46.251
667.437     46.899
668.354     47.547
669.898     46.17
670.465     45.765
670.568     46.008
671.408     46.818
672.998     47.79
673.029     47.223
673.106     45.927
674.268     46.413
675.981     46.899
676.267     48.519
675.777     49.734
676.132     48.843
678.292     47.709
679.1     46.818
679.337     46.737
679.901     47.709
681.511     47.871
682.063     46.656
682.276     45.846
683.04     45.603
685.005     46.656
685.451     47.304
685.236     47.709
685.528     47.952
687.338     46.818
688.498     46.332
688.554     45.927
688.926     46.17
690.677     48.276
691.016     49.329
690.698     49.896
690.8     48.762
692.871     48.762
693.945     48.681
693.93     47.628
694.369     47.952
695.972     47.952
697.289     47.952
697.436     46.332
699.437     46.17
700.823     47.142
700.658     47.304
700.647     47.385
701.978     47.466
703.426     46.818
703.672     47.547
703.525     47.709
704.824     47.871
706.34     47.871
706.445     48.357
706.421     48.924
707.528     49.977
708.858     50.139
708.941     48.924
709.265     48.276
710.512     47.061
712.621     46.737
712.939     46.98
712.806     46.98
713.78     47.142
715.585     46.494
716.11     46.413
716.079     46.656
716.815     48.033
718.332     49.005
718.436     49.572
718.217     49.248
719.009     47.223
721.455     47.061
722.056     48.033
721.786     48.195
722.322     48.438
724.126     48.033
724.835     48.033
724.871     48.114
725.371     47.223
727.446     47.061
728.19     48.195
727.798     47.385
728.503     47.223
730.416     46.98
731.239     46.98
731.207     48.114
731.263     48.762
732.948     48.843
733.848     48.438
733.919     48.276
734.22     48.195
736.022     47.79
737.219     48.276
737.058     48.6
737.103     48.924
738.628     48.843
739.871     48.519
739.989     48.519
740.174     48.195
741.929     47.871
743.374     47.871
743.421     47.061
743.721     46.737
745.219     46.899
746.539     46.737
746.693     47.385
746.62     46.737
748.151     46.98
749.613     47.952
749.507     48.519
749.445     48.519
750.682     48.195
752.454     47.79
752.751     47.142
752.898     47.061
754.035     47.142
755.793     47.547
755.922     48.681
755.536     49.896
756.186     49.167
758.202     47.79
758.874     47.628
758.907     47.061
759.959     46.818
761.961     46.899
762.313     47.142
762.206     47.466
762.92     48.195
764.716     48.924
765.006     49.167
764.904     50.301
765.249     50.139
767.204     48.6
768.183     47.547
768.458     47.223
769.098     47.304
770.924     47.304
771.577     47.466
771.465     48.762
771.541     48.6
773.458     47.466
774.603     47.142
774.674     47.385
774.925     48.195
776.578     48.438
777.419     48.519
777.339     48.438
777.656     48.195
779.553     47.871
780.734     47.304
780.938     47.547
781.131     48.6
782.535     49.005
783.549     48.681
783.667     48.681
783.856     49.491
785.199     48.843
786.667     48.114
786.908     47.061
788.895     46.413
790.426     46.575
790.499     46.575
790.578     47.547
791.735     48.114
793.163     47.79
793.381     48.195
793.268     48.519
794.445     48.114
796.175     48.6
796.261     48.438
796.357     48.438
797.484     49.248
798.952     49.005
799.259     48.438
799.426     48.276
800.565     47.871
802.452     47.952
802.794     47.871
802.842     46.737
803.997     47.223
805.647     48.519
805.702     49.086
805.545     49.329
806.207     48.195
808.378     46.98
809.224     46.737
809.304     46.818
809.951     47.466
811.711     48.519
812.057     47.709
812.283     48.357
812.668     49.41
814.272     50.625
814.665     50.787
814.69     49.41
815.478     46.818
818.044     46.089
819.107     46.737
818.881     47.385
819.067     48.681
820.585     49.329
821.375     49.167
821.408     48.276
821.946     48.114
823.811     48.276
824.81     48.924
824.664     48.762
824.933     48.033
826.891     47.061
828.314     47.871
828.098     49.572
827.787     49.572
829.471     49.41
830.889     48.276
831.233     47.385
831.613     47.385
833.124     48.6
834.264     50.22
833.958     49.41
834.222     48.438
835.86     47.466
837.694     47.142
837.938     46.818
838.03     47.871
839.033     48.6
840.503     48.276
840.731     47.547
840.947     47.79
842.051     48.681
843.598     50.22
843.461     50.463
843.36     49.329
844.636     48.924
846.55     48.762
846.915     48.114
847.072     47.871
848.068     47.871
850     48.519
850.223     47.79
850.38     47.223
851.337     46.656
853.42     47.952
853.58     48.519
853.339     49.005
853.8     49.896
855.526     49.734
856.195     48.843
856.438     48.519
857.062     48.438
859     49.005
859.549     49.167
859.527     48.924
860.118     48.681
862.184     48.681
862.973     49.005
862.861     49.896
863.002     49.896
864.861     48.681
866.059     47.709
866.323     47.061
866.78     46.332
868.791     47.547
869.557     47.952
869.449     48.762
869.496     49.41
871.092     49.572
872.207     49.734
872.175     49.086
872.569     48.843
874.313     49.167
875.496     49.086
875.554     48.681
875.82     48.195
877.55     48.681
878.8     48.681
878.937     48.519
879.122     48.276
882.141     47.871
882.412     47.547
882.525     48.6
883.497     49.491
884.886     49.653
885.017     49.977
884.978     49.248
886.404     48.438
888.379     48.519
888.625     48.843
888.586     49.653
889.492     50.706
891.043     49.734
891.576     48.438
891.969     48.195
892.961     48.519
894.749     49.734
894.856     49.896
894.834     49.248
895.839     48.519
898.023     47.142
898.838     47.142
898.801     48.519
899.177     48.681
901.066     48.6
901.603     48.762
901.513     49.248
901.999     50.625
903.58     51.435
904.059     51.435
904.017     50.139
904.852     49.572
906.978     49.167
907.881     48.681
907.994     49.815
908.113     49.572
910.126     49.41
911.069     49.167
911.14     48.6
911.622     48.681
913.507     49.329
914.329     50.301
914.075     49.572
914.543     48.357
916.678     48.033
917.96     47.466
918.164     48.357
918.121     50.301
919.282     49.977
920.601     49.086
920.907     48.6
921.194     48.438
922.785     49.086
924.013     49.572
923.968     49.815
924.071     49.734
925.599     49.086
927.288     49.815
927.236     50.22
927.228     49.896
928.636     49.167
930.394     48.519
930.777     47.709
931.13     47.628
932.378     48.762
933.74     50.463
933.512     51.192
933.318     51.03
934.53     49.734
936.766     48.924
937.235     48.762
937.267     49.41
938.042     49.653
939.836     49.41
940.269     48.114
940.578     48.357
941.408     49.734
943.031     50.058
943.434     50.301
943.375     49.491
944.312     47.952
946.755     47.061
947.614     47.952
947.376     48.681
947.782     49.977
949.358     50.868
949.742     48.843
950.308     48.681
950.978     49.086
952.87     49.734
953.43     50.139
953.364     49.734
953.94     48.6
956.117     47.142
957.369     47.142
957.332     47.871
957.517     48.924
959.158     49.005
960.11     47.871
960.471     47.061
960.966     47.871
962.514     49.005
963.343     50.625
962.995     50.544
963.275     49.005
965.412     48.195
966.866     47.466
967.092     48.681
966.894     49.896
968.26     50.382
969.499     49.653
969.799     48.6
970.18     48.276
971.793     48.114
973.368     49.167
973.219     49.734
973.184     49.572
974.622     48.519
976.53     47.952
976.929     48.195
978.133     49.734
979.433     50.058
979.558     49.896
979.685     49.653
980.913     48.762
982.894     48.843
983.162     49.086
983.16     49.734
984.045     50.22
985.822     49.734
986.267     49.248
986.407     48.681
987.501     48.357
989.472     48.195
989.984     48.762
989.87     49.167
990.483     49.41
992.377     49.572
992.902     48.843
993.065     49.086
993.685     49.815
995.486     50.139
996.047     50.058
996.095     49.734
996.75     49.41
998.811     49.248
999.586     49.329
999.575     50.544
999.788     49.977
1001.903     49.734
1002.847     49.329
1002.986     49.086
1003.409     50.058
1005.009     51.435
1005.61     51.192
1005.707     49.896
1006.326     49.41
1008.346     48.114
1009.85     47.385
1010.091     47.79
1010.236     48.6
1011.789     48.6
1013.095     49.005
1013.05     49.653
1013.104     49.977
1014.697     50.949
1015.806     50.706
1015.929     50.139
1016.165     48.924
1018.031     47.952
1019.807     48.519
1019.787     49.896
1019.536     50.787
1020.657     50.463
1022.401     49.734
1022.796     48.195
1023.28     47.871
1024.698     48.681
1026.199     49.329
1026.247     49.41
1026.336     48.762
1027.651     48.924
1029.388     48.924
1029.619     48.6
1029.759     49.572
1030.642     50.058
1032.45     49.896
1032.819     49.572
1032.911     49.896
1033.741     50.706
1035.446     50.868
1035.882     50.382
1036.054     48.438
1037.352     48.114
1039.397     48.276
1039.859     48.357
1039.901     48.762
1040.466     49.653
1042.182     49.653
1042.861     49.734
1042.856     50.706
1043.186     50.787
1045.144     50.544
1045.951     50.22
1046.006     49.248
1046.755     48.681
1048.886     48.924
1049.669     49.734
1049.468     51.192
1049.469     50.949
1051.435     50.544
1052.575     49.977
1052.857     50.625
1053.006     50.301
1054.882     50.058
1056.095     50.058
1056.132     49.977
1056.369     49.977
1058.122     49.815
1059.445     50.22
1059.495     49.815
1059.824     48.519
1061.839     48.276
1063.32     49.248
1063.119     50.382
1062.969     50.139
1064.56     50.139
1066.008     50.949
1065.971     51.273
1066.064     49.815
1067.853     48.924
1069.681     49.167
1069.827     49.167
1069.885     50.868
1070.805     50.868
1072.569     50.625
1072.892     49.734
1073.224     49.167
1076.292     49.815
1076.372     50.463
1076.278     50.787
1077.313     50.139
1079.345     49.41
1079.881     48.924
1080.042     50.22
1080.613     50.463
1082.507     49.815
1083.116     49.815
1083.132     50.139
1083.857     49.815
1085.896     49.41
1086.536     49.167
1086.59     50.382
1087.004     51.192
1088.815     50.949
1089.495     49.572
1089.947     49.167
1090.676     48.6
1092.781     48.6
1093.549     49.167
1093.382     49.167
1093.788     49.005
1095.753     49.653
1096.543     50.868
1096.256     51.03
1096.555     50.058
1098.72     49.248
1100.037     48.681
1100.246     48.681
1100.62     49.653
1102.187     50.058
1103.238     50.301
1103.22     50.382
1103.457     50.544
1105.167     49.896
1106.656     49.167
1107.024     49.41
1107.18     49.329
1108.802     48.438
1110.456     48.114
1110.648     49.653
1110.432     51.516
1111.494     52.002
1112.891     51.354
1113.233     50.139
1113.662     50.382
1114.945     50.058
1116.658     50.544
1116.787     50.544
1116.997     49.896
1118.412     51.192
1119.81     51.516
1119.965     50.463
1120.325     49.815
1121.672     49.086
1123.667     49.329
1123.923     48.924
1124.089     49.572
1125.017     50.22
1126.803     51.354
1126.864     51.273
1126.88     51.192
1127.802     50.949
1129.757     49.977
1130.516     50.625
1130.47     51.435
1131.043     51.03
1133.142     50.787
1133.796     50.787
1133.822     50.139
1134.653     49.734
1136.725     49.815
1137.451     50.22
1137.396     51.111
1137.711     51.192
1139.632     49.653
1140.859     48.195
1141.337     48.195
1141.853     49.734
1143.37     51.192
1143.876     51.111
1143.919     51.03
1144.356     49.896
1146.628     50.463
1147.503     51.354
1147.329     52.326
1147.37     52.326
1149.207     51.678
1150.543     50.139
1151.049     48.195
1151.857     47.952
1153.675     49.41
1154.634     50.949
1154.339     51.03
1154.554     50.868
1156.219     50.463
1157.728     50.301
1157.881     49.896
1158.168     49.815
1159.743     50.868
1161.042     50.787
1161.269     51.03
1161.325     51.03
1162.715     51.678
1164.159     51.435
1164.487     51.111
1164.615     50.301
1165.837     49.734
1167.862     49.734
1168.289     50.301
1168.232     50.139
1169.187     50.139
1171.145     50.22
1171.655     50.139
1171.714     50.058
1172.457     49.977
1174.447     50.868
1174.873     50.625
1175.649     49.329
1178.037     49.653
1178.614     49.815
1178.608     51.03
1178.779     52.569
1180.358     53.055
1181.045     52.002
1181.331     50.301
1182.237     49.248
1184.498     49.167
1185.462     49.329
1185.466     49.896
1185.668     50.463
1187.407     51.111
1188.318     50.625
1188.527     50.787
1188.742     51.273
1190.455     51.678
1191.568     51.354
1191.781     50.706
1192.233     49.653
1194.267     48.924
1195.735     50.139
1195.49     51.921
1195.247     52.326
1196.813     51.597
1198.466     49.896
1199.014     49.653
1199.242     50.625
1200.584     50.625
1202.132     50.301
1202.344     50.139
1202.567     50.22
1203.972     49.815
1205.701     50.139
1205.789     50.301
1205.851     50.787
1207.059     51.435
1208.634     51.273
1208.993     50.787
1209.217     51.678
1210.148     52.164
1211.872     52.164
1212.241     51.516
1212.556     50.463
1213.853     49.977
1215.883     50.625
1216.137     50.787
1216.093     50.949
1217.061     50.139
1219.23     49.896
1219.785     50.22
1219.709     50.706
1220.474     51.84
1222.146     51.516
1222.807     49.815
1223.281     49.086
1224.144     49.41
1226.059     51.273
1226.236     51.84
1226.153     51.921
1226.758     51.759
1228.802     50.787
1229.909     50.22
1230.097     50.949
1230.413     51.759
1232.161     51.921
1233.023     50.949
1233.361     49.491
1234.219     49.815
1236.07     50.544
1236.908     50.22
1237.073     50.463
1237.387     50.544
1239.145     50.463
1240.283     49.896
1240.592     50.058
1240.844     51.273
1242.273     52.65
1243.222     52.326
1243.419     51.678
1243.823     50.301
1245.918     49.41
1247.571     50.139
1247.493     51.192
1247.391     51.759
1248.814     51.435
1250.422     50.868
1250.779     50.544
1251.097     50.463
1252.519     50.544
1254.035     50.949
1254.158     51.273
1254.198     50.625
1255.687     50.544
1257.473     50.139
1257.854     49.815
1257.983     50.787
1258.908     50.868
1260.714     50.949
1261.076     50.706
1261.189     50.301
1262.386     51.435
1263.995     51.516
1264.374     51.354
1264.485     51.192
1265.492     50.949
1267.516     51.111
1268.015     51.273
1268.019     51.678
1268.753     51.192
1270.862     50.868
1271.496     50.868
1271.554     51.678
1272.086     51.435
1274.167     51.597
1274.787     51.921
1275.422     51.84
1277.471     50.787
1278.526     50.868
1278.541     51.921
1278.802     51.111
1281.019     50.706
1281.933     51.516
1281.79     51.516
1282.301     50.868
1284.496     51.516
1285.36     52.083
1285.246     52.245
1285.55     51.921
1287.479     51.516
1288.703     50.625
1289.062     50.868
1289.324     51.273
1291.032     52.083
1292.09     52.812
1292.043     52.245
1292.505     51.921
1294.318     52.002
1295.65     51.84
1295.809     51.84
1295.998     52.245
1297.491     51.354
1299.313     50.463
1299.756     50.382
1299.957     50.22
1301.495     50.625
1303.041     51.354
1303.109     52.488
1302.955     52.245
1304.357     51.678
1306.193     51.84
1306.349     52.083
1306.369     52.893
1307.301     51.111
1309.698     49.086
1310.654     49.491
1310.614     50.22
1311.341     51.192
1313.051     52.488
1313.184     52.407
1313.274     51.273
1314.503     51.273
1316.467     51.678
1316.923     52.326
1316.86     52.65
1317.595     52.488
1319.666     51.516
1320.583     52.083
1320.49     52.002
1321.164     52.002
1323.123     52.002
1323.87     51.921
1323.96     50.949
1324.825     49.977
1327.017     49.896
1327.875     51.273
1327.592     53.622
1327.44     54.756
1329.054     53.541
1330.352     51.435
1331.029     50.058
1331.865     49.248
1333.955     49.572
1334.959     51.84
1334.417     52.164
1334.705     52.164
1336.532     52.569
1337.624     52.569
1337.713     52.569
1338.019     51.921
1339.998     51.516
1341.469     51.111
1341.714     50.544
1342.102     51.435
1343.523     52.488
1344.711     52.731
1344.757     52.488
1344.959     52.812
1346.431     52.326
1348.145     51.111
1348.648     50.463
1348.963     52.083
1349.9     53.055
1351.405     52.731
1351.791     52.245
1352.058     51.921
1353.45     52.245
1355.164     52.569
1355.367     52.65
1355.456     52.245
1356.722     51.273
1358.861     51.273
1359.261     51.354
1359.255     51.921
1360.115     51.759
1362.138     51.759
1362.617     51.03
1362.933     51.192
1363.779     52.326
1365.377     52.164
1366.026     51.435
1366.347     51.435
1367.116     51.435
1369.143     50.949
1369.957     51.516
1369.832     51.516
1370.511     51.435
1372.512     51.435
1373.218     52.245
1373.06     52.245
1373.649     51.678
1375.806     50.868
1376.965     49.734
1377.362     49.815
1379.783     50.544
1380.61     51.354
1380.494     52.245
1380.62     52.326
1382.526     52.893
1383.469     52.326
1383.663     51.84
1384.156     51.516
1386.132     51.273
1387.418     51.03
1387.583     50.949
1387.9     50.463
1389.867     50.625
1391.219     51.516
1391.06     52.083
1391.114     53.217
1392.439     53.136
1393.924     52.164
1394.336     50.787
1394.961     49.734
1396.79     49.896
1398.31     51.597
1398.004     53.379
1397.682     53.055
1399.216     51.759
1401.257     49.653
1402.024     49.41
1402.215     50.787
1403.217     52.731
1404.531     52.974
1404.74     52.488
1405.011     51.354
1406.514     49.329
1408.944     48.762
1409.543     50.382
1409.19     52.326
1409.698     53.541
1411.343     53.379
1411.871     52.002
1412.27     50.868
1413.488     50.544
1415.544     52.083
1415.612     52.083
1415.655     51.597
1416.605     51.192
1418.751     51.273
1419.34     51.597
1419.322     52.083
1419.851     52.731
1421.721     52.407
1422.623     50.787
1423.15     50.058
1423.871     50.058
1425.93     50.868
1426.577     52.326
1426.178     53.217
1426.445     53.136
1428.51     52.488
1429.641     52.002
1429.86     51.273
1430.502     52.083
1432.234     51.759
1433.431     51.273
1433.65     51.516
1433.965     51.516
1435.86     51.678
1437.002     52.245
1436.961     52.245
1437.298     51.759
1439.233     50.301
1440.938     48.681
1441.523     48.843
1441.759     50.139
1443.13     51.111
1444.245     52.083
1444.117     52.326
1444.289     52.974
1445.728     53.055
1447.306     52.731
1447.646     52.812
1447.761     51.84
1449.484     50.544
1451.488     50.22
1451.838     50.22
1451.932     51.759
1452.564     53.298
1454.023     52.812
1454.616     51.597
1455.119     49.977
1456.562     49.491
1458.724     50.625
1458.943     52.488
1458.493     53.622
1459.028     53.703
1461.065     53.379
1461.773     52.326
1462.164     52.245
1462.954     53.46
1464.62     53.136
1465.433     53.865
1465.355     52.407
1466.386     51.192
1468.774     51.03
1469.633     52.002
1469.463     52.812
1469.832     52.974
1471.826     52.083
1472.975     51.597
1473.104     50.22
1473.956     49.653
1476.113     50.625
1476.912     51.84
1476.709     53.379
1476.651     54.837
1478.221     54.513
1479.498     53.946
1479.759     53.217
1480.275     53.622
1483.236     54.432
1483.136     53.865
1483.609     52.245
1485.804     51.111
1487.518     51.354
1487.6     51.678
1487.725     52.569
1489.056     53.055
1490.511     52.569
1490.82     52.164
1491.086     52.164
1492.623     53.136
1494.075     52.893
1494.403     52.65
1494.584     52.812
1495.888     52.488
1497.77     52.488
1498.07     52.893
1498.115     54.027
1499.097     54.027
1500.982     53.217
1501.524     53.055
1501.726     52.893
1502.885     51.84
1505.066     52.083
1505.381     52.488
1505.357     51.921
1506.519     52.245
1508.417     52.407
1508.827     52.974
1508.744     53.622
1509.467     52.65
1511.737     51.03
1512.79     50.301
1513.111     51.678
1513.544     53.46
1515.122     54.999
1515.386     54.756
1515.514     53.622
1516.506     51.354
1519.217     50.706
1520.227     51.84
1519.956     52.65
1520.124     51.597
1522.369     50.544
1523.766     50.058
1524.006     50.706
1524.212     52.407
1525.649     53.784
1526.466     54.189
1526.506     53.298
1527.022     52.326
1529.014     52.326
1530.383     52.488
1530.576     51.84
1531.054     53.055
1532.442     54.351
1533.523     54.189
1533.74     53.622
1534.086     52.488
1535.973     51.354
1537.844     51.354
1538.086     51.435
1538.239     50.949
1539.832     51.597
1541.354     51.03
1541.785     51.354
1541.856     53.217
1542.723     53.46
1544.401     52.731
1544.89     52.002
1545.195     51.921
1546.443     51.111
1548.529     52.245
1548.684     53.784
1548.421     53.379
1549.619     52.569
1551.794     53.46
1551.988     53.541
1552.087     53.865
1553.007     52.974
1555.266     51.273
1556.267     50.382
1556.573     50.544
1557.441     50.868
1559.45     51.192
1559.948     52.245
1559.767     52.974
1560.299     52.812
1562.38     51.678
1563.488     51.597
1563.599     52.326
1563.957     52.731
1565.871     52.812
1566.724     52.893
1566.823     52.65
1567.414     52.164
1569.576     52.083
1570.577     52.083
1570.667     52.65
1570.916     52.326
1572.924     51.192
1574.321     51.03
1574.517     51.111
1574.911     51.759
1576.671     52.731
1577.612     53.379
1577.603     53.46
1577.849     53.379
1579.709     53.055
1581.19     52.974
1581.412     53.379
1581.599     53.622
1583.245     54.027
1584.559     53.946
1584.796     53.541
1585.151     52.731
1586.973     52.164
1588.862     51.678
1589.197     52.245
1590.515     52.326
1592.162     51.516
1592.631     51.192
1592.854     51.84
1594.103     52.65
1595.672     52.893
1595.86     53.055
1595.969     53.622
1597.055     53.379
1598.957     52.083
1599.729     51.921
1599.878     52.569
1600.832     53.946
1602.429     54.108
1602.854     53.622
1603.099     53.298
1604.165     53.136
1606.293     52.488
1607.014     52.326
1607.178     51.435
1608.321     50.949
1610.483     51.03
1611.051     51.84
1610.882     52.407
1611.484     53.379
1613.294     53.298
1614.068     52.569
1614.337     51.921
1615.194     52.083
1617.23     53.46
1617.732     55.08
1617.416     55.161
1617.936     54.351
1620.169     53.865
1621.294     53.541
1621.533     54.594
1621.705     53.379
1623.998     52.407
1625.363     50.949
1625.925     49.653
1626.613     51.192
1628.108     51.597
1629.206     52.488
1629.153     52.974
1629.35     53.217
1631.107     52.65
1632.616     52.326
1632.892     52.407
1633.186     54.351
1634.395     55.485
1635.54     55.485
1635.693     54.756
1636.093     53.703
1638.027     53.136
1639.747     52.488
1640.12     52.164
1640.443     52.083
1642.002     52.893
1643.492     52.569
1643.794     53.622
1643.724     54.189
1644.989     53.217
1647.017     51.435
1647.766     51.03
1648.059     52.164
1649.046     53.541
1650.49     54.351
1650.637     55.485
1650.493     54.675
1651.857     54.513
1653.864     55.566
1654.031     55.08
1654.271     52.569
1656.041     50.706
1658.549     50.139
1659.216     51.03
1659.094     52.569
1659.384     52.812
1661.409     53.865
1661.95     53.865
1662.066     52.893
1662.846     52.245
1665.088     52.164
1666.115     52.164
1666.226     52.65
1666.586     53.217
1668.409     53.865
1669.342     54.918
1669.172     55.323
1669.432     54.27
1671.614     53.784
1672.923     53.136
1673.211     52.407
1673.801     52.326
1675.66     52.083
1677.099     51.84
1677.337     51.678
1677.67     52.083
1679.278     52.488
1680.597     52.731
1680.706     53.298
1680.818     53.136
1682.494     52.488
1684.246     52.164
1684.606     52.488
1684.725     53.298
1686.031     53.622
1687.608     54.189
1687.725     54.351
1687.924     53.622
1689.509     53.217
1691.343     53.946
1691.46     54.189
1691.574     53.865
1692.977     53.217
1695.082     52.083
1695.926     51.111
1697.302     51.192
1699.233     51.759
1699.535     52.245
1699.537     52.893
1700.38     53.46
1702.246     54.432
1702.487     54.675
1702.548     54.999
1703.367     54.432
1705.535     54.108
1706.264     53.379
1706.606     53.217
1707.423     53.217
1709.497     53.217
1710.266     53.136
1710.34     53.217
1711.013     53.379
1713.097     52.893
1714.08     52.245
1714.363     51.678
1715.067     51.273
1717.223     52.407
1717.942     52.65
1718.041     53.136
1718.432     53.541
1720.278     54.108
1721.206     54.513
1721.287     54.675
1721.686     54.837
1723.57     54.837
1724.839     53.946
1725.277     53.46
1725.754     53.946
1727.451     54.27
1728.681     54.108
1728.903     53.46
1729.418     52.569
1731.451     53.298
1732.763     54.27
1732.656     53.865
1733.048     52.893
1735.019     52.812
1736.578     52.731
1736.789     53.298
1736.885     53.946
1738.208     53.298
1740.049     53.136
1740.377     52.974
1740.62     53.136
1741.956     53.46
1743.676     53.379
1744.034     53.865
1744.131     53.379
1745.614     53.298
1747.531     53.298
1747.857     52.731
1748.109     53.055
1749.202     52.893
1751.193     52.569
1751.685     53.541
1751.525     54.027
1752.459     53.379
1754.654     53.541
1755.158     53.541
1755.337     52.893
1756.458     52.65
1758.571     52.974
1759.095     53.865
1758.926     52.893
1760.07     53.217
1762.11     54.432
1762.397     55.323
1762.259     54.837
1763.137     53.379
1765.642     52.65
1766.653     52.407
1766.828     52.326
1767.423     52.812
1769.368     52.974
1770.31     53.541
1770.295     53.703
1770.821     53.217
1772.967     53.46
1773.95     53.136
1774.22     52.731
1774.755     52.974
1776.628     53.298
1777.71     54.351
1777.598     55.323
1777.796     55.161
1779.793     53.622
1781.456     53.136
1781.691     54.189
1781.711     54.432
1783.42     53.946
1785.024     53.46
1785.354     53.622
1785.542     52.974
1787.394     52.569
1789.124     52.407
1789.404     52.245
1789.6     52.65
1790.987     53.784
1792.291     54.837
1792.336     54.594
1792.643     54.351
1794.14     53.946
1796.049     54.027
1796.354     53.784
1796.555     53.865
1797.871     53.784
1799.757     53.703
1800.162     53.055
1800.514     52.893
1801.716     53.136
1803.631     53.541
1804.002     53.622
1804.122     53.055
1807.38     52.974
1807.907     53.379
1807.931     53.541
1808.83     53.541
1810.899     54.027
1811.375     55.161
1811.236     55.728
1811.932     54.999
1814.127     53.703
1815.168     53.217
1815.408     53.703
1816.047     54.189
1817.992     54.189
1818.734     53.865
1818.915     53.298
1819.693     53.46
1821.703     53.622
1822.555     53.379
1822.794     53.379
1823.299     52.569
1825.574     52.326
1826.702     53.217
1826.57     53.946
1826.823     54.513
1828.693     54.432
1829.921     54.513
1830.004     55.161
1830.232     55.242
1832.2     54.675
1833.594     53.703
1834.001     53.055
1834.531     53.622
1836.212     53.541
1837.587     53.217
1837.842     53.46
1838.125     53.379
1839.952     53.136
1841.528     53.379
1841.663     54.189
1841.668     53.865
1843.387     53.055
1845.198     53.298
1845.397     53.46
1845.575     53.703
1847.037     54.756
1848.43     55.404
1848.51     54.999
1848.834     54.675
1850.353     54.837
1852.163     54.189
1852.699     53.622
1852.924     53.703
1854.055     53.784
1855.997     53.298
1856.585     53.136
1856.765     53.46
1857.747     53.784
1859.656     53.541
1860.258     53.46
1860.406     52.488
1861.639     52.245
1863.784     53.217
1864.146     53.784
1864.105     54.918
1864.587     55.323
1866.522     55.08
1867.282     55.323
1867.375     54.594
1868.365     53.298
1870.764     53.541
1871.525     53.622
1871.662     54.432
1872.03     54.999
1873.911     54.837
1874.944     54.594
1875.141     53.541
1875.927     52.893
1878.111     52.974
1879.153     54.027
1879.072     53.136
1879.815     52.65
1881.898     53.541
1882.856     54.108
1882.905     54.594
1883.096     55.161
1884.903     54.837
1886.385     54.432
1886.614     53.541
1887.147     53.865
1888.808     54.189
1890.085     55.08
1890.037     55.404
1890.235     53.946
1892.351     53.379
1894.024     52.569
1894.529     52.812
1894.733     52.569
1896.377     53.46
1897.814     53.784
1897.986     53.622
1898.182     54.918
1899.347     54.999
1901.105     54.108
1901.701     54.432
1901.856     54.918
1903.096     55.161
1904.91     54.27
1905.49     54.027
1905.681     54.594
1906.683     55.323
1908.405     54.594
1909.1     54.513
1909.353     53.622
1910.654     52.812
1912.839     52.812
1913.313     53.217
1913.326     53.46
1914.315     54.108
1916.195     54.432
1916.777     54.432
1917.667     55.485
1919.424     55.647
1920.055     55.647
1920.091     54.513
1921.189     53.217
1923.683     52.488
1924.63     53.541
1924.46     54.189
1924.919     54.756
1926.868     54.513
1927.923     53.703
1928.265     54.108
1928.694     54.351
1930.678     54.675
1931.591     55.242
1931.535     54.756
1932.123     54.756
1934.155     54.027
1935.592     53.946
1935.75     54.756
1935.929     55.728
1937.55     54.675
1939.131     54.837
1939.288     54.675
1939.615     54.108
1941.588     54.675
1942.832     54.918
1943.02     54.351
1943.535     54.675
1945.186     53.946
1946.881     53.541
1947.278     53.703
1947.509     53.217
1949.176     53.46
1950.706     53.622
1950.968     53.298
1951.297     53.541
1952.722     53.541
1954.518     53.946
1954.683     53.703
1954.969     53.865
1956.263     54.351
1958.013     53.541
1958.619     54.351
1958.55     55.323
1959.597     55.161
1961.578     55.242
1961.998     55.08
1962.152     54.432
1963.42     53.541
1965.637     53.865
1966.051     53.622
1966.29     53.622
1967.316     53.946
1969.352     53.379
1970.129     54.027
1970.046     54.027
1970.857     53.622
1973.087     53.703
1973.807     52.569
1974.257     52.731
1975.02     53.622
1976.867     53.784
1977.55     54.27
1977.542     54.351
1978.215     55.728
1979.912     55.242
1980.947     54.513
1981.226     54.837
1981.703     55.08
1983.681     54.837
1984.825     54.108
1985.23     53.622
1985.812     53.46
1987.777     54.351
1988.714     54.594
1988.854     53.865
1989.438     54.027
1991.311     54.513
1992.503     54.351
1992.773     53.865
1993.187     54.351
1994.916     55.242
1996.11     55.404
1996.251     55.08
1996.633     54.594
1998.494     54.837
1999.983     55.485
2000.105     55.242
2000.475     54.837
2002.273     53.946
2004.08     52.812
2004.593     52.974
2004.771     53.703
2006.108     53.703
2007.835     53.136
2008.25     53.784
2008.219     54.189
2009.596     54.432
2011.4     54.594
2011.736     54.594
2011.862     54.594
2013.042     54.756
2014.857     55.242
2015.185     55.485
2015.331     54.513
2016.817     54.108
2018.905     54.837
2019.237     54.594
2019.517     55.08
2020.394     54.675
2022.555     54.594
2023.182     53.46
2023.616     52.488
2024.775     52.731
2026.748     53.541
2027.238     54.189
2027.239     55.08
2029.876     54.432
2030.796     54.756
2030.841     55.08
2031.418     55.404
2033.433     54.918
2034.463     55.323
2034.544     55.323
2035.097     55.971
2036.935     55.728
2038.011     55.242
2038.336     54.837
2038.965     54.756
2041.003     54.999
2042.091     54.918
2042.25     54.432
2042.848     54.594
2044.795     54.756
2045.984     53.865
2046.421     54.108
2046.757     54.189
2048.615     53.946
2050.048     54.513
2050.113     55.323
2050.244     55.485
2051.991     56.295
2053.234     55.485
2053.697     55.242
2054.062     55.323
2055.683     55.242
2057.326     54.837
2057.713     54.675
2058.036     54.027
2059.777     54.432
2061.381     54.27
2061.713     54.189
2061.94     54.513
2063.291     54.189
2065.21     53.541
2065.714     53.784
2065.86     54.675
2066.907     55.566
2068.612     55.89
2068.974     55.728
2069.217     55.08
2070.558     55.647
2072.434     56.133
2072.784     56.295
2072.92     56.133
2074.032     55.485
2076.237     54.27
2077.124     53.865
2077.337     54.432
2078.139     54.27
2080.315     53.46
2081.178     52.812
2081.525     53.379
2082.211     54.27
2084.005     55.08
2084.558     55.485
2084.603     55.89
2085.153     55.647
2087.334     55.08
2088.365     55.323
2088.505     55.647
2089.035     55.485
2091.221     55.161
2092.323     55.647
2092.394     55.971
2092.86     55.323
2095.023     55.323
2096.118     55.566
2096.248     54.27
2097.026     52.974
2099.361     53.703
2100.415     54.513
2100.346     55.809
2100.364     56.133
2102.189     55.161
2103.859     55.566
2104.014     56.214
2104.21     56.052
2106.006     55.647
2107.599     55.08
2108.024     55.323
2108.275     56.214
2109.733     56.133
2111.408     56.133
2111.655     55.809
2111.958     55.323
2113.693     54.756
2115.603     53.946
2116.119     54.27
2116.201     54.027
2117.75     54.189
2119.545     54.999
2119.66     54.918
2119.861     54.108
2121.414     54.999
2123.083     55.404
2123.401     56.052
2123.497     57.024
2124.438     56.133
2126.687     54.756
2127.57     54.756
2127.723     55.728
2128.548     57.267
2130.154     57.186
2130.697     55.728
2131.244     55.08
2132.422     54.675
2134.641     54.513
2135.353     54.432
2135.559     55.404
2136.19     55.242
2138.318     54.756
2139.2     54.351
2139.472     54.189
2140.21     54.594
2142.176     54.837
2143.154     54.918
2143.822     54.756
2145.955     54.351
2147.001     54.837
2146.997     55.485
2147.362     56.052
2149.269     55.971
2150.444     55.404
2150.837     55.242
2151.344     55.566
2153.247     55.566
2154.579     54.756
2154.969     54.999
2155.304     54.999
2157.179     55.323
2158.424     55.809
2158.542     55.485
2158.971     54.594
2161.014     53.865
2162.683     54.027
2162.919     55.161
2162.906     55.728
2164.492     55.728
2166.103     55.971
2166.328     56.376
2166.494     55.566
2168.347     55.647
2169.968     56.376
2170.069     56.376
2170.358     55.647
2172.038     54.027
2174.223     53.055
2174.803     53.784
2174.804     54.594
2175.999     54.432
2178.011     54.756
2178.383     54.837
2178.55     53.784
2180.069     54.108
2181.914     54.513
2182.333     54.918
2182.399     55.566
2183.3     55.89
2185.325     54.513
2186.245     54.351
2186.425     55.647
2187.09     56.052
2189.104     55.971
2189.773     55.647
2190.018     54.999
2191.106     54.027
2193.493     55.242
2193.869     55.566
2193.988     55.485
2194.794     54.999
2197.024     54.108
2198.094     54.675
2198.111     55.728
2198.536     56.376
2200.479     56.781
2201.335     55.971
2201.751     55.242
2202.556     54.918
2204.712     55.08
2205.732     55.485
2205.861     56.295
2206.129     56.619
2208.081     56.457
2209.372     56.295
2209.625     55.89
2210.155     54.432
2212.465     53.784
2213.938     54.108
2214.031     54.756
2214.237     54.513
2216.171     54.108
2217.78     54.675
2217.913     55.728
2218.027     56.7
2219.521     57.51
2220.842     57.024
2221.251     55.485
2222.03     54.837
2223.819     54.756
2225.51     55.08
2225.744     55.809
2225.85     55.566
2227.415     55.323
2229.302     55.647
2229.547     55.566
2229.769     54.513
2231.466     53.865
2233.524     54.837
2233.659     55.08
2233.858     54.189
2235.348     55.323
2236.952     55.404
2237.388     55.728
2237.57     56.214
2238.647     57.186
2240.483     56.457
2241.209     55.404
2241.653     55.809
2242.556     56.295
2244.48     55.647
2245.374     54.999
2245.757     55.242
2246.645     55.566
2248.696     55.566
2249.402     55.404
2249.682     54.675
2250.745     53.703
2253.084     54.675
2253.657     55.242
2253.711     55.161
2254.449     55.08
2256.555     55.404
2257.427     55.323
2257.628     55.971
2258.102     57.024
2260.944     57.024
2261.149     56.214
2261.939     55.404
2264.124     55.647
2265.265     55.485
2265.54     55.242
2266.057     54.837
2268.134     54.999
2269.307     55.323
2269.458     54.999
2269.96     55.647
2271.667     55.971
2273.118     56.133
2273.333     56.052
2273.623     55.728
2275.473     55.161
2277.193     54.351
2277.683     54.351
2278.052     55.08
2279.542     55.971
2280.952     55.566
2281.35     56.052
2281.436     57.267
2282.65     57.429
2284.402     56.457
2285.093     55.08
2285.76     54.351
2287.36     55.08
2289.03     55.809
2289.267     56.214
2289.364     55.971
2290.761     55.566
2292.859     55.242
2293.356     54.189
2293.895     54.189
2295.138     54.918
2297.097     55.971
2297.432     55.647
2297.655     55.161
2298.822     55.647
2300.793     56.052
2301.28     56.295
2301.452     56.376
2302.268     55.566
2304.579     55.404
2305.449     55.404
2305.628     55.323
2306.271     54.999
2308.469     54.756
2309.507     55.242
2309.583     55.323
2310.135     54.837
2312.334     54.756
2313.472     54.999
2313.639     55.242
2314.111     55.728
2315.998     55.89
2317.171     56.619
2317.234     56.619
2317.756     56.214
2319.849     55.809
2321.304     55.08
2321.709     55.566
2321.943     55.161
2323.894     55.809
2325.174     55.566
2325.539     55.323
2325.904     55.08
2327.738     54.594
2329.536     54.27
2329.923     55.323
2329.974     55.728
2331.493     55.323
2333.333     54.594
2333.843     54.432
2334.144     54.999
2335.531     55.809
2337.168     56.457
2337.385     56.052
2337.693     56.214
2339.04     57.51
2340.589     57.753
2340.877     57.105
2341.245     56.133
2342.862     55.647
2344.998     54.837
2345.725     54.432
2346.08     54.351
2347.292     55.161
2349.155     55.08
2349.777     54.675
2350.122     54.594
2351.197     54.189
2353.411     53.46
2354.295     53.784
2354.445     55.323
2354.983     56.376
2356.824     56.376
2357.582     55.809
2357.896     56.862
2358.421     57.348
2360.471     57.672
2361.238     57.267
2361.535     56.295
2362.489     55.647
2364.8     55.161
2365.93     55.08
2366.157     54.918
2366.8     54.756
2368.897     54.27
2370.142     54.594
2370.256     54.513
2370.804     54.351
2372.895     54.351
2374.138     55.08
2374.138     56.052
2374.348     56.295
2376.305     57.024
2377.5     57.996
2377.894     58.239
2379.672     57.429
2381.373     56.457
2381.927     55.89
2382.515     55.161
2384.494     55.647
2385.897     55.809
2386.132     55.242
2386.573     54.756
2388.382     54.675
2390.094     53.784
2390.684     53.784
2390.969     54.432
2392.37     54.351
2394.192     54.756
2394.442     55.08
2394.635     56.133
2395.802     56.619
2397.547     56.943
2397.892     57.915
2397.922     57.024
2399.455     55.89
2401.716     55.971
2402.195     55.89
2402.506     55.242
2403.885     55.485
2405.899     55.08
2406.608     54.675
2406.942     53.946
2408.237     53.46
2410.478     53.622
2411.071     53.865
2411.191     53.946
2412.07     54.837
2413.954     56.376
2414.296     57.753
2414.166     58.401
2414.809     57.834
2417.14     57.186
2418.224     55.647
2418.792     55.728
2419.492     57.105
2421.289     57.429
2422.166     56.7
2422.602     56.538
2423.246     55.728
2425.584     54.756
2426.97     53.865
2427.497     54.351
2427.909     55.728
2429.501     55.971
2430.631     55.242
2431.11     55.485
2431.498     56.538
2433.186     57.51
2434.248     57.672
2434.458     56.7
2435.165     56.943
2436.979     56.781
2438.465     56.619
2438.809     56.457
2439.247     56.538
2441.047     56.133
2442.734     55.323
2443.308     54.756
2443.77     54.189
2445.564     54.351
2447.237     54.027
2447.645     54.513
2447.815     54.594
2449.452     54.918
2451.093     55.728
2451.282     57.51
2451.128     58.644
2452.295     58.077
2454.304     56.862
2455.055     56.862
2455.302     57.915
2456.353     57.753
2458.366     56.376
2459.259     55.485
2459.792     55.323
2461.078     55.161
2463.179     55.323
2463.705     54.756
2464.03     53.946
2465.33     54.513
2467.317     54.756
2467.857     54.513
2468.064     54.432
2469.06     55.323
2470.965     56.052
2471.524     56.7
2471.604     57.753
2472.155     57.51
2474.341     56.7
2475.41     56.943
2475.535     58.482
2475.888     58.239
2478.143     57.105
2479.446     56.133
2479.931     55.242
2480.848     55.161
2483.002     56.376
2483.758     55.647
2484.231     53.703
2485.334     54.189
2487.226     55.08
2488.231     55.323
2488.382     55.242
2488.92     56.133
2490.704     57.105
2491.777     56.7
2492.211     56.538
2492.66     57.996
2494.156     57.429
2495.776     56.052
2496.454     55.161
2497.118     55.323
2500.439     56.052
2500.513     56.295
2500.769     55.89
2502.657     55.404
2504.482     55.485
2504.75     55.809
2504.942     55.323
2506.767     54.594
2508.815     55.89
2508.859     56.376
2509.03     55.809
2510.613     55.728
2512.503     55.89
2512.887     57.186
2512.741     57.51
2513.987     56.052
2516.382     55.728
2516.973     57.024
2516.833     56.538
2518.253     56.295
2520.318     55.809
2520.995     55.485
2521.292     56.052
2522.242     56.7
2524.164     56.619
2524.828     55.242
2525.416     54.351
2526.67     55.728
2528.472     56.619
2529.019     55.566
2529.589     54.594
2530.77     55.161
2532.72     57.024
2532.997     58.239
2532.947     57.348
2534.042     56.214
2536.472     56.7
2537.232     57.105
2537.271     57.429
2537.833     57.024
2540.104     56.295
2541.441     56.295
2541.631     56.295
2542.194     55.647
2544.499     56.214
2545.464     56.7
2545.582     56.214
2546.344     55.242
2548.63     54.513
2550.077     54.351
2550.342     54.756
2550.708     55.809
2552.333     57.186
2553.324     56.7
2553.78     56.133
2554.363     56.7
2556.012     56.7
2557.618     57.186
2557.762     57.267
2558.035     56.133
2560.149     55.89
2561.93     56.133
2562.197     55.971
2562.577     55.566
2564.37     56.052
2566.01     56.214
2566.324     55.323
2566.841     54.837
2568.487     54.918
2570.35     56.295
2570.409     56.619
2570.56     56.295
2571.957     55.728
2574.057     55.809
2574.535     56.457
2574.652     58.077
2575.473     57.429
2577.694     57.024
2578.413     57.024
2578.686     57.672
2579.635     57.186
2581.913     56.538
2582.686     56.619
2582.822     56.133
2583.989     55.647
2586.293     55.404
2587.148     56.214
2587.179     56.7
2587.897     56.376
2590.132     56.052
2590.997     56.376
2591.158     55.89
2592.114     56.133
2594.224     56.619
2595.016     56.295
2595.339     56.538
2595.99     56.619
2598.143     56.862
2599.153     56.781
2599.364     55.89
2600.191     55.971
2602.291     56.376
2603.373     55.971
2603.729     55.647
2604.394     55.89
2606.372     55.647
2607.743     55.161
2608.13     54.999
2608.637     55.485
2610.45     56.295
2611.629     56.7
2611.853     56.295
2612.371     55.323
2614.547     55.323
2616.106     55.971
2616.243     56.781
2616.38     57.186
2618.052     57.267
2620.015     56.214
2620.649     55.728
2622.447     56.214
2624.034     57.51
2624.057     56.781
2624.551     55.647
2626.396     55.08
2628.396     55.566
2628.666     56.376
2628.692     56.052
2630.232     55.728
2632.319     54.918
2633.041     55.08
2633.255     55.971
2634.302     56.862
2636.076     57.267
2636.479     57.024
2636.786     56.133
2638.203     55.89
2640.363     55.971
2641.005     56.619
2641.106     57.348
2642.006     57.348
2644.176     56.943
2644.994     55.647
2645.603     54.675
2646.752     54.351
2649.024     56.7
2649.287     58.077
2649.146     56.538
2650.383     55.161
2652.888     54.918
2653.816     55.809
2653.852     56.295
2654.481     57.024
2656.435     56.862
2657.531     56.214
2657.888     56.7
2658.38     57.186
2660.351     57.51
2661.391     57.105
2661.762     56.052
2662.638     56.376
2664.605     56.376
2665.853     55.728
2666.236     55.161
2666.867     55.728
2668.748     54.513
2670.493     54.27
2670.848     54.594
2671.193     56.133
2672.683     57.186
2673.871     57.591
2674.048     56.862
2674.658     56.376
2676.614     55.89
2678.376     55.971
2678.686     56.133
2679.006     56.862
2680.528     57.024
2682.238     56.862
2682.592     56.214
2683.055     56.457
2684.596     56.457
2686.481     55.728
2687.154     55.89
2687.427     55.809
2688.901     55.89
2690.812     56.052
2691.274     55.809
2691.597     56.214
2692.774     56.538
2694.683     56.214
2695.354     56.214
2695.596     56.862
2696.65     57.105
2698.702     55.809
2699.626     55.404
2699.987     55.647
2700.959     55.89
2702.995     57.024
2703.456     58.158
2703.465     57.186
2704.698     56.052
2707.085     56.133
2707.806     56.214
2708.037     56.781
2708.765     56.295
2711.053     55.89
2712.004     55.647
2712.374     56.214
2713.023     57.186
2714.97     57.186
2715.954     56.862
2716.246     56.295
2717.077     55.566
2719.419     56.457
2720.292     57.429
2720.275     57.753
2720.768     57.996
2722.794     57.672
2724.138     57.024
2724.553     56.538
2725.172     56.295
2727.249     56.619
2728.542     56.133
2728.998     55.08
2729.673     55.971
2731.352     57.348
2732.464     58.563
2732.525     58.239
2733.059     56.133
2735.463     54.837
2737.404     54.999
2737.708     55.89
2737.855     57.105
2739.195     58.077
2740.631     58.563
2740.907     57.915
2743.022     56.862
2745.14     56.052
2745.772     55.404
2746.266     54.756
2747.903     54.756
2749.861     55.566
2750.146     57.267
2749.976     59.535
2750.719     60.264
2752.531     59.454
2753.247     57.429
2754.019     56.295
2755.643     54.756
2758.159     54.351
2758.841     54.432
2759.13     55.89
2759.899     58.32
2761.315     60.426
2761.375     59.94
2761.794     57.753
2763.394     55.647
2766.145     54.027
2767.33     53.703
2767.611     54.513
2768.259     55.404
2770.233     56.7
2770.782     58.32
2770.592     59.94
2770.918     60.588
2772.91     58.482
2774.461     56.295
2775.355     54.513
2776.562     54.27
2778.791     56.295
2779.314     57.996
2779.097     58.482
2779.542     58.725
2781.536     58.32
2782.87     57.267
2783.441     55.566
2784.442     54.594
2786.696     54.594
2788.023     54.675
2788.26     55.566
2788.559     57.105
2790.139     58.239
2791.279     58.563
2791.509     58.482
2791.925     58.239
2793.869     57.186
2795.824     55.89
2796.523     56.052
2796.843     55.809
2798.661     56.214
2800.238     58.158
2800.077     58.887
2800.209     57.915
2802.085     57.186
2804.133     56.457
2804.759     55.323
2805.277     54.918
2806.954     55.08
2808.843     55.971
2809.142     56.862
2809.131     58.644
2810.041     59.292
2811.863     58.239
2812.676     56.943
2813.259     56.538
2814.662     56.295
2816.896     55.89
2817.614     56.538
2817.684     56.214
2818.897     56.538
2820.948     57.915
2821.255     58.806
2821.27     57.51
2822.616     56.052
2825.184     55.08
2826.239     54.108
2826.735     54.918
2827.451     56.457
2829.204     58.158
2829.619     58.644
2829.774     57.996
2830.747     57.348
2833.089     56.7
2834.194     55.89
2834.662     56.052
2835.288     55.89
2837.463     57.267
2838.186     58.401
2838.147     57.834
2838.919     57.834
2841.036     57.591
2842.38     57.672
2842.659     57.672
2843.185     56.781
2845.434     55.647
2847.074     56.052
2847.234     57.429
2847.315     58.158
2849.089     58.401
2850.52     58.158
2850.874     57.186
2851.507     55.566
2853.85     55.809
2855.439     56.457
2855.645     57.51
2855.701     58.077
2857.277     57.51
2859.15     57.024
2859.706     56.538
2860.209     55.971
2861.998     57.024
2863.555     56.943
2864.039     57.429
2864.184     56.7
2865.884     56.538
2868.349     57.105
2868.487     56.943
2869.92     56.781
2871.985     56.538
2872.603     56.052
