Distance_nm     Force_uN
0     -3.888
0.276     -0.162
1.367     3.807
1.275     6.399
1.764     6.48
1.935     18.63
3.605     12.231
4.821     15.309
4.37     21.303
4.502     22.194
4.574     35.235
2.887     43.092
5.383     40.824
4.639     49.653
4.933     48.843
7.658     49.248
6.968     52.326
8.041     55.809
6.401     69.984
6.697     68.769
8.174     75.573
7.683     78.975
9.373     84.159
8.697     87.885
10.728     83.916
10.661     92.016
8.989     101.007
9.729     110.97
9.756     111.861
10.704     111.78
11.455     118.422
12.495     112.752
11.907     129.114
11.687     132.111
12.686     130.329
13.011     137.943
12.608     141.75
12.5     145.476
13.472     152.199
13.027     156.897
13.956     161.676
14.093     163.701
13.962     166.779
14.932     174.879
16.295     167.751
15.869     180.306
17.514     176.58
17.119     179.82
18.628     185.49
18.04     188.406
17.8     199.503
19.368     197.559
19.041     199.665
19.591     204.606
20.178     208.332
19.128     221.373
20.596     220.482
21.589     216.675
23.067     223.236
22.876     224.694
21.817     236.277
22.376     241.461
22.031     244.053
21.666     251.829
23.699     250.695
23.181     258.39
23.729     264.708
24.286     262.683
24.586     276.372
23.847     279.936
25.675     283.986
25.127     288.279
24.933     292.329
25.377     299.457
25.41     302.292
26.346     300.267
25.473     316.953
26.877     312.174
28.109     315.333
27.936     319.302
27.781     321.975
29.484     326.673
30.306     324.405
31.108     329.346
30.702     335.826
31.673     332.262
33.432     337.365
31.846     346.113
32.447     351.216
32.609     356.724
33.01     362.718
33.117     368.793
32.725     371.385
33.034     376.974
32.916     385.722
33.276     390.582
33.058     399.573
34.087     394.875
34.964     396.414
32.983     415.53
34.263     414.477
35.162     418.851
35.95     416.016
37.095     424.035
37.211     425.088
36.191     434.241
36.937     439.749
36.643     442.827
37.993     448.578
38.334     449.955
38.2     453.681
38.362     465.507
38.865     462.753
39.959     469.314
39.789     473.769
39.633     476.685
40.125     483.57
40.094     487.62
39.905     499.122
41.947     493.938
42.308     493.29
43.118     497.664
42.344     507.141
42.058     509.652
44.463     511.92
44.036     514.269
44.443     520.182
46.447     517.347
45.149     524.313
44.749     541.08
45.145     539.784
45.39     545.535
47.509     542.943
47.284     544.806
47.387     550.476
47.101     561.411
47.608     558.981
47.786     571.941
47.767     573.48
48.592     573.804
49.394     580.932
48.649     584.577
49.503     595.998
50.391     595.188
51.661     598.104
51.421     601.911
52.275     600.696
51.433     617.463
50.969     619.65
53.428     619.569
53.627     621.918
54.168     621.189
55.636     627.588
55.244     629.208
55.532     639.09
55.124     645.813
55.13     646.704
55.835     657.396
55.845     657.558
57.376     659.745
57.544     665.091
57.533     666.387
57.811     672.948
57.354     682.182
59.718     677.889
60.177     683.073
59.091     689.553
60.028     691.659
60.336     698.625
59.876     700.974
60.936     710.208
61.637     707.859
61.462     714.501
61.984     721.791
61.123     730.701
61.227     739.449
61.905     737.586
62.826     737.586
62.869     749.007
61.833     754.11
63.32     759.942
64.571     756.135
64.734     758.322
65.173     769.5
64.542     772.497
65.355     780.354
64.468     788.373
65.131     787.239
66.416     794.529
65.12     803.277
66.315     806.355
68.16     801.657
68.239     802.791
67.796     819.72
68.337     817.857
69.907     818.829
68.504     831.951
68.964     830.412
70.346     838.431
69.95     840.699
69.749     849.366
70.975     850.581
70.757     853.092
70.309     870.021
69.56     874.476
69.991     878.769
71.124     882.9
70.887     883.872
71.451     895.293
71.818     894.645
70.927     904.365
73.958     900.396
73.386     903.312
73.541     916.434
73.938     916.11
73.285     923.4
75.364     922.509
77.067     919.836
75.992     937.98
75.658     939.519
76.86     946.566
77.038     948.915
76.675     953.127
77.845     956.934
78.107     959.445
78.956     956.934
80.066     965.682
80.58     965.034
81.341     970.623
80.58     979.695
80.61     989.496
80.834     994.113
81.26     992.088
80.352     1006.263
81.145     1008.855
80.687     1012.095
82.112     1019.79
81.91     1021.167
83.679     1020.114
83.61     1028.619
83.456     1029.915
84.589     1039.311
85.011     1038.015
85.287     1042.956
85.243     1051.704
85.818     1050.408
86.007     1054.782
85.532     1067.499
85.462     1067.904
87.185     1073.979
87.479     1074.141
88.964     1070.901
89.801     1076.247
90.335     1075.761
90.979     1085.967
91.389     1087.02
90.954     1092.042
90.483     1104.03
90.496     1107.756
90.16     1111.806
91.425     1118.934
91.893     1116.909
93.993     1118.124
93.619     1124.442
93.836     1125.252
94.948     1129.221
93.978     1138.941
94.843     1145.016
94.246     1153.845
93.171     1160.244
93.57     1166.886
94.442     1169.316
95.669     1171.503
96.237     1175.877
95.695     1179.927
95.679     1187.379
97.034     1188.999
96.844     1190.295
97.754     1200.825
97.429     1203.822
97.56     1209.249
98.249     1215.648
99.021     1211.841
99.48     1224.234
99.11     1227.717
99.777     1229.175
100.173     1238.328
99.951     1239.543
101.494     1245.861
101.59     1247.643
101.9     1249.911
102.412     1260.198
103.52     1257.606
103.695     1269.999
102.598     1275.669
103.987     1281.096
103.902     1285.47
103.346     1290.33
103.651     1303.047
104.72     1297.701
105.658     1303.938
105.782     1308.636
106.929     1304.505
107.661     1316.007
107.504     1316.979
107.535     1326.537
108.401     1329.21
108.176     1331.073
108.667     1343.304
107.812     1347.921
109.119     1349.865
109.24     1357.236
109.566     1356.264
111.287     1362.663
112.695     1356.993
113.023     1361.934
112.801     1372.707
112.826     1372.869
113.948     1382.184
113.083     1387.773
112.769     1393.686
113.776     1400.895
114.405     1401.381
114.527     1410.777
114.739     1412.478
115.636     1411.101
115.912     1423.251
116.775     1421.307
115.817     1435.968
116.784     1435.32
116.644     1438.074
116.883     1451.358
117.889     1448.118
118.3     1455.408
118.17     1461.402
117.438     1475.091
118.466     1475.82
119.208     1473.876
120.196     1483.758
119.971     1485.54
120.249     1493.073
121.178     1495.665
119.757     1504.089
122.092     1507.815
122.507     1506.924
122.363     1514.7
121.894     1526.283
122.238     1524.825
122.449     1530.09
122.376     1540.458
122.002     1542.564
123.265     1551.231
124.249     1548.153
123.925     1554.957
125.012     1560.87
124.693     1562.409
125.469     1572.534
126.484     1569.78
126.695     1572.696
127.56     1580.796
126.739     1585.008
126.855     1597.563
127.268     1599.183
126.774     1604.286
126.709     1618.38
126.503     1619.676
129.76     1619.919
129.523     1621.134
131.163     1622.754
128.893     1640.736
129.342     1639.359
130.245     1650.456
130.09     1651.995
131.634     1651.752
133.244     1652.886
133.418     1659.123
133.764     1665.765
133.825     1666.332
135.809     1663.254
135.081     1677.186
135.063     1677.672
134.463     1695.492
135.195     1693.467
136.495     1692.414
137.053     1700.838
135.897     1706.67
136.446     1718.01
136.822     1718.577
138.562     1713.96
139.099     1721.25
137.948     1730.322
139.092     1737.531
138.686     1742.796
137.154     1753.326
137.544     1761.75
139.299     1757.133
139.227     1759.887
140.217     1769.364
140.584     1767.501
141.468     1773.981
142.44     1774.467
143.214     1772.361
142.735     1783.782
142.579     1790.91
143.331     1797.39
144.14     1799.82
143.803     1802.979
144.723     1813.833
145.092     1812.618
146.053     1816.263
145.637     1825.821
145.722     1826.631
145.617     1834.083
147.559     1834.164
146.641     1838.781
148.754     1843.56
148.136     1848.339
148.623     1851.903
150.161     1854.981
149.581     1858.383
150.144     1869.885
150.459     1870.209
150.477     1874.988
152.297     1878.39
152.61     1876.851
152.329     1892.16
151.722     1897.668
150.78     1905.93
151.682     1915.164
152.103     1912.977
152.762     1922.292
153.743     1921.968
154.373     1920.267
156.058     1926.585
155.748     1928.529
155.416     1940.112
156.755     1939.788
155.089     1949.832
158.076     1950.399
157.949     1951.614
158.832     1963.521
158.773     1964.736
160.215     1964.979
159.864     1975.104
158.515     1983.69
159.523     1993.734
158.582     1999.89
160.363     1997.379
161.192     2002.239
159.272     2013.417
160.105     2014.389
161.377     2020.059
161.705     2018.682
162.211     2030.103
162.532     2031.156
163.414     2030.67
164.812     2036.502
164.69     2040.714
165.401     2047.032
164.281     2056.347
163.444     2063.556
164.227     2073.438
163.874     2075.544
164.754     2083.725
165.773     2083.158
167.188     2087.613
166.822     2094.579
168.18     2089.395
170.331     2094.012
168.774     2102.274
167.97     2116.611
168.923     2118.798
168.593     2121.552
168.946     2135.16
169.294     2134.026
169.423     2141.964
170.124     2147.067
170.439     2146.095
169.917     2164.158
169.258     2168.532
170.145     2171.367
170.751     2178.495
170.36     2180.844
171.455     2190.483
172.026     2188.944
173.514     2187.243
173.648     2196.153
173.552     2198.583
173.589     2213.244
173.769     2215.107
173.613     2219.967
174.642     2224.908
176.124     2220.21
176.267     2223.126
176.013     2238.192
176.515     2238.759
178.311     2243.862
178.499     2243.214
179.099     2252.691
178.515     2259.981
177.19     2269.215
180.086     2269.134
180.769     2266.299
180.673     2278.125
179.004     2292.705
179.513     2300.562
180.916     2299.914
182.199     2295.135
182.998     2299.59
183.12     2306.799
182.089     2320.164
182.828     2325.186
182.731     2326.644
185.045     2332.314
185.189     2331.99
186.218     2342.034
185.725     2345.922
186.147     2350.053
186.441     2359.53
186.805     2363.742
187.286     2372.814
187.927     2369.898
188.739     2380.266
188.513     2384.316
189.102     2385.45
189.306     2397.438
189.618     2396.061
190.256     2406.348
190.479     2409.102
191.953     2404.971
192.168     2417.85
191.549     2421.495
193.008     2426.598
192.921     2431.458
193.009     2433.888
195.152     2432.835
195.472     2436.237
196.894     2440.368
196.818     2447.091
196.696     2449.278
195.425     2470.743
195.352     2471.796
195.351     2481.354
195.083     2490.831
194.699     2493.909
196.913     2498.688
196.004     2504.601
197.829     2502.9
197.755     2512.296
198.738     2514.888
198.908     2523.96
198.723     2525.175
199.301     2538.054
198.565     2543.157
199.91     2542.59
199.822     2552.877
199.417     2556.927
199.838     2560.167
201.286     2565.351
200.425     2574.342
201.698     2577.744
202.524     2576.853
204.658     2579.688
205.212     2580.498
203.433     2593.053
203.421     2606.985
203.332     2607.957
204.608     2613.87
203.708     2623.347
202.643     2630.88
205.677     2630.637
205.961     2631.771
207.015     2635.74
207.547     2638.899
206.979     2652.507
207.346     2657.043
208.961     2650.968
207.884     2671.542
207.744     2673.324
207.183     2685.393
209.19     2684.097
210.022     2681.019
210.982     2692.116
209.549     2700.864
210.605     2710.746
210.454     2713.5
211.74     2722.734
211.109     2727.837
212.613     2726.055
213.83     2731.239
212.684     2737.233
213.526     2747.844
214.261     2747.196
214.777     2758.779
214.514     2762.829
215.038     2764.368
216.049     2769.714
215.841     2774.493
217.021     2782.674
215.111     2796.201
215.427     2797.173
216.484     2805.921
217.651     2803.005
218.103     2810.619
218.495     2814.345
218.712     2815.155
218.77     2829.978
217.869     2836.458
220.137     2840.832
219.788     2843.262
219.984     2850.309
220.326     2857.761
219.572     2862.297
221.81     2867.481
221.083     2872.746
222.064     2874.528
224.041     2875.014
223.344     2884.977
223.397     2894.292
223.532     2895.669
223.98     2908.305
224.193     2910.006
224.641     2913.003
225.677     2920.698
225.806     2920.131
227.582     2925.072
226.68     2933.739
227.094     2935.197
228.718     2940.948
228.093     2947.104
229.266     2951.559
229.559     2955.042
231.403     2957.958
230.696     2966.625
229.955     2972.7
230.712     2984.526
230.073     2988.009
230.12     2998.701
229.799     3007.125
229.187     3011.418
232.415     3011.418
232.949     3010.932
232.971     3019.113
233.674     3023.811
234.313     3021.381
236.748     3025.026
235.209     3034.827
236.285     3045.114
237.121     3042.036
237.372     3047.787
238.708     3052.242
238.749     3052.404
238.821     3067.551
238.334     3072.249
237.476     3081.726
239.095     3086.343
240.904     3092.094
241.299     3093.066
240.257     3102.462
240.167     3113.154
241.902     3108.456
242.457     3119.553
242.523     3123.198
242.868     3124.737
244.651     3130.407
244.153     3136.32
244.605     3143.853
244.232     3151.062
244.253     3153.006
244.138     3168.72
244.973     3167.019
246.325     3175.686
246.382     3175.848
246.912     3183.543
245.96     3196.017
246.112     3196.179
247.293     3206.304
247.791     3204.765
248.475     3210.111
248.502     3219.507
248.287     3221.37
249.113     3232.953
249.527     3232.386
249.983     3237.084
250.563     3245.265
250.485     3246.075
250.849     3259.602
250.282     3264.624
251.178     3265.515
252.491     3271.428
253.028     3269.241
253.045     3283.74
253.348     3285.279
253.639     3288.276
254.643     3296.943
254.55     3297.591
254.813     3310.308
254.945     3313.467
255.018     3316.707
255.43     3329.1
256.193     3325.941
256.227     3338.172
256.463     3342.465
256.427     3344.571
256.693     3358.665
257.473     3355.263
258.603     3360.933
257.916     3371.058
258.555     3369.519
259.609     3379.887
259.05     3383.208
259.616     3390.174
260.731     3392.361
261.467     3390.579
261.935     3395.925
261.125     3409.371
261.538     3414.231
262.244     3420.387
262.706     3420.792
262.727     3426.057
263.506     3434.562
263.364     3435.534
263.758     3448.251
263.789     3451.491
265.682     3456.351
266.059     3457.647
263.409     3474.981
265.058     3476.844
266.292     3475.386
268.353     3478.14
269.091     3479.031
269.969     3477.168
269.97     3492.639
269.67     3494.826
270.018     3505.194
269.709     3513.294
270.412     3511.593
271.358     3522.528
270.762     3525.849
270.094     3539.538
270.561     3545.046
270.257     3547.962
272.966     3550.554
273.355     3549.663
273.645     3556.872
273.242     3566.916
273.657     3567.078
274.818     3577.041
275.342     3576.555
275.377     3582.225
276.633     3587.976
276.543     3589.029
277.721     3597.696
277.417     3602.799
277.527     3607.092
277.601     3619.728
278.139     3621.672
279.101     3627.099
279.806     3627.18
279.754     3641.841
280.306     3643.137
279.736     3649.698
279.597     3660.714
280.492     3660.552
280.658     3672.702
281.409     3674.079
281.605     3676.023
281.44     3692.223
281.162     3694.086
282.274     3700.08
282.829     3704.049
282.833     3714.66
283.463     3718.305
284.921     3713.04
285.254     3720.087
284.79     3730.779
285.949     3733.857
286.356     3739.932
285.991     3744.468
286.659     3757.185
286.501     3759.291
286.947     3764.799
287.375     3771.846
287.953     3771.198
289.54     3779.055
289.994     3778.812
289.359     3787.965
291.455     3789.909
291.025     3792.825
291.51     3805.299
291.758     3807.324
291.236     3813.723
291.649     3825.792
291.771     3825.711
291.187     3842.478
292.276     3841.668
293.82     3847.662
293.754     3852.441
293.003     3858.354
294.776     3859.731
296.316     3858.111
295.612     3873.582
296.52     3875.202
298.213     3877.794
296.85     3892.293
296.568     3895.047
298.707     3899.988
297.913     3906.144
299.894     3904.929
298.929     3918.78
298.27     3923.154
300.625     3927.123
300.631     3929.148
300.088     3937.572
300.497     3947.535
300.239     3949.479
301.471     3958.956
301.096     3963.573
301.567     3966.246
301.586     3979.287
301.679     3983.823
302.268     3991.275
301.796     3997.188
301.88     4000.509
304.641     4001.157
303.894     4008.366
304.532     4015.575
305.657     4014.846
305.909     4026.429
306.357     4029.588
306.996     4029.102
307.336     4037.04
307.178     4044.33
306.406     4059.801
306.532     4065.147
308.302     4058.667
309.158     4063.365
309.407     4070.331
309.286     4072.356
310.803     4080.699
310.446     4084.749
310.694     4091.958
311.1     4099.248
311.253     4099.167
311.531     4114.152
310.746     4120.551
311.197     4125.168
313.416     4124.682
313.098     4127.112
312.348     4146.633
312.542     4147.848
312.753     4152.951
314.187     4155.786
314.392     4157.973
315.416     4168.017
316.211     4166.964
315.137     4177.332
315.526     4189.158
316.452     4184.946
316.079     4200.66
316.4     4202.766
317.418     4201.47
317.816     4214.349
318.067     4213.782
318.535     4224.393
319.124     4226.58
318.294     4233.708
318.75     4247.64
318.964     4246.992
319.852     4253.796
320.974     4255.74
320.55     4259.466
321.789     4269.672
321.648     4272.507
321.675     4280.769
322.413     4286.925
324.846     4282.632
324.138     4295.835
324.057     4304.664
324.112     4313.574
324.402     4314.546
325.881     4313.574
325.935     4324.914
327.591     4323.294
327.186     4334.877
325.34     4347.108
327.848     4349.943
327.633     4353.831
328.652     4354.317
328.64     4367.358
328.28     4369.707
331.301     4369.059
330.092     4379.103
332.324     4382.424
332.407     4385.826
332.309     4389.633
333.2     4395.627
332.147     4406.157
334.564     4407.129
333.112     4419.522
332.073     4427.217
333.574     4435.56
333.991     4434.426
333.283     4449.573
332.501     4459.698
333.204     4458.969
334.39     4469.337
334.369     4470.39
335.226     4475.817
337.707     4472.415
337.314     4475.331
338.676     4485.051
338.465     4487.319
336.963     4503.276
338.388     4506.759
337.274     4520.124
337.63     4527.819
337.109     4533.165
338.185     4543.29
338.556     4543.857
337.832     4553.739
340.495     4553.01
340.184     4555.116
340.712     4567.428
341.816     4565.646
341.48     4571.883
342.46     4581.117
341.238     4591.89
341.217     4602.339
342.636     4599.747
343.363     4599.585
344.111     4610.115
343.859     4612.059
344.38     4622.589
345.685     4621.698
345.294     4626.153
347.383     4631.661
347.044     4634.172
346.726     4647.294
348.46     4645.836
348.241     4648.59
349.315     4659.039
349.242     4662.117
350.072     4666.653
350.883     4670.946
350.531     4673.862
351.512     4685.121
351.239     4689.252
353.219     4695.489
353.116     4699.134
354.349     4709.421
352.429     4720.761
353.631     4721.49
354.569     4726.593
354.202     4731.615
355.087     4743.036
353.86     4751.541
355.696     4747.653
356.357     4754.295
356.51     4757.454
357.293     4757.778
357.566     4770.495
357.675     4770.819
359.261     4776.975
358.553     4784.913
358.653     4787.991
359.15     4800.222
359.623     4801.437
360.587     4806.621
359.171     4819.257
361.374     4820.877
360.706     4830.192
360.821     4832.541
361.418     4839.507
360.953     4848.255
362.011     4854.492
362.03     4862.349
361.763     4865.103
362.106     4879.764
362.505     4878.954
363.838     4881.951
363.812     4891.428
363.995     4891.671
364.285     4906.251
364.078     4908.681
366.212     4906.17
366.153     4915.971
365.707     4920.912
364.546     4933.062
365.743     4938.894
366.879     4939.299
366.798     4952.178
366.005     4957.2
367.482     4964.976
368.363     4963.518
367.547     4973.076
368.254     4980.042
367.284     4988.79
369.667     4991.382
370.117     4992.921
369.805     4998.429
371.003     5003.127
370.492     5010.498
370.224     5025.24
371.398     5024.268
370.284     5033.178
373.028     5035.122
372.451     5038.929
373.333     5046.705
374.302     5047.839
374.19     5051.322
375.613     5060.475
376.417     5057.559
374.149     5079.429
375.179     5083.074
375.195     5083.965
376.273     5094.738
376.486     5096.439
377.209     5099.274
377.966     5106.888
377.638     5109.318
380.243     5114.826
381.018     5116.608
381.72     5123.655
380.784     5131.836
383.138     5134.914
382.403     5141.961
382.293     5147.064
381.916     5163.507
382.381     5162.049
383.005     5173.065
384.051     5172.417
384.711     5172.093
384.01     5191.209
384.371     5190.48
387.088     5189.508
385.656     5203.035
385.04     5208.381
385.491     5222.475
385.272     5226.12
386.114     5231.628
386.981     5235.03
388.275     5230.008
389.397     5240.457
389.486     5242.644
389.553     5250.339
389.44     5260.221
391.262     5260.221
390.439     5273.181
390.577     5275.044
391.901     5275.611
391.993     5285.736
393.308     5287.032
393.652     5295.132
393.402     5299.83
393.828     5313.6
393.48     5317.812
394.199     5320.404
394.649     5328.342
394.373     5332.959
395.861     5340.816
396     5343.489
395.904     5348.997
397.226     5353.128
396.246     5362.767
397.197     5372.568
397.014     5377.671
399.002     5371.677
399.021     5386.824
398.314     5391.36
399.172     5399.946
399.046     5406.102
399.852     5404.887
400.298     5418.981
399.83     5422.059
400.879     5428.134
400.79     5436.477
401.154     5436.315
403.814     5439.231
402.698     5447.655
402.142     5458.671
404.341     5457.051
402.804     5473.737
403.802     5477.382
404.351     5477.139
404.878     5482.242
406.578     5484.51
405.266     5498.442
406.948     5499.9
406.578     5504.517
408.014     5513.103
408.574     5512.86
407.711     5523.228
409.628     5527.278
409.518     5532.543
410.359     5542.263
410.808     5545.098
411.312     5552.874
410.056     5563.809
410.851     5574.339
410.884     5578.389
411.185     5580.333
412.708     5588.433
411.667     5594.427
412.658     5602.689
413.914     5603.013
414.488     5601.96
414.66     5617.107
415.833     5614.11
415.764     5623.83
415.406     5633.145
416.301     5639.625
416.036     5648.373
416.018     5650.965
417.032     5654.529
416.633     5665.869
417.984     5668.299
418.826     5672.592
418.932     5674.698
420.752     5682.231
420.215     5686.443
420.446     5692.923
420.485     5704.182
420.409     5705.64
420.673     5720.301
421.185     5720.058
422.702     5718.843
422.153     5734.962
421.453     5739.012
422.701     5747.436
422.329     5753.43
422.588     5756.346
422.846     5770.035
423.282     5772.384
423.424     5785.992
423.263     5787.612
426.815     5783.805
426.596     5789.799
427.485     5788.908
428.183     5795.712
427.585     5804.703
429.596     5806.89
428.226     5820.822
429.336     5817.744
429.681     5832
430.172     5830.542
430.133     5841.639
430.068     5850.306
429.6     5854.518
431.178     5863.104
431.235     5865.453
431.875     5870.232
432.184     5878.818
431.913     5881.41
433.731     5888.538
433.761     5890.887
434.693     5892.993
434.471     5905.872
434.623     5911.299
434.277     5923.53
433.576     5930.172
432.834     5939.568
434.825     5942.403
434.434     5950.098
436.01     5952.933
436.092     5960.709
435.945     5975.451
435.969     5975.856
437.737     5981.364
437.112     5989.464
436.965     5993.676
438.209     6002.748
437.894     6007.851
439.445     6010.443
440.608     6010.605
440.288     6014.412
442.243     6021.459
442.277     6024.213
441.467     6037.659
442.168     6041.79
443.812     6035.229
444.083     6050.619
443.233     6057.342
445.058     6065.037
445.798     6062.364
445.073     6075.729
443.876     6089.742
445.788     6082.371
447.888     6088.689
447.907     6090.309
448.964     6092.658
448.876     6104.889
447.721     6111.693
449.652     6118.092
449.582     6121.737
449.046     6129.918
450.503     6135.507
450.299     6142.473
451.106     6148.548
450.905     6154.056
450.516     6160.212
450.848     6172.767
450.825     6177.303
451.426     6184.512
451.469     6189.696
452.721     6197.229
452.493     6203.871
452.398     6207.192
453.402     6217.884
453.568     6217.479
454.274     6226.875
456.415     6222.906
455.885     6227.847
456.279     6241.779
455.93     6246.234
455.561     6257.817
456.227     6262.677
456.43     6263.082
458.38     6270.048
458.168     6273.45
458.396     6280.497
458.929     6287.706
458.777     6298.074
459.272     6304.392
460.08     6302.934
459.866     6310.953
461.04     6316.137
460.813     6324.723
461.686     6330.15
462.967     6326.667
463.458     6340.113
464.001     6339.951
463.67     6347.322
464.071     6358.581
463.97     6359.958
465.329     6368.22
465.322     6371.784
466.066     6383.043
465.307     6391.629
466.608     6388.308
465.659     6408.477
468.366     6399
469.404     6404.103
467.585     6419.331
468.306     6418.197
467.944     6435.936
468.753     6435.207
468.602     6445.494
469.174     6450.03
470.066     6447.438
470.697     6460.317
470.612     6463.557
469.751     6476.841
469.754     6485.589
469.638     6496.119
469.886     6504.462
470.327     6503.733
470.542     6519.69
471.523     6516.207
471.107     6526.737
471.834     6534.027
471.711     6535.404
473.165     6544.8
472.69     6550.308
471.635     6561.243
473.373     6565.374
473.772     6564.402
474.931     6573.798
473.59     6584.085
473.844     6587.892
475.362     6593.886
475.521     6597.855
476.655     6602.715
476.006     6610.41
475.748     6615.756
475.982     6628.959
477.597     6625.071
477.489     6636.087
476.894     6644.592
477.683     6654.231
478.054     6657.795
478.092     6660.792
478.572     6667.92
480.16     6667.353
480.355     6677.883
481.703     6677.883
481.462     6681.69
482.727     6692.058
483.914     6687.279
482.555     6704.208
483.34     6709.473
483.306     6710.931
483.929     6724.377
485.302     6720.408
485.194     6728.265
485.635     6737.013
485.4     6746.004
485.411     6755.4
485.802     6756.21
486.592     6758.235
487.591     6765.849
487.861     6770.871
487.68     6781.806
486.668     6790.473
488.972     6794.037
489.868     6792.741
489.264     6800.922
489.837     6808.536
490.449     6810.237
492.422     6818.985
491.893     6825.87
493.178     6830.001
491.397     6844.905
491.853     6845.391
493.415     6853.167
493.545     6855.597
495.252     6857.379
493.981     6870.501
495.227     6875.118
494.717     6884.352
493.968     6891.075
495.578     6899.58
494.703     6905.088
496.12     6908.166
497.223     6911.811
497.069     6914.16
498.615     6922.989
498.751     6925.338
498.826     6932.466
498.563     6943.968
498.238     6946.722
500.785     6950.205
501.044     6952.149
499.754     6974.262
499.499     6977.907
499.597     6984.468
501.107     6986.898
500.245     6995.079
500.523     7009.011
501.378     7007.472
500.051     7019.055
500.906     7029.18
501.82     7025.373
503.136     7032.906
504.404     7031.853
504.634     7034.283
505.476     7044.975
505.381     7046.028
504.843     7062.066
505.771     7062.876
503.199     7079.157
505.79     7082.154
505.294     7085.637
505.271     7097.625
506.236     7099.326
506.716     7099.164
507.278     7105.725
508.273     7108.884
507.966     7120.791
507.916     7128.729
508.149     7130.511
508.848     7135.128
509.756     7139.826
509.344     7143.309
509.821     7157.322
509.473     7161.615
509.577     7168.176
511.177     7171.497
510.751     7180.893
513.086     7179.273
512.694     7184.052
513.844     7194.177
513.117     7200.576
513.671     7203.492
514.121     7214.589
515.165     7209.972
515.536     7223.175
515.633     7225.929
515.824     7229.898
515.694     7245.369
515.188     7248.69
515.437     7260.921
515.997     7266.834
516.778     7278.174
516.929     7278.417
517.583     7287.732
517.613     7294.374
518.692     7291.296
519.603     7302.717
519.223     7307.253
519.354     7315.677
520.342     7319.16
521.068     7325.64
520.792     7334.469
520.336     7339.491
521.156     7352.208
520.073     7359.255
521.536     7360.47
521.966     7367.193
521.602     7371.486
523.403     7378.938
522.196     7387.605
523.277     7388.334
523.091     7401.294
523.998     7402.995
524.784     7409.07
524.101     7416.117
526.258     7420.653
525.349     7427.781
526.336     7428.267
525.925     7444.143
524.733     7450.947
527.132     7453.377
527.031     7457.67
527.297     7460.424
528.348     7470.306
528.762     7471.602
528.013     7485.534
528.616     7488.207
527.357     7496.874
529.12     7503.354
529.062     7506.432
530.33     7509.834
530.444     7516.476
531.408     7522.632
531.56     7529.193
530.744     7535.511
531.756     7546.851
532.135     7545.798
531.147     7560.216
532.725     7560.378
531.418     7569.207
532.29     7581.033
531.942     7585.326
531.437     7594.722
533.644     7594.56
531.927     7610.436
533.404     7613.028
533.632     7614.972
534.08     7628.418
536.295     7620.48
535.231     7630.929
535.667     7641.702
536.011     7640.406
536.446     7653.447
536.7     7656.201
536.446     7672.239
536.06     7677.828
535.603     7683.984
537.859     7687.629
538.444     7685.523
538.964     7696.215
539.694     7697.754
538.465     7717.194
539.106     7720.515
541.063     7722.864
540.777     7730.721
540.659     7734.204
541.404     7746.435
540.539     7752.024
541.777     7755.912
541.853     7764.012
542.424     7762.392
543.602     7773.327
541.477     7786.53
542.032     7791.39
542.877     7798.113
542.485     7808.157
543.372     7813.017
544.663     7809.534
545.234     7822.737
545.163     7825.41
546.587     7824.843
546.251     7838.451
546.601     7837.803
547.505     7849.791
545.852     7861.374
546.989     7860.402
547.889     7869.879
548.33     7872.147
548.479     7882.353
548.722     7885.35
549.998     7893.45
550.067     7897.5
550.521     7899.363
549.425     7919.694
548.669     7924.473
550.069     7930.953
549.614     7939.701
549.466     7943.022
550.333     7954.848
551.291     7952.823
552.127     7958.412
551.918     7967.565
552.21     7976.475
551.679     7987.896
551.18     7991.865
551.18     7991.865
551.562     7990.164
550.202     7990.569
549.941     7981.74
550.599     7978.581
549.733     7968.618
548.94     7971.291
549.212     7965.297
549.063     7955.172
548.31     7955.172
548.008     7947.072
548.633     7942.131
547.858     7932.897
546.469     7936.947
544.909     7942.536
544.559     7934.598
545.17     7928.118
543.741     7923.258
543.49     7920.828
541.927     7918.722
543.649     7904.952
543.137     7906.248
540.765     7903.656
540.94     7902.279
539.566     7901.307
540.761     7888.59
540.943     7886.889
539.949     7877.25
539.446     7878.951
538.644     7876.035
539.282     7864.29
540.687     7850.682
540     7845.903
538.871     7850.763
538.793     7836.831
538.583     7836.669
539.501     7826.868
538.318     7822.332
536.833     7829.703
537.369     7813.098
537.206     7812.045
537.91     7804.917
537.065     7797.06
537.161     7796.817
537.141     7783.938
535.361     7790.256
535.009     7789.122
534.66     7777.782
534.956     7774.38
533.542     7771.869
533.072     7770.087
532.914     7769.034
533.326     7752.996
532.876     7753.401
533.51     7741.494
533.213     7737.687
532.507     7731.369
531.937     7728.453
531.517     7729.344
531.662     7720.434
531.664     7713.63
531.836     7704.396
531.321     7700.103
529.317     7709.094
529.831     7691.76
530.222     7689.33
530.257     7682.364
529.324     7678.233
528.601     7681.878
528.265     7668.918
529.615     7661.061
528.629     7660.413
527.921     7653.447
528.195     7647.21
527.53     7641.135
525.994     7647.129
526.567     7630.605
527.044     7625.745
526.373     7626.15
524.804     7621.938
524.806     7621.614
524.964     7607.844
524.655     7606.386
525.749     7598.205
524.031     7593.426
523.431     7596.504
522.762     7588.161
521.876     7588.323
521.876     7586.379
522.36     7569.531
522.571     7567.263
520.463     7563.537
521.195     7558.191
519.263     7559.163
520.883     7544.826
519.265     7544.097
519.18     7537.86
519.018     7537.698
519.035     7522.632
519.33     7520.526
518.183     7519.311
518.427     7509.51
516.214     7514.046
515.723     7507.971
516.991     7499.79
515.573     7501.167
515.915     7489.584
515.263     7492.5
512.664     7491.123
514.468     7480.026
515.504     7470.792
514.387     7464.636
514.14     7462.287
512.494     7460.991
512.255     7459.29
510.971     7453.863
510.999     7449.246
512.134     7442.442
512.193     7432.641
512.086     7427.7
510.091     7427.7
509.828     7423.326
510.78     7417.251
509.549     7408.746
509.48     7408.746
510.053     7397.325
508.94     7395.705
508.994     7394.409
507.776     7385.175
507.354     7386.39
506.864     7382.34
505.968     7378.371
506.589     7374.159
506.153     7361.199
505.78     7362.09
505.544     7356.744
504.519     7353.261
504.552     7351.884
504.035     7340.463
503.78     7339.896
503.633     7335.603
503.691     7326.126
502.354     7330.257
502.302     7317.54
501.982     7316.244
501.207     7316.406
501.521     7302.15
502.433     7297.533
501.668     7288.542
500.731     7289.433
501.525     7283.358
499.388     7280.037
499.01     7281.981
499.522     7268.13
498.117     7269.993
498.396     7266.834
497.9     7254.441
497.274     7257.438
498.324     7242.21
497.999     7237.836
498.776     7232.976
496.956     7227.306
496.843     7226.739
495.297     7218.963
496.263     7213.293
494.63     7214.589
495.091     7203.411
494.284     7206.732
492.118     7203.006
493.007     7196.931
491.708     7197.579
493.277     7179.678
492.607     7177.896
491.771     7172.388
491.721     7170.849
490.073     7164.531
490.527     7160.076
489.258     7164.288
490.419     7144.848
490.904     7142.499
489.188     7139.34
490.908     7126.056
490.656     7125.732
489.847     7114.959
489.859     7114.716
488.007     7113.42
487.794     7108.479
487.847     7107.426
486.792     7097.22
486.696     7096.41
485.57     7094.304
486.287     7082.397
485.656     7078.023
485.787     7069.761
484.941     7072.677
483.662     7072.596
482.631     7068.06
483.735     7056.801
482.183     7055.505
481.877     7054.695
481.763     7049.997
481.165     7042.302
482.196     7031.853
481.343     7026.669
482.579     7018.488
481.145     7011.441
481.569     7006.743
480.899     7006.014
480.441     6998.562
480.288     6996.456
479.348     6988.761
478.875     6987.384
479.347     6982.524
478.452     6977.34
478.566     6972.48
478.404     6971.103
476.454     6966.162
476.961     6961.707
477.035     6952.23
476.406     6949.557
476.707     6937.65
474.744     6941.7
474.527     6941.052
474.662     6925.5
475.459     6920.883
475.356     6913.026
474.699     6908.652
474.155     6910.029
474.061     6895.125
474.033     6894.396
473.442     6890.508
471.411     6892.29
471.443     6890.184
471.136     6876.738
471.517     6873.174
469.912     6866.694
470.306     6862.806
469.796     6860.457
469.943     6847.902
469.25     6847.578
469.883     6831.54
469.565     6832.998
467.254     6830.892
467.03     6829.191
466.409     6829.272
465.988     6817.527
466.506     6815.016
465.196     6809.67
465.564     6803.433
465.555     6801.003
466.44     6781.887
465.653     6785.532
464.537     6780.267
464.291     6775.731
464.191     6774.759
464.451     6758.478
463.967     6759.612
462.692     6757.587
463.464     6746.49
461.82     6745.518
461.593     6739.443
462.57     6733.611
460.442     6728.508
459.852     6730.695
459.657     6724.377
460.698     6709.878
460.662     6709.797
458.862     6703.317
460.058     6695.865
459.205     6694.65
457.982     6689.79
458.538     6681.771
456.686     6681.528
458.116     6671.484
456.85     6673.914
457.237     6659.82
456.085     6661.683
455.763     6653.34
456.476     6646.617
455.239     6639.246
454.773     6637.626
454.55     6636.006
452.477     6632.442
452.738     6630.741
453.675     6614.055
452.38     6615.999
451.64     6617.7
450.523     6608.304
453.161     6593.643
453.115     6584.976
452.704     6580.683
452.971     6569.505
451.82     6569.019
451.077     6571.287
448.917     6566.346
448.888     6565.86
450.262     6551.037
447.49     6555.897
447.952     6552.819
446.435     6545.772
446.939     6541.722
446.987     6535.242
446.116     6529.41
446.339     6528.033
446.069     6514.587
445.09     6516.774
443.706     6506.973
443.308     6508.755
442.496     6498.468
443.745     6489.801
442.905     6490.287
442.071     6481.296
443.456     6473.925
442.643     6464.853
442.412     6462.504
441.673     6463.071
441.138     6451.974
441.2     6451.326
441.363     6438.69
440.751     6436.746
440.957     6433.587
438.803     6429.456
439.55     6425.244
438.568     6419.574
439.107     6410.745
440.01     6404.913
438.313     6397.947
438.629     6395.76
436.728     6396.813
436.913     6388.389
437.938     6381.261
436.569     6372.918
436.028     6374.7
435.619     6369.111
435.203     6362.874
435.606     6359.148
435.316     6345.54
435.47     6343.191
434.489     6342.381
434.496     6331.446
434.121     6327.558
433.485     6320.916
433.152     6320.268
432.016     6311.52
431.883     6309.738
430.987     6309.819
430.731     6301.071
430.697     6298.398
428.382     6296.049
428.885     6290.136
429.25     6285.6
429.175     6272.235
429.062     6272.64
428.192     6264.459
427.312     6263.487
427.436     6260.976
427.436     6246.153
427.325     6246.234
426.455     6240.078
426.097     6235.866
425.982     6234.813
424.124     6228.333
424.846     6223.878
425.848     6209.946
426.02     6201.846
425.337     6203.709
424.331     6193.179
424.22     6192.207
424.191     6185.403
423.37     6180.057
424.43     6174.387
423.695     6162.561
424.354     6158.106
423.677     6155.595
422.68     6148.629
423.258     6140.448
421.973     6137.37
422.529     6132.348
420.248     6129.432
419.184     6131.7
419.698     6115.338
419.616     6112.665
418.733     6113.556
419.599     6096.06
419.261     6097.275
417.25     6094.197
417.368     6089.58
418.484     6081.156
417.242     6072.651
416.932     6073.623
415.712     6067.872
416.433     6058.638
414.881     6064.713
413.714     6055.884
413.916     6054.426
412.924     6048.594
412.742     6042.762
412.236     6043.977
412.359     6027.858
413.178     6022.998
412.785     6016.275
412.618     6008.661
412.572     6008.418
410.129     6005.178
410.083     6003.963
409.453     6000.399
410.39     5985.576
410.513     5984.199
409.722     5972.94
409.588     5971.239
408.649     5970.51
409.481     5954.796
410.153     5950.989
408.785     5943.456
408.347     5942.484
408.061     5939.73
406.792     5933.331
406.627     5933.817
405.912     5924.016
405.96     5919.804
404.696     5922.963
404.693     5908.788
404.598     5908.95
404.099     5899.068
404.077     5894.127
403.424     5895.099
402.463     5885.136
402.119     5886.675
402.175     5875.497
400.96     5875.254
401.045     5872.986
400.118     5862.375
399.938     5862.699
398.542     5859.702
398.865     5850.792
398.53     5851.44
398.074     5837.427
398.93     5831.595
398.569     5825.844
399.026     5814.423
396.784     5818.392
396.775     5809.806
396.267     5810.211
396.633     5802.354
395.555     5796.765
394.772     5794.497
394.464     5786.478
394.305     5784.615
393.813     5772.465
393.354     5772.546
393.064     5769.468
393.062     5759.505
391.613     5759.667
390.873     5749.785
391.753     5745.249
391.087     5735.367
389.97     5736.582
390.281     5732.289
389.447     5722.245
389.32     5720.22
387.868     5717.871
386.617     5718.519
386.481     5717.223
387.63     5695.92
386.737     5698.755
386.255     5691.87
386.583     5683.203
387.168     5678.829
386.812     5664.654
386.232     5666.031
385.506     5661.576
385.469     5653.314
384.835     5655.825
383.781     5645.538
383.845     5643.189
384.302     5633.874
383.024     5630.553
383.447     5621.805
382.393     5617.755
381.14     5621.886
381.245     5606.172
381.147     5604.633
381.834     5595.804
381.539     5587.299
380.652     5589
380.014     5577.498
379.549     5576.85
379.899     5571.018
379.244     5564.133
379.357     5560.488
377.618     5555.466
377.819     5549.958
376.959     5551.416
374.831     5547.447
375.671     5540.562
375.608     5531.085
374.659     5530.275
374.588     5528.574
374.632     5513.508
374.15     5514.156
372.692     5511.969
373.047     5502.978
373.887     5488.803
373.415     5484.105
372.783     5485.32
371.605     5482.971
371.701     5474.304
371.097     5468.715
370.205     5464.827
371.444     5457.132
369.025     5453.406
369.436     5450.166
368.904     5446.116
369.064     5436.153
368.245     5437.773
368.605     5420.601
368.581     5418.981
368.382     5414.688
367.357     5406.831
367.434     5406.264
366.065     5398.893
365.891     5396.868
365.951     5392.17
364.09     5387.553
364.151     5386.824
364.271     5369.166
364.91     5365.602
362.362     5365.521
363.161     5356.287
363.553     5351.751
361.51     5347.458
360.87     5348.106
359.295     5346.162
360.92     5331.825
358.012     5335.308
358.863     5325.021
359.73     5319.189
359.58     5311.17
359.933     5301.612
358.985     5296.59
357.694     5295.618
358.452     5290.434
356.807     5282.415
356.245     5284.197
355.489     5279.742
355.163     5273.181
356.674     5263.866
356.535     5248.395
356.554     5246.775
356.292     5241.105
355.353     5236.245
354.116     5240.376
353.223     5229.441
353.513     5225.31
352.652     5224.824
351.643     5217.048
350.803     5220.693
351.313     5204.088
350.251     5205.789
350.933     5198.904
350.477     5186.997
350.742     5185.62
350.082     5175.333
349.462     5174.037
349.654     5170.392
348.527     5160.996
348.701     5157.837
348.941     5146.74
348.997     5140.665
349.92     5134.023
348.86     5123.898
348.608     5122.683
347.443     5119.767
346.419     5117.175
347.147     5104.296
346.495     5099.922
346.249     5099.517
345.851     5085.504
345.729     5084.613
346.503     5072.949
345.499     5069.466
344.326     5073.435
343.565     5061.528
343.142     5061.771
343.272     5054.724
343.014     5044.194
343.01     5043.951
341.635     5035.77
342.092     5030.667
343.132     5020.623
341.486     5016.006
340.922     5018.355
341.156     5002.965
340.151     5003.937
341.086     4996.08
338.764     4993.812
338.379     4992.03
337.492     4986.036
336.568     4983.525
335.324     4979.637
336.389     4968.783
333.523     4971.294
334.215     4962.384
334.902     4956.552
333.85     4945.86
334.026     4944.402
331.493     4946.589
332.628     4933.305
332.784     4931.523
331.204     4923.261
331.651     4920.102
329.511     4921.803
330.782     4906.494
328.886     4907.79
328.708     4900.176
329.371     4894.911
328.052     4894.506
328.375     4882.437
327.764     4878.306
327.71     4869.234
327.56     4867.533
326.9     4855.221
326.356     4855.545
326.99     4847.85
326.071     4842.018
325.623     4841.127
325.256     4828.167
324.42     4829.058
325.066     4821.93
324.332     4815.045
324.05     4812.372
323.212     4803.138
323.782     4795.524
323.666     4793.337
323.061     4781.754
322.119     4785.885
322.485     4771.71
322.628     4765.23
322.897     4761.909
320.701     4756.806
321.107     4754.457
321.297     4742.793
319.058     4746.276
319.653     4741.983
319.382     4727.889
318.626     4729.509
318.344     4722.786
317.307     4718.493
317.76     4707.963
317.204     4702.131
316.256     4705.371
315.566     4692.735
315.553     4691.277
314.86     4687.632
312.036     4690.224
312.028     4689.738
312.064     4674.105
312.152     4671.27
313.597     4659.039
313.051     4649.238
312.282     4652.478
312.093     4638.708
311.925     4635.549
312.008     4631.58
311.024     4622.994
310.823     4623.237
309.712     4614.732
307.893     4619.592
307.534     4618.62
306.17     4610.358
306.26     4607.118
306.653     4589.541
306.632     4587.354
307.408     4568.076
307.219     4567.833
305.032     4568.319
306.153     4555.845
305.783     4554.954
304.223     4546.854
304.205     4546.368
302.937     4543.047
302.937     4534.623
302.986     4533.165
303.185     4516.56
302.02     4520.043
300.738     4519.476
300.527     4509.999
300.807     4507.812
299.496     4498.173
299.308     4496.877
298.938     4493.07
298.698     4481.973
297.159     4484.484
296.774     4476.222
297.828     4467.555
297.551     4463.991
296.939     4453.704
297.167     4448.196
295.787     4445.037
297.756     4431.429
296.191     4425.354
296.132     4421.385
295.241     4422.681
292.707     4419.846
292.434     4420.737
292.911     4406.4
293.338     4398.867
293.719     4394.25
292.554     4384.125
293.052     4381.29
294.185     4364.361
293.428     4360.959
293.679     4358.124
290.769     4356.666
292.022     4348.323
291.925     4340.385
289.785     4341.843
290.227     4338.765
289.419     4326.534
290.341     4320.216
289.95     4315.113
289.471     4306.689
288.832     4302.882
287.553     4299.723
286.951     4299.966
286.338     4297.212
284.946     4292.433
285.473     4283.928
284.521     4278.42
285.164     4272.102
286.14     4252.662
285.784     4251.285
285.645     4247.478
283.654     4243.347
283.813     4242.132
283.122     4231.764
282.788     4229.091
282.561     4227.147
280.873     4220.424
281.71     4213.134
281.366     4204.953
279.944     4206.168
278.914     4199.364
279.177     4191.102
277.718     4186.971
277.498     4181.463
278.086     4176.522
277.266     4164.615
276.935     4165.668
276.471     4158.378
275.885     4152.303
275.291     4154.328
274.858     4139.91
275.036     4136.832
273.047     4139.748
273.291     4127.922
274.025     4116.825
273.847     4108.32
274.25     4103.379
273.442     4101.921
272.726     4093.335
271.418     4093.902
271.17     4082.319
271.647     4079.727
269.682     4074.624
269.346     4073.409
269.929     4066.281
269.55     4053.564
269.704     4049.109
268.872     4042.872
269.149     4036.959
267.766     4030.317
268.147     4023.675
266.088     4031.127
265.378     4019.22
265.776     4016.628
264.524     4011.12
265.58     4000.023
266.442     3992.895
265.266     3982.77
265.606     3978.882
265.274     3971.673
265.269     3963.249
264.583     3965.517
263.31     3955.959
263.656     3952.071
262.795     3948.264
261.899     3943.242
261.239     3938.463
260.437     3933.441
263.078     3917.97
262.291     3905.901
261.955     3905.658
262.392     3898.287
259.893     3896.91
259.61     3897.72
258.156     3890.592
257.525     3889.377
257.218     3877.065
257.164     3873.015
257.301     3868.884
256.138     3864.591
257.824     3850.497
257.026     3841.749
257.467     3833.568
257.67     3830.814
254.82     3829.032
255.969     3822.552
255.747     3812.103
254.537     3810.888
255.43     3805.056
252.623     3802.95
252.506     3801.168
250.643     3794.688
250.823     3791.367
250.629     3776.463
250.604     3775.005
249.12     3773.952
248.875     3765.042
249.144     3762.855
247.362     3755.889
247.324     3753.945
246.798     3749.733
245.676     3743.415
246.206     3739.689
245.135     3729.564
245.308     3725.433
244.803     3723.246
244.052     3713.526
243.092     3713.85
243.291     3702.51
242.457     3701.781
240.903     3695.625
241.702     3687.525
242.802     3678.048
241.647     3669.057
241.13     3671.325
239.933     3664.278
239.768     3659.418
240.103     3655.53
239.087     3645.081
239.683     3639.492
238.301     3636.981
238.586     3628.314
238.227     3628.476
237.015     3618.27
235.871     3621.753
236.152     3611.871
236.02     3603.447
235.052     3599.073
235.052     3590.568
235.447     3586.356
234.252     3575.826
234.417     3573.315
233.483     3570.723
233.957     3557.034
233.464     3558.573
232.99     3545.046
233.16     3541.482
232.222     3540.591
231.083     3533.625
231.94     3524.31
232.128     3513.051
231.721     3511.431
231.22     3498.957
230.597     3498.228
230.532     3494.259
229.408     3485.349
228.996     3486.645
229.02     3473.361
229.485     3465.747
228.615     3468.177
227.963     3455.379
227.417     3456.027
228.035     3443.958
226.382     3443.958
226.904     3431.16
225.504     3430.107
227.027     3420.387
227.462     3410.262
225.872     3408.156
225.956     3407.103
224.289     3399.327
223.621     3400.137
224.022     3391.551
221.896     3390.336
221.069     3378.834
222.155     3370.167
222.577     3362.553
221.064     3357.693
219.822     3362.877
220.145     3345.705
219.899     3343.356
218.457     3346.353
217.319     3338.091
217.47     3333.15
217.821     3320.757
217.796     3316.302
216.036     3311.442
216.183     3306.177
216.056     3303.099
214.204     3296.619
213.754     3298.239
213.571     3286.332
212.9     3283.578
212.556     3283.011
212.939     3265.353
213.675     3259.116
213.022     3252.96
211.472     3252.312
210.743     3254.904
211.153     3237.084
209.611     3242.268
208.482     3239.514
207.769     3233.601
207.351     3226.635
207.768     3215.862
208.008     3212.136
205.465     3208.977
205.068     3209.463
203.902     3207.843
203.983     3197.961
205.423     3187.836
204.494     3176.901
204.533     3174.228
203.939     3170.988
202.705     3163.941
202.531     3163.941
202.764     3147.984
202.238     3146.769
201.723     3135.105
201.792     3130.731
201.17     3129.759
200.64     3122.145
201.762     3111.372
200.027     3106.674
198.893     3107.16
199.809     3099.87
197.973     3093.147
198.668     3089.016
197.876     3080.997
197.515     3075.327
197.982     3071.358
197.334     3058.884
197.61     3054.186
197.795     3044.628
197.532     3037.176
195.955     3035.637
195.759     3028.509
195.611     3026.484
195.912     3008.259
195.865     3007.287
193.723     3010.203
193.543     2999.916
193.272     3000.402
192.496     2988.09
190.277     2990.763
189.016     2987.118
191.487     2971.971
191.984     2964.195
191.211     2954.556
189.962     2955.771
189.612     2943.702
189.156     2945.322
188.481     2933.982
187.917     2932.038
188.567     2925.315
188.512     2910.897
189.212     2903.688
188.032     2899.557
186.993     2898.909
186.802     2897.046
185.041     2890.242
185.459     2885.544
184.214     2875.5
183.96     2875.824
184.157     2863.836
184.075     2857.032
183.741     2856.303
183.119     2842.938
183.119     2841.723
182.891     2833.623
181.984     2828.763
181.655     2829.168
180.097     2820.663
179.461     2821.473
178.633     2818.719
179.175     2804.949
178.259     2801.952
178.448     2791.422
179.758     2782.107
177.147     2778.948
176.866     2778.3
178.368     2765.259
176.688     2760.237
175.939     2763.477
176.546     2745.414
176.693     2740.23
175.854     2740.635
174.565     2732.94
173.903     2732.778
172.868     2727.027
172.97     2721.357
171.499     2715.363
171.915     2707.992
171.907     2704.428
171.734     2689.443
171.544     2689.605
171.146     2679.723
170.755     2674.62
170.18     2675.916
169.864     2661.255
170.38     2655.909
169.81     2649.915
167.83     2651.049
168.375     2640.033
167.949     2632.5
166.413     2637.441
165.687     2624.886
165.512     2624.076
165.666     2616.3
165.748     2603.178
166.03     2601.396
164.67     2592.405
165.683     2584.467
165.896     2578.716
163.798     2575.152
162.421     2567.295
163.862     2556.036
161.628     2563.65
162.076     2545.749
161.938     2545.83
160.091     2542.59
161.129     2530.764
159.982     2533.761
158.371     2526.309
159.153     2519.424
157.101     2520.315
158.124     2507.436
157.257     2500.713
156.243     2498.202
157.983     2487.105
156.663     2477.304
156.414     2477.547
157.608     2462.157
155.099     2464.668
155.629     2460.942
155.653     2444.418
155.636     2441.664
154.736     2439.477
154.822     2427.408
154.172     2423.763
153.203     2416.473
153.358     2414.853
152.471     2403.837
152.257     2402.379
152.239     2396.466
149.943     2394.441
150.859     2385.045
150.304     2377.107
150.051     2374.029
149.271     2363.499
149.218     2359.368
151.629     2343.654
150.156     2336.04
149.147     2340.009
149.798     2323.566
148.261     2325.51
146.782     2330.613
146.356     2316.843
146.604     2312.631
146.442     2303.964
145.904     2298.78
145.691     2288.736
144.339     2287.44
145.732     2279.502
144.361     2269.377
144.126     2269.134
143.363     2263.788
142.149     2260.143
143.181     2253.663
141.478     2245.806
140.826     2246.778
140.413     2241.918
139.288     2236.248
140.179     2224.503
139.366     2218.671
139.062     2217.294
138.418     2204.982
138.33     2202.471
137.518     2200.77
136.598     2192.022
136.947     2189.511
136.705     2175.903
135.134     2179.467
134.467     2178.981
133.869     2167.074
132.312     2160.513
133.328     2151.036
133.054     2148.849
132.081     2138.238
132.711     2134.269
130.528     2132.811
130.979     2123.739
129.544     2119.203
129.803     2111.508
130.195     2106.81
128.775     2104.461
128.249     2099.115
127.83     2099.601
126.501     2089.557
125.743     2090.691
125.265     2076.678
126.602     2068.416
126.219     2061.693
125.294     2056.104
125.884     2051.892
124.428     2042.901
125.214     2036.421
124.552     2032.857
123.577     2025.81
123.895     2017.953
122.808     2013.093
122.842     2009.529
121.659     1999.809
121.166     1999.323
122.089     1989.522
121.162     1980.207
120.836     1981.098
121.327     1963.926
120.769     1961.901
120.798     1958.175
118.672     1953.639
117.572     1955.826
116.588     1950.318
117.917     1937.277
116.185     1933.146
115.305     1932.255
115.991     1925.451
114.33     1917.513
114.119     1917.756
114.402     1904.31
113.144     1903.095
114.291     1895.967
113.523     1883.25
114.185     1877.175
113.429     1864.134
113.111     1864.377
113.046     1855.305
112.361     1850.283
113.468     1842.588
112.269     1831.734
111.376     1833.435
111.583     1825.74
109.648     1824.12
111.46     1808.244
110.604     1802.574
110.08     1802.007
109.805     1787.589
109.008     1788.885
109.81     1779.084
107.973     1774.791
107.647     1775.844
106.627     1766.124
106.8     1760.859
106.555     1758.267
105.65     1747.737
104.961     1747.494
101.999     1747.089
103.555     1735.992
102.594     1724.976
101.982     1727.325
100.886     1720.116
101.202     1711.611
101.024     1710.396
100.21     1698.489
100.112     1695.978
99.3919999999999     1682.937
99.5329999999999     1681.236
99.6119999999999     1670.625
98.8959999999999     1666.332
98.3699999999999     1666.251
98.1299999999999     1651.185
97.4139999999999     1652.076
96.9599999999999     1647.054
97.3229999999999     1634.499
95.3639999999999     1636.686
95.4829999999999     1626.642
94.8289999999999     1626.966
93.3719999999999     1618.137
93.9889999999999     1612.791
93.9949999999999     1606.149
94.7909999999999     1589.22
95.0479999999999     1587.276
92.2809999999999     1585.818
92.2079999999999     1582.497
92.2559999999999     1578.042
90.8499999999999     1570.833
91.1269999999999     1564.92
90.8929999999999     1555.848
90.7519999999999     1551.393
88.8039999999999     1547.181
89.1399999999999     1541.025
89.9629999999999     1533.33
89.2489999999999     1521.342
89.8699999999999     1517.211
87.8869999999999     1514.781
87.3219999999999     1510.893
87.5379999999999     1507.734
86.1179999999999     1498.905
86.3609999999999     1494.612
85.8609999999999     1488.132
85.6839999999999     1480.437
84.9479999999999     1473.957
85.6109999999999     1461.321
85.8709999999999     1458.891
82.7289999999999     1457.514
84.3439999999999     1447.308
83.6909999999999     1443.177
80.2759999999999     1449.09
81.1029999999999     1437.345
80.1459999999999     1432.809
78.4019999999999     1438.398
77.7769999999999     1425.438
77.4589999999999     1424.79
77.9269999999999     1416.528
77.1259999999999     1407.213
77.2209999999999     1406.16
76.1619999999999     1395.792
77.0429999999999     1388.016
76.7649999999999     1384.614
74.4719999999999     1382.103
76.2839999999999     1368.171
74.7289999999999     1365.336
72.7609999999999     1370.358
73.2909999999999     1353.834
74.0649999999999     1344.519
75.4289999999999     1334.961
72.6369999999999     1333.098
72.8569999999999     1320.705
72.4819999999999     1315.602
72.3719999999999     1313.334
70.8089999999999     1304.91
70.6159999999999     1304.505
70.6319999999999     1295.028
70.5969999999999     1285.227
70.3699999999999     1285.227
69.1079999999999     1275.426
70.0509999999999     1267.974
69.5899999999999     1263.276
69.9919999999999     1250.316
68.3059999999999     1251.612
68.3249999999999     1241.568
68.0729999999999     1239.219
67.1749999999999     1228.203
67.3609999999999     1224.639
66.6389999999999     1222.776
65.9019999999999     1212.246
65.2189999999999     1215
65.3379999999999     1199.691
64.5669999999999     1199.124
63.3709999999999     1201.392
63.9909999999999     1183.815
62.3689999999999     1187.946
60.3199999999999     1187.217
62.3839999999999     1171.26
59.9679999999999     1170.126
60.3609999999999     1163.079
60.8419999999999     1157.571
61.0759999999999     1140.237
60.3729999999999     1142.91
59.4579999999999     1136.349
59.6479999999999     1127.763
58.1039999999999     1124.847
59.0759999999999     1112.778
58.2269999999999     1114.074
57.0349999999999     1111.32
57.9299999999999     1097.55
56.9199999999999     1093.257
57.9409999999999     1078.596
56.9629999999999     1082.484
55.2749999999999     1074.627
55.2689999999999     1071.792
55.4259999999999     1064.421
54.3449999999999     1058.589
54.4539999999999     1050.489
54.1079999999999     1042.713
53.2829999999999     1043.442
53.0879999999999     1028.862
53.3489999999999     1025.055
54.0069999999999     1015.578
53.8869999999999     1002.78
53.1829999999999     1005.615
52.8489999999999     992.411999999999
52.5589999999999     989.333999999999
52.5509999999999     985.526999999999
49.9969999999999     983.583
50.5749999999999     976.535999999999
50.0069999999999     969.002999999999
49.5069999999999     965.843999999999
48.8639999999999     956.367
47.7399999999999     957.014999999999
50.0099999999999     942.110999999999
47.3319999999999     939.518999999999
47.5009999999999     938.465999999999
46.5529999999999     931.175999999999
45.9219999999999     926.639999999999
46.7789999999999     920.646
45.7769999999999     909.468
43.8899999999999     907.685999999999
45.0159999999999     893.025
43.9749999999999     896.993999999999
41.6989999999999     891.972
41.1459999999999     893.105999999999
41.8649999999999     880.955999999999
40.9979999999999     874.232999999999
41.9159999999999     862.244999999999
40.7989999999999     858.357
37.9939999999999     869.696999999999
38.5999999999999     850.499999999999
38.7589999999999     847.179
36.7429999999999     851.309999999999
36.6949999999999     838.835999999999
37.0269999999999     836.648999999999
36.7059999999999     822.878999999999
35.9399999999999     823.445999999999
34.5849999999999     815.426999999999
35.4249999999999     807.488999999999
34.4919999999999     807.732
33.1029999999999     800.036999999999
33.6039999999999     796.796999999999
32.9629999999999     785.942999999999
32.7789999999999     781.65
33.3319999999999     775.412999999999
32.1019999999999     766.583999999999
32.2749999999999     762.533999999999
31.5949999999999     750.059999999999
31.2639999999999     750.869999999999
30.4479999999999     743.498999999999
31.1289999999999     732.564
30.3499999999999     734.588999999999
29.6959999999999     721.305
28.6239999999999     724.059
28.2989999999999     717.335999999999
27.9109999999999     710.694
26.9229999999999     706.076999999999
26.5949999999999     697.977
26.5529999999999     697.004999999999
25.5679999999999     685.502999999999
25.1389999999999     685.988999999999
25.4749999999999     676.754999999999
24.6359999999999     669.627
24.3519999999999     664.362
23.8309999999999     656.91
24.1329999999999     652.373999999999
23.0069999999999     642.734999999999
23.5289999999999     637.227
22.7709999999999     635.282999999999
21.8479999999999     626.049
21.8239999999999     625.482
21.2409999999999     613.737
21.5559999999999     607.580999999999
20.6209999999999     598.670999999999
19.4939999999999     599.886
20.2039999999999     592.514999999999
19.7479999999999     584.819999999999
18.3839999999999     585.872999999999
17.1989999999999     578.663999999999
16.0219999999999     578.258999999999
16.0899999999999     576.071999999999
14.9869999999999     565.136999999999
14.7059999999999     564.407999999999
14.6119999999999     555.821999999999
16.0449999999999     539.783999999999
16.6159999999999     527.877
15.4159999999999     525.689999999999
16.4059999999999     518.237999999999
13.5859999999999     515.807999999999
14.1829999999999     511.109999999999
13.6489999999999     496.772999999999
12.0739999999999     502.280999999999
12.3339999999999     485.027999999999
13.0049999999999     479.195999999999
13.1889999999999     472.958999999999
11.3789999999999     468.584999999999
11.6639999999999     466.317
11.9829999999999     449.792999999999
11.0379999999999     450.278999999999
10.9769999999999     446.876999999999
9.52099999999992     439.991999999999
9.74599999999992     434.969999999999
8.31399999999992     431.729999999999
8.64599999999992     424.439999999999
8.43399999999992     413.099999999999
9.16099999999992     403.541999999999
9.35199999999992     399.978
8.37799999999992     388.556999999999
7.98099999999992     387.908999999999
6.28299999999992     380.051999999999
5.83799999999992     381.591
4.65999999999992     377.135999999999
4.76299999999992     368.144999999999
4.69799999999992     367.334999999999
3.67499999999992     356.156999999999
4.33999999999992     350.486999999999
3.62999999999992     346.193999999999
1.86799999999992     344.817
0.880999999999922     341.981999999999
0.799999999999922     332.990999999999
1.42299999999992     327.482999999999
-0.842000000000078     323.432999999999
-1.63200000000008     325.457999999999
-0.655000000000078     314.360999999999
-0.438000000000078     300.591
-1.14700000000008     303.344999999999
-2.08200000000008     292.329
-2.10800000000008     289.088999999999
-3.46800000000008     281.069999999999
-3.67300000000008     278.801999999999
-3.26100000000008     272.240999999999
-4.20000000000008     262.034999999999
-4.59500000000008     263.249999999999
-4.73800000000008     250.775999999999
-4.98200000000008     246.806999999999
-5.45300000000008     246.320999999999
-6.12200000000008     234.737999999999
-5.76300000000008     229.391999999999
-5.91400000000008     220.562999999999
-5.96100000000008     214.163999999999
-6.36000000000008     204.524999999999
-6.64900000000008     199.016999999999
-7.37400000000008     200.879999999999
-8.63000000000008     190.916999999999
-8.28200000000008     186.704999999999
-9.12800000000008     174.716999999999
-9.54400000000008     175.850999999999
-10.4840000000001     171.152999999999
-10.5730000000001     162.485999999999
-11.1500000000001     164.186999999999
-12.9710000000001     156.734999999999
-12.6080000000001     152.603999999999
-12.5020000000001     145.070999999999
-12.1840000000001     133.082999999999
-12.4070000000001     127.007999999999
-12.5040000000001     118.097999999999
-11.9290000000001     112.508999999999
-14.1490000000001     107.972999999999
-13.7820000000001     102.950999999999
-15.2920000000001     95.4179999999995
-14.4070000000001     87.9659999999995
-15.5680000000001     78.9749999999995
-15.2860000000001     74.1959999999995
-15.5600000000001     71.1989999999995
