Distance_nm     Force_uN
0     8.829
-0.197     17.577
0.757     13.446
6.995     2.187
14.367     -9.396
22.333     -14.661
29.952     -4.212
37.473     12.717
45.142     18.387
52.317     12.474
59.986     5.751
67.738     0.648
74.946     -1.944
82.549     4.212
89.938     5.184
96.966     8.586
104.486     12.15
111.678     8.343
118.936     2.916
126.704     1.539
133.945     0.324
141.301     0.405
148.871     3.645
155.783     3.969
162.959     1.134
170.611     2.187
177.704     6.318
185.159     9.477
192.384     9.963
199.427     6.804
206.932     0.648
214.222     -2.754
221.233     1.053
228.754     9.801
235.962     12.231
243.17     10.935
250.708     6.885
257.702     0
265.19     -2.106
272.662     -1.944
279.788     -1.62
287.243     1.944
294.566     8.1
301.494     10.368
308.982     5.994
316.174     -0.081
323.136     -4.374
330.64     -2.349
337.634     4.617
344.974     8.91
352.512     9.72
359.489     8.019
366.961     6.399
374.367     5.832
381.427     3.159
388.849     2.268
395.876     2.511
402.969     1.539
410.638     2.673
417.764     5.427
424.841     5.589
432.345     5.103
439.389     3.807
446.564     3.564
453.986     4.455
461.079     4.455
468.485     2.754
475.874     -0.972
482.753     -0.729
490.323     5.022
497.581     10.854
504.46     10.611
511.882     5.913
519.008     0.972
526.183     -2.187
533.589     0.729
540.633     5.751
548.022     5.994
555.411     6.318
562.422     7.209
569.663     5.346
576.822     1.539
584.047     -1.215
591.502     -0.486
598.414     2.025
605.507     4.86
613.126     7.857
620.17     5.427
627.362     3.726
634.948     5.589
641.976     5.103
649.184     4.374
656.573     6.642
663.534     6.966
670.973     4.698
678.329     1.053
685.389     0.567
692.943     3.888
707.096     6.237
714.584     6.156
721.71     3.321
729.132     -0.081
736.538     -1.053
743.335     -1.296
750.691     0.567
758.13     3.483
764.976     7.614
772.53     8.424
780.051     5.589
787.078     3.321
794.829     1.458
801.856     2.187
809.098     5.427
816.832     7.452
823.761     8.1
831.117     5.913
838.49     2.916
845.682     1.377
853.417     -0.243
860.921     0.729
867.981     2.997
875.502     4.131
882.743     4.86
890.017     2.43
897.686     0.405
904.944     -0.243
912.234     2.835
919.607     6.075
926.667     7.533
934.27     7.776
941.874     5.508
949.148     2.997
956.718     2.511
964.025     2.916
971.282     4.212
978.886     6.399
986.225     5.427
993.565     1.215
1001.317     1.053
1008.41     3.888
1015.799     6.237
1023.254     5.751
1030.479     3.969
1038.115     2.349
1045.553     -0.081
1052.712     0.567
1060.282     3.726
1067.721     4.374
1074.995     5.589
1082.862     6.966
1089.988     5.589
1097.476     4.86
1105.095     5.022
1111.398     4.374
1119.001     3.402
1126.325     2.835
1133.566     3.888
1141.284     4.617
1148.805     4.455
1156.293     4.86
1163.748     2.754
1171.088     -1.296
1178.839     -0.972
1186.558     0.567
1193.717     1.458
1201.402     3.24
1208.972     3.402
1216.246     3.078
1223.998     3.807
1231.519     6.075
1238.891     7.371
1246.528     7.695
1253.933     6.399
1261.602     3.888
1269.469     1.782
1276.644     1.134
1284.198     5.913
1291.999     8.019
1299.519     5.832
1307.271     1.782
1314.825     -2.349
1322.214     -1.701
1330.064     2.268
1337.519     3.645
1345.089     3.888
1352.923     2.025
1360.411     2.43
1368.096     5.751
1375.897     5.427
1383.27     4.293
1391.07     4.293
1398.739     2.43
1405.964     2.673
1413.732     4.293
1421.5     5.832
1429.07     6.237
1437.084     3.726
1444.638     2.916
1452.406     3.807
1460.256     3.078
1467.53     2.754
1475.512     3.159
1483.296     3.24
1490.603     4.212
1498.502     3.888
1506.287     1.944
1513.791     2.511
1521.855     3.726
1529.458     4.536
1537.275     6.399
1545.109     5.103
1552.663     3.564
1560.562     5.994
1568.675     6.642
1576.114     6.48
1584.145     3.807
1592.209     -0.324
1599.714     0.324
1607.728     2.835
1615.661     5.103
1623.428     6.156
1631.542     3.402
1639.178     0.405
1647.061     -0.405
1655.158     -0.162
1662.794     2.349
1670.66     4.293
1678.642     5.589
1686.196     8.1
1694.326     7.29
1702.34     5.103
1709.861     2.835
1717.974     1.701
1725.693     3.24
1733.395     4.536
1741.475     5.265
1748.996     4.698
1756.879     3.078
1765.108     2.916
1772.793     1.863
1780.808     -0.081
1788.806     0
1796.409     0.081
1804.687     3.159
1812.619     5.508
1820.239     3.969
1828.369     3.726
1844.036     3.807
1852.018     3.321
1859.571     4.455
1867.586     4.374
1875.963     3.24
1883.418     1.296
1891.383     1.215
1899.463     4.212
1907.248     7.128
1915.328     5.265
1923.096     2.106
1930.864     0.972
1938.944     1.053
1946.629     2.673
1954.578     2.673
1962.889     1.701
1970.542     2.268
1978.507     3.402
1986.472     5.022
1993.96     3.159
2002.238     2.025
2010.582     3.888
2018.218     5.265
2026.315     5.508
2034.28     7.047
2042.031     5.589
2050.424     1.782
2058.258     1.782
2066.026     4.455
2074.139     8.991
2081.94     3.321
2090.037     -7.938
2098.199     -3.321
2105.967     2.673
2114.146     2.025
2122.227     5.265
2129.748     4.131
2137.976     0.162
2146.007     3.888
2153.94     9.072
2162.201     6.966
2169.903     1.296
2177.967     -2.349
2186.294     -2.268
2194.161     2.916
2202.159     14.742
2210.174     17.901
2218.155     6.966
2226.548     -2.835
2234.415     -7.371
2242.413     -7.614
2250.889     -0.081
2258.64     7.938
2266.506     10.368
2274.867     8.019
2282.634     3.969
2290.978     0.81
2299.174     -2.43
2307.007     -2.106
2315.351     1.944
2323.596     6.723
2331.364     8.505
2339.675     6.885
2347.623     5.103
2355.342     2.43
2363.735     1.377
2371.848     0.162
2380.044     -1.62
2388.519     -0.891
2396.205     0.162
2404.417     5.103
2412.629     9.396
2420.528     7.533
2429.02     6.075
2437.167     2.187
2445.214     -2.916
2453.64     -1.458
2461.753     3.807
2469.719     8.019
2477.98     7.452
2485.978     6.804
2494.19     5.913
2502.765     1.053
2510.713     -0.243
2518.942     0.972
2527.319     -1.944
2535.152     0.243
2543.512     8.748
2551.576     11.502
2559.542     5.589
2568.083     0.162
2575.521     -0.648
2583.865     2.754
2592.538     8.829
2600.52     10.287
2608.748     5.508
2616.993     1.215
2624.827     0.486
2633.253     0.891
2641.498     1.053
2649.546     5.022
2658.037     5.427
2666.282     3.564
2674.363     5.832
2682.855     6.318
2691.001     1.296
2699.411     -2.835
2707.985     1.215
2716.049     5.589
2724.442     2.349
2732.736     3.078
2740.833     8.1
2749.292     6.237
2757.521     2.835
2765.749     4.131
2774.29     5.508
2782.239     2.997
2790.616     0.891
2799.388     1.782
2807.139     1.863
2815.532     3.726
2824.007     5.913
