Distance_nm     Force_uN
0     0.5957
0.005     0.1254
0.172     -1.5362
1.065     -2.4454
3.514     -0.533
5.978     1.4422
8.396     1.787
10.907     2.5708
13.325     3.1979
15.695     2.1319
18.081     0.0314
20.378     -2.2887
22.885     -2.1006
25.302     1.3481
27.615     3.2292
30.111     1.5989
32.471     -1.4108
34.847     -2.5708
37.316     -0.9405
39.572     1.3481
41.963     1.9438
44.401     0.627
46.662     -1.0033
49.038     -0.8151
51.445     0.7211
53.758     0.7838
56.212     1.1914
58.546     1.5989
60.817     0.0314
63.287     -0.6897
65.615     0
67.965     0.8151
70.429     1.3481
72.659     1.4735
75.06     0.5957
77.572     0.8778
79.812     1.8811
82.255     1.3168
84.636     -0.8151
86.928     -2.6335
89.388     -1.4108
91.69     2.7903
94.014     5.5806
96.473     4.2011
98.765     0.2195
101.188     -1.8811
103.704     -0.1254
105.991     2.0692
108.393     2.3827
110.784     2.226
113.04     2.1946
115.489     1.8811
117.901     0.0627
120.229     -0.4703
122.694     0.9405
125.049     1.6303
127.414     0.7211
129.837     -0.5016
132.15     -0.6897
134.499     1.1914
136.901     3.3233
139.224     3.2606
141.652     1.8184
144.106     0.1254
146.435     0.0627
151.343     0.6584
153.64     1.3481
156.136     2.4768
158.475     2.6649
160.814     1.4422
163.305     0.8151
165.691     0.3449
168.072     -0.1568
170.541     1.1914
172.88     1.8184
175.355     1.0346
177.783     0.7838
180.133     0.9719
182.628     1.2541
184.973     0.9719
187.307     0.2195
189.849     -0.3449
192.262     0.0941
194.637     1.7243
197.133     3.0411
199.566     2.0379
201.999     0.1568
204.453     0.1568
206.766     0.6897
209.293     1.5989
211.773     1.6616
214.102     0.6897
216.603     -0.0627
219.068     0.2822
221.558     0.9405
224.158     0.9719
226.471     0.7211
228.868     0.5957
231.384     0.7524
233.818     0.8778
236.318     0.8778
238.825     0.8778
241.179     1.2854
243.68     2.226
246.187     2.8216
248.599     2.3514
251.136     1.7557
253.564     0.4703
256.008     -0.3449
258.54     0.1881
260.911     0.5016
263.427     0.4076
265.986     0.9092
268.304     1.2227
270.831     0.3449
273.337     -0.0627
275.671     -0.0627
278.224     0.3449
280.668     0.5643
283.096     1.0346
285.638     1.3795
288.066     1.9125
290.52     2.1946
293.068     1.4735
295.491     -0.4076
298.013     -1.1287
300.451     0
302.848     1.16
305.458     1.3795
307.954     0.8151
310.298     -0.0941
312.904     0.8778
315.394     2.0379
317.796     1.3481
320.386     -0.2508
322.767     -1.2227
325.247     -0.5957
327.831     0.7524
330.264     1.5989
332.828     2.1319
335.339     2.226
337.746     2.0379
340.409     1.7557
342.868     0
345.291     -1.9752
347.834     -1.0346
350.277     0.533
352.81     1.4422
355.42     1.5049
357.848     0.4076
360.469     -0.2508
363.038     0.8151
365.476     1.5676
368.05     1.5049
370.557     -0.2822
373.021     -0.5957
375.647     -0.1568
378.122     0.5957
380.623     1.0033
383.234     0.9719
385.703     1.5362
388.215     1.7557
390.831     0.7524
393.238     0.4389
395.822     1.2541
398.422     0.9719
400.902     1.0973
403.518     0.7524
406.024     0.533
408.473     1.4422
411.042     1.2541
413.527     0
416.101     -0.7211
418.806     0.0314
421.312     1.5362
423.845     1.7557
426.486     0.5957
428.909     -0.533
431.525     -0.8778
434.078     0.1254
436.558     1.8811
439.174     1.7557
441.706     0.2508
444.166     -0.4076
446.808     -0.2508
449.345     0.8778
451.877     2.0065
454.441     0.8151
456.932     -0.3449
459.579     -0.1568
462.142     0
464.659     -0.2508
467.301     -0.0627
469.901     1.16
472.355     2.0379
474.934     1.0033
477.357     -0.627
479.926     -0.6897
482.615     0.7838
485.079     2.0379
487.632     1.0033
490.217     -0.9092
492.707     -0.8465
495.365     0.5957
497.866     1.6303
500.383     1.8184
503.119     0.3762
505.651     -1.0033
508.215     -0.3449
510.836     0.3449
513.357     0.1568
518.605     0.1254
521.09     0.2822
523.675     0.7211
526.233     0.8151
528.75     1.1914
531.345     1.2541
533.987     0.533
536.508     0.0627
539.218     0
541.751     0.5016
544.267     1.9752
546.967     2.2573
549.546     0.1254
552.136     -1.6303
554.757     -1.7557
557.299     -0.4076
560.014     1.8811
562.594     3.0098
565.063     0.7838
567.742     -1.0346
570.358     -0.3135
572.927     0.3762
575.605     0.9092
578.153     1.3481
580.753     0.5643
583.453     0.6584
585.985     1.5989
588.695     0.533
591.394     -1.3795
593.885     -1.4108
596.563     0.533
599.205     2.2887
601.727     1.5989
604.479     0
607.032     -1.3795
609.653     -0.6584
612.394     1.16
615.01     0.8465
617.709     0.2195
620.398     0.5643
622.941     0.8778
625.583     1.066
628.361     1.3795
630.935     0.9092
633.618     0.8465
636.239     1.6616
638.819     1.1914
641.57     0.0314
644.207     -0.3135
646.854     0.2508
649.543     0.4389
652.117     0.3762
654.817     0.2508
657.547     0.627
660.142     0.9405
662.915     -0.5957
665.645     -1.2541
668.235     0.2822
671.013     1.787
673.66     1.9125
676.318     1.2541
679.085     -0.1881
681.685     -0.627
684.353     0.7838
687.188     1.4735
689.778     0.9405
692.498     0.8778
695.151     1.16
697.709     0.3135
700.57     -1.0033
703.332     -1.3795
705.917     -0.9092
708.726     0.6897
711.43     2.4454
714.078     1.8497
716.85     0.3449
719.539     0.2822
722.285     0.6897
724.995     0.2508
727.622     -0.2508
730.284     -0.7211
732.853     -0.1568
734.608     1.066
734.905     1.1914
735.025     0.1254
735.145     0.1568
735.255     1.16
735.339     1.066
735.422     -0.3135
735.526     -1.5049
735.573     -1.2541
735.61     -0.1881
735.725     0.5957
735.814     0.2822
735.929     -0.627
735.955     1.0033
735.981     2.7589
736.064     1.787
736.127     -0.5016
736.195     -2.6335
736.247     -2.3514
736.278     0.8778
736.362     3.386
736.419     2.853
736.482     0.9092
736.534     -0.2508
736.602     -0.5016
736.691     -0.0314
736.748     0.4076
736.733     0.1881
736.727     0.2508
736.79     0.7838
736.853     -0.0314
736.926     -1.8497
736.968     -1.787
736.962     0.7838
736.994     2.5708
737.124     2.1319
737.155     0.7524
737.218     -1.3168
737.291     -1.5362
737.302     0.4076
737.26     1.2541
737.307     1.2854
737.396     1.0973
737.474     0.1568
737.526     -0.7524
737.615     -0.4076
737.657     0.1254
737.688     0.7524
737.719     1.4422
737.761     1.2854
737.829     0.4076
737.944     -0.9092
738.007     -1.1287
738.022     -0.7211
738.085     -0.2822
738.116     0.8465
738.189     1.8497
738.262     1.6303
738.309     1.3481
738.372     0.4389
738.435     -0.9719
738.435     -1.0346
738.492     -0.1254
738.544     0.5643
738.602     1.5049
738.633     0.9405
738.727     -0.4703
738.795     -0.6584
738.79     -0.3449
738.805     0.533
738.858     0.9092
738.905     0.5957
738.957     0.2822
739.025     -0.5957
739.056     -0.9719
739.061     -0.1568
739.145     1.0346
739.134     1.1287
739.103     0.1881
739.249     -0.4076
739.333     0.1881
739.328     0.6897
739.406     0.7524
739.453     0.533
739.458     0.2508
739.495     0.0627
739.542     0.0941
739.562     0.2822
739.573     0.6584
739.672     0.7211
739.74     1.1914
739.782     0.7211
739.777     -0.8778
739.818     -2.0065
739.881     -1.787
739.938     0.0941
739.949     2.1006
739.944     1.9752
739.996     0.2822
740.043     -0.8778
740.152     -1.0973
740.189     -0.2195
740.252     0.533
740.241     0.2822
740.246     -0.0314
740.288     0.9719
740.34     1.5676
740.372     1.066
740.424     -0.3135
740.45     -1.6616
740.455     -1.1914
740.534     0.3135
740.581     1.2227
740.549     0.4076
740.612     -0.8465
740.643     -1.0033
740.695     0
740.737     0.3449
740.769     0.4076
740.784     0.4703
740.81     0.3135
740.847     0.5643
740.915     0.1881
740.946     -0.3135
741.014     -0.4389
741.082     -0.2195
741.113     0
741.098     0.0627
741.082     0.1254
741.082     0.4076
741.139     0.7211
741.186     0.6897
741.171     1.066
741.192     0.2822
741.254     -0.2508
