Distance_nm     Force_uN
0     -3.564
2.096     -7.209
4.922     -6.723
11.703     -3.969
18.07     1.053
24.155     3.321
30.801     -1.134
39.144     -4.617
47.768     -3.24
54.622     1.701
60.367     5.184
66.916     3.159
74.522     -2.025
83.259     -5.994
91.883     -5.103
98.406     -0.081
104.343     1.782
111.214     -0.81
118.857     -3.402
127.044     -3.888
134.466     -1.701
140.739     1.863
147.2     0.162
154.636     -4.536
163.078     -5.751
170.877     -4.131
177.287     0.972
182.807     5.913
188.732     3.321
196.573     -1.539
205.026     -4.455
212.954     -3.564
219.544     0.324
225.737     2.754
232.126     1.863
239.36     -0.486
247.251     -3.078
254.598     -2.106
261.38     -4.131
269.167     -3.159
275.701     -2.268
282.67     -3.564
290.112     -2.268
296.493     -1.134
303.347     -2.997
310.909     -7.047
318.764     -7.209
326.066     1.701
330.263     20.25
332.11     31.509
336.3     33.858
342.315     37.341
348.519     45.117
353.499     58.725
356.398     64.638
361.864     71.442
367.304     82.296
371.11     88.938
376.346     98.334
380.726     109.269
384.328     121.743
388.141     133.893
391.959     141.993
396.853     150.255
401.818     162.81
404.835     172.935
409.166     185.328
412.935     193.752
417.379     204.768
421.536     219.024
424.523     234.09
427.325     248.265
430.778     254.583
435.97     261.306
441.334     272.808
445.623     287.793
448.166     305.856
450.292     314.523
455.427     323.19
459.806     334.854
463.87     344.493
468.678     353.241
473.166     362.313
477.879     370.251
482.8     383.049
486.114     398.844
489.229     416.016
491.546     429.462
495.064     434.97
500.985     440.559
506.39     451.089
510.859     465.426
514.335     476.361
518.332     486.81
522.888     500.175
526.395     512.244
530.202     524.637
534.317     537.192
538.108     551.124
541.479     564.813
545.211     575.667
549.395     587.655
553.29     601.02
557.143     610.416
561.654     618.516
566.843     634.149
570.035     640.629
575.25     649.053
580.434     663.876
583.647     671.085
588.929     677.646
594.599     692.388
597.586     707.292
600.728     722.439
604.281     734.67
608.078     746.253
612.444     752.49
618.25     760.752
623.1     774.846
626.806     790.965
629.817     804.087
633.34     814.131
638.137     829.602
641.159     842.562
644.989     854.874
649.225     864.027
653.801     878.364
657.178     893.349
660.643     901.611
665.361     910.521
670.464     922.995
674.458     935.226
677.974     947.943
682.068     957.096
686.842     964.629
691.871     976.941
696.057     987.552
700.389     1002.132
703.502     1015.335
707.3     1026.918
711.123     1044.819
713.638     1055.025
725.254     1065.555
729.673     1077.3
733.748     1089.774
737.397     1101.438
741.609     1116.423
744.795     1129.95
748.324     1150.443
750.255     1162.269
754.21     1173.528
758.268     1182.843
763.097     1194.669
766.904     1208.52
770.576     1221.156
774.626     1231.605
778.836     1240.677
783.78     1252.179
788.168     1264.491
791.811     1282.311
794.594     1295.028
798.523     1306.53
802.647     1316.817
807.362     1325.646
812.026     1335.366
816.351     1343.952
821.574     1358.775
824.705     1373.922
828.159     1385.019
832.558     1394.01
837.095     1408.104
840.735     1422.36
844.381     1433.052
848.559     1448.118
852.068     1459.62
856.225     1472.256
859.896     1483.92
864.207     1495.908
868.168     1510.326
871.72     1527.903
874.635     1540.296
878.47     1549.692
883.623     1560.303
888.102     1570.671
892.368     1582.092
897.041     1594.971
900.843     1608.741
904.225     1621.458
908.351     1637.01
911.614     1651.671
914.887     1664.955
918.728     1678.806
922.417     1687.878
927.641     1695.816
932.973     1712.178
935.54     1726.677
939.351     1735.425
944.563     1746.279
948.665     1758.915
952.862     1773.495
956.239     1789.29
959.206     1801.764
963.612     1819.503
966.285     1833.435
970.133     1839.834
976.11     1848.42
980.938     1859.193
985.638     1871.262
990.169     1884.87
993.775     1899.612
997.372     1912.653
1001.394     1920.753
1006.567     1932.903
1011.126     1950.561
1013.657     1961.658
1018.318     1973.97
1022.882     1984.905
1027.291     1996.083
1031.816     2011.554
1035.413     2024.757
1039.162     2036.664
1043.654     2043.873
1049.413     2051.568
1054.531     2065.905
1058.384     2082.591
1061.523     2096.847
1065.201     2108.916
1069.453     2126.655
1071.978     2139.372
1076.187     2151.522
1080.696     2159.298
1086.022     2172.906
1089.941     2188.62
1093.424     2201.742
1097.177     2213.406
1101.883     2226.933
1105.89     2241.189
1109.288     2254.797
1113.438     2266.866
1117.656     2277.234
1122.119     2285.415
1127.78     2296.836
1132.289     2310.444
1136.257     2324.295
1140.176     2338.632
1143.618     2349
1148.509     2362.446
1152.406     2376.702
1155.805     2389.743
1160.304     2403.027
1164.327     2420.28
1166.819     2436.075
1170.131     2444.904
1175.157     2455.434
1179.922     2467.584
1184.366     2475.684
1189.489     2486.619
1194.227     2499.417
1198.447     2522.907
1199.258     2537.73
1202.882     2546.64
1208.281     2560.167
1212.073     2576.61
1215.393     2593.377
1218.345     2606.499
1222.23     2619.864
1226.511     2634.93
1230.003     2643.03
1235.588     2653.155
1240.989     2670.408
1243.826     2682.558
1248.385     2698.92
1251.808     2716.416
1254.465     2728.242
1259.374     2739.987
1264.042     2754.567
1267.748     2766.393
1272.559     2779.191
1276.828     2795.067
1279.938     2809.485
1283.885     2821.716
1288.06     2833.785
1292.558     2844.801
1297.62     2857.437
1301.537     2871.531
1305.539     2888.379
1308.782     2898.828
1313.355     2908.224
1318.755     2923.533
1322.166     2936.088
1326.171     2948.157
1331.014     2965.41
1341.603     2979.585
1345.698     2990.52
1350.206     3003.723
1354.349     3018.627
1358.264     3034.989
1361.408     3050.784
1365.083     3062.367
1369.794     3071.52
1374.98     3086.424
1378.994     3098.412
1383.711     3110.724
1387.88     3127.329
1391.321     3138.75
1396.092     3150.981
1400.81     3161.673
1405.959     3173.418
1410.265     3191.724
1413.362     3205.413
1417.769     3213.675
1423.112     3226.716
1427.694     3239.595
1432.352     3254.661
1435.763     3268.755
1439.929     3281.796
1444.297     3299.373
1447.327     3313.629
1451.565     3328.047
1455.331     3342.465
1459.328     3356.154
1463.9     3361.095
1470.286     3370.734
1475.802     3385.395
1479.98     3400.704
1483.424     3413.097
1488.131     3429.54
1491.581     3446.793
1494.452     3459.51
1499.088     3469.878
1503.387     3485.106
1507.165     3497.742
1511.774     3510.297
1515.993     3529.656
1518.806     3540.915
1523.703     3554.928
1527.381     3564.162
1532.923     3568.617
1539.589     3584.979
1542.98     3597.453
1547.731     3609.603
1552.092     3622.968
1556.339     3639.735
1559.983     3660.471
1561.964     3675.456
1565.857     3682.584
1572.049     3692.466
1576.857     3705.912
1581.083     3716.361
1586.149     3727.134
1590.98     3744.063
1594.58     3759.534
1598.03     3774.195
1601.977     3787.074
1606.998     3794.607
1612.784     3810.24
1616.437     3826.197
1620.43     3839.4
1624.705     3850.092
1629.953     3863.862
1634.487     3880.305
1637.707     3893.427
1642.464     3904.929
1647.626     3917.322
1652.25     3930.444
1656.909     3939.192
1662.385     3957.174
1665.602     3977.991
1668.598     3992.814
1672.485     4019.625
1673.389     4038.255
1676.563     4051.215
1680.788     4063.365
1685.758     4075.272
1690.612     4085.559
1695.673     4100.058
1700.191     4114.8
1704.249     4131.891
1707.492     4147.605
1711.436     4165.182
1714.581     4178.061
1719.042     4184.46
1725.48     4194.828
1730.552     4208.436
1734.964     4224.312
1738.798     4243.914
1741.266     4260.924
1744.761     4271.859
1749.993     4285.386
1754.049     4297.86
1758.817     4306.932
1764.353     4318.515
1769.213     4331.637
1773.986     4345.893
1778.027     4357.719
1782.986     4373.838
1786.952     4389.876
1790.479     4402.107
1795.476     4414.257
1800.315     4423.248
1805.824     4436.775
1810.554     4451.76
1814.694     4469.094
1817.872     4482.54
1822.641     4498.335
1826.382     4511.214
1831.007     4525.065
1835.7     4542.804
1838.604     4557.546
1842.892     4573.989
1846.82     4584.924
1851.854     4597.479
1856.797     4615.218
1860.129     4625.91
1865.048     4643.082
1868.878     4657.986
1872.942     4668.354
1878.112     4680.585
1883.39     4694.031
1887.731     4707.396
1892.126     4725.378
1895.656     4743.117
1898.939     4755.429
1903.832     4765.149
1909.572     4777.785
1914.017     4790.097
1918.959     4807.593
1922.703     4823.55
1926.383     4837.32
1931.081     4849.713
1935.722     4860
1940.997     4877.496
1944.757     4892.157
1948.787     4900.176
1954.804     4913.946
1959.585     4926.339
1964.16     4938.165
1969.217     4954.122
1973.26     4967.973
1977.657     4978.098
1983.485     4993.326
1995.69     5007.096
2000.404     5020.947
2004.833     5035.851
2008.847     5051.403
2013.196     5068.413
2016.725     5082.426
2021.407     5092.47
2027.241     5110.938
2030.014     5131.593
2032.889     5148.441
2036.725     5164.155
2040.504     5176.629
2045.699     5188.779
2050.801     5202.144
2055.114     5213.97
2060.517     5226.849
2065.06     5241.024
2069.402     5254.794
2074.413     5262.57
2080.463     5277.069
2085.014     5288.814
2090.34     5303.151
2094.474     5317.002
2099.233     5329.314
2104.439     5345.352
2108.196     5355.234
2114.123     5369.895
2118.631     5389.74
2121.378     5404.158
2126.198     5419.386
2130.009     5436.396
2133.719     5448.141
2139.16     5463.855
2142.972     5481.27
2146.77     5492.286
2152.309     5506.461
2156.766     5519.421
2161.896     5533.029
2166.654     5566.32
2166.041     5578.308
2171.417     5597.019
2174.421     5611.113
2178.933     5627.313
2183.42     5645.457
2186.742     5657.526
2192.063     5671.701
2196.948     5687.172
2201.171     5702.643
2205.592     5717.79
2210.034     5730.669
2214.741     5740.794
2220.702     5752.782
2225.896     5761.935
2231.674     5773.599
2237.22     5790.447
2241.154     5805.513
2245.815     5819.445
2250.716     5828.274
2256.467     5844.15
2260.696     5860.836
2264.805     5875.74
2268.819     5888.457
2273.949     5904.171
2278.419     5922.477
2281.746     5940.297
2285.616     5954.715
2290.304     5966.865
2295.208     5978.286
2300.819     5990.274
2306.047     6006.96
2309.942     6022.269
2314.653     6037.416
2318.898     6050.133
2324.094     6067.71
2328.029     6082.209
2332.399     6097.518
2337.126     6112.503
2341.661     6125.058
2346.621     6140.691
2351.393     6159.159
2354.907     6169.77
2360.325     6183.459
2365.357     6199.011
2369.394     6217.236
2373.105     6236.433
2376.834     6248.745
2381.645     6264.783
2386.077     6285.033
2389.16     6297.183
2394.229     6306.579
2400.6     6322.941
2404.698     6337.197
2409.117     6354.45
2413.518     6367.41
2418.269     6381.18
2423.017     6395.112
2428.264     6409.611
2432.897     6421.923
2438.054     6433.344
2443.632     6450.516
2447.528     6464.448
2452.528     6480.324
2456.905     6493.122
2462.029     6509.808
2466.336     6530.949
2469.146     6546.177
2473.649     6558.165
2479.387     6573.96
2483.374     6591.537
2487.145     6607.17
2491.802     6623.289
2496.014     6637.707
2501.18     6650.586
2506.661     6665.328
2511.047     6679.26
2516.196     6696.594
2520.065     6707.367
2525.834     6718.059
2532.069     6734.34
2536.452     6746.571
2541.631     6761.637
2546.588     6777.999
2550.802     6795.09
2554.967     6813.801
2558.728     6831.054
2562.586     6847.74
2567.107     6859.971
2572.581     6873.579
2577.504     6891.642
2581.67     6908.49
2585.753     6924.69
2590.075     6932.385
2596.938     6942.834
2602.778     6960.087
2606.965     6978.96
2610.929     6989.895
2616.605     7006.014
2621.015     7022.781
2625.301     7035.012
2630.627     7053.966
2634.57     7068.708
2639.516     7081.668
2644.613     7098.84
2649.003     7114.635
2653.419     7130.268
2657.812     7144.524
2663.037     7161.21
2667.098     7175.709
2671.797     7202.925
2682.366     7218.072
2687.335     7230.951
2692.618     7245.288
2697.081     7261.164
2701.821     7270.803
2708.027     7283.358
2713.415     7300.449
2717.744     7314.3
2722.601     7328.961
2727.503     7346.376
2731.828     7359.579
2736.827     7377.966
2740.461     7395.705
2744.649     7413.768
2748.354     7428.753
2753.268     7441.875
2758.618     7456.455
2763.246     7473.708
2767.811     7483.185
2773.979     7496.064
2779.329     7510.887
2784.582     7528.14
2788.572     7544.664
2793.12     7562.727
2797.352     7573.257
2803.269     7586.379
2809.096     7606.386
2812.936     7621.695
2817.68     7636.842
2822.994     7651.422
2828.445     7668.999
2832.627     7687.872
2837.002     7702.047
2842.282     7713.144
2848.244     7729.83
2853.127     7745.22
2858.047     7760.61
2863.131     7777.62
2867.844     7793.982
2872.107     7808.886
2877.19     7822.818
2882.454     7835.697
2887.671     7851.087
2892.97     7866.234
2897.691     7882.353
2902.003     7898.067
2907.016     7910.379
2912.552     7926.093
2917.104     7939.863
2922.378     7953.228
2927.564     7969.428
2932.166     7981.092
2938.041     7996.806
2942.478     8014.707
2946.738     8033.175
2950.795     8047.755
2955.505     8065.737
2959.199     8074.647
2959.381     8063.631
2957.693     8047.35
2954.956     8035.929
2950.563     8024.589
2946.526     8016.813
2941.315     8009.685
2935.732     7996.482
2932.082     7980.849
2928.71     7969.104
2924.239     7956.711
2920.24     7945.128
2915.627     7939.053
2909.809     7930.629
2904.888     7916.778
2900.772     7904.385
2896.838     7890.615
2893.062     7879.194
2888.504     7866.153
2884.827     7851.978
2881.028     7843.23
2875.684     7829.136
2872.374     7818.606
2867.576     7807.266
2863.293     7792.848
2860.053     7780.941
2855.544     7766.118
2852.134     7749.432
2849.325     7738.983
2844.455     7729.02
2839.9     7716.222
2835.977     7708.122
2830.557     7692.651
2827.519     7683.498
2822.481     7677.018
2816.773     7666.893
2812.376     7652.07
2808.818     7638.867
2805.152     7625.745
2801.365     7609.464
2798.134     7593.021
2795.276     7581.681
2790.926     7566.858
2787.072     7556.085
2782.817     7546.608
2777.834     7538.022
2772.331     7526.034
2768.272     7511.616
2764.9     7498.737
2761.707     7485.696
2757.767     7473.789
2753.06     7462.206
2748.974     7434.099
2748.931     7426.809
2742.914     7412.067
2739.696     7397.406
2735.962     7388.82
2730.673     7376.103
2726.991     7363.791
2722.608     7356.825
2716.85     7339.086
2714.34     7322.319
2711.141     7310.007
2707.186     7299.72
2702.619     7288.461
2697.853     7272.99
2694.7     7259.463
2690.858     7249.986
2685.661     7236.864
2681.809     7229.169
2676.28     7222.041
2670.762     7207.38
2667.424     7194.258
2663.275     7187.13
2657.873     7174.089
2653.999     7159.914
2649.805     7146.468
2646.056     7136.829
2641.084     7126.785
2635.908     7109.856
2633.444     7093.251
2630.333     7084.503
2624.841     7072.353
2620.99     7060.527
2616.575     7048.782
2612.154     7032.501
2609.186     7024.563
2603.525     7013.385
2599.247     7002.774
2594.636     6991.11
2589.782     6977.34
2586.071     6964.461
2574.073     6954.417
2569.309     6941.214
2565.083     6934.896
2558.952     6923.07
2554.701     6905.817
2551.601     6892.533
2547.611     6879.006
2543.736     6868.881
2538.418     6858.918
2533.549     6843.447
2530.034     6828.786
2525.856     6814.773
2522.145     6801.813
2517.838     6790.554
2512.973     6780.591
2508.17     6766.011
2503.987     6751.836
2499.809     6741.306
2495.226     6726.807
2491.053     6714.333
2486.549     6705.666
2481.216     6698.133
2475.018     6687.441
2470.215     6672.213
2466.436     6650.991
2464.158     6636.816
2460.54     6624.261
2456.009     6617.619
2449.702     6607.494
2444.861     6596.64
2440.019     6582.06
2435.983     6568.452
2432.097     6552.495
2428.45     6534.594
2425.606     6521.715
2421.277     6508.674
2416.645     6496.686
2412.323     6489.558
2406.575     6481.458
2400.941     6469.713
2396.734     6455.781
2392.969     6442.335
2388.907     6430.752
2384.69     6421.032
2379.328     6409.854
2374.491     6392.925
2371.632     6381.99
2366.515     6374.214
2361.14     6365.628
2355.982     6351.21
2352.019     6331.122
2349.978     6312.816
2347.144     6298.074
2343.252     6281.955
2340.24     6266.97
2336.347     6253.686
2332.308     6245.829
2326.872     6237.405
2321.095     6225.741
2316.52     6216.507
2311.291     6205.248
2306.459     6190.101
2303.054     6174.225
2299.417     6166.206
2293.531     6156.729
2288.664     6141.096
2285.142     6128.217
2280.616     6113.394
2277.008     6101.487
2272.203     6090.066
2267.596     6060.177
2267.884     6045.921
2263.482     6040.98
2257.112     6031.908
2252.069     6018.381
2247.536     6005.502
2243.289     5995.62
2238.07     5977.476
2235.11     5962.005
2231.726     5947.263
2227.685     5936.328
2222.668     5929.929
2216.855     5916.726
2212.152     5904.252
2207.78     5893.722
2203.212     5877.846
2199.51     5865.534
2195.061     5851.278
2191.185     5835.564
2187.225     5824.386
2182.437     5809.968
2178.506     5795.064
2174.69     5785.668
2169.784     5772.789
2165.29     5759.262
2161.004     5749.947
2156.027     5737.554
2151.254     5724.27
2147.017     5718.681
2140.822     5707.665
2135.744     5691.546
