Distance_nm     Force_uN
0     1.1287
0.01     1.5362
0.01     1.6616
-0.037     0.2822
-0.021     0
0.01     1.2854
-0.005     2.2573
0.026     2.1319
0.01     1.1287
-0.047     -0.0314
0.016     0.4389
0.016     2.853
0.068     4.7968
0.052     4.2325
0.016     2.9471
0.042     2.32
0.047     2.5708
0.068     2.4141
0.125     1.1914
0.099     0.3135
0.089     1.16
0.183     1.9752
0.23     0.7524
0.251     -0.4389
0.271     1.2854
0.266     3.7622
0.318     3.5741
0.345     1.1914
0.298     -0.7838
0.334     -0.6897
0.329     1.5362
0.35     3.6681
0.365     4.2638
0.35     3.9503
0.345     2.853
0.365     1.4108
0.365     1.5676
0.439     3.3233
0.47     3.8563
0.459     2.9157
0.47     0.1568
0.501     -1.4422
0.533     -0.4076
0.533     1.4735
0.58     2.1319
0.606     1.3481
0.585     1.0033
0.564     0.9405
0.564     0.3762
0.569     0.3762
0.569     1.7243
0.595     2.6022
0.595     2.5395
0.637     2.6022
0.611     2.4768
0.679     2.4141
0.705     3.1038
0.71     3.2606
0.731     2.7276
0.71     2.1006
0.705     1.2227
0.715     0.8778
0.757     1.9752
0.741     2.4141
0.747     1.5362
0.736     -0.1254
0.736     0.0627
0.741     1.693
0.788     2.32
0.846     1.3168
0.851     0.6584
0.83     0.4389
0.82     1.1914
0.851     2.3514
0.888     3.1352
0.898     3.0098
0.877     1.8184
0.955     1.0033
1.029     2.5708
1.044     3.2292
1.07     2.8844
1.091     1.8184
1.081     0.6897
1.123     1.1287
1.222     1.5676
1.243     1.5676
1.237     1.4422
1.326     0.7211
1.389     0.2822
1.399     0.9405
1.384     1.8811
1.363     2.4454
1.384     1.7557
1.389     1.1287
1.441     1.6616
1.441     1.9752
1.462     1.8184
1.498     2.0379
1.498     2.5395
1.572     2.4768
1.577     2.8216
1.478     3.1038
1.519     2.4141
1.566     2.0379
1.53     1.1914
1.525     0.0314
1.598     -0.2822
1.577     0.0627
1.556     1.2541
1.53     2.8844
1.519     3.919
1.566     3.1665
1.54     1.066
1.504     0.7838
1.514     2.1319
1.514     2.853
1.54     2.7903
1.566     2.226
1.509     1.787
1.478     1.3168
1.441     2.1319
1.425     3.2919
1.415     3.4173
1.425     2.1946
1.425     0.4076
1.451     -0.5016
1.42     -0.4703
1.368     0.533
1.316     1.2854
1.347     1.1914
1.378     1.2227
1.378     2.1946
1.368     3.1038
1.331     2.32
1.3     1.0346
1.274     0.9719
1.258     1.2227
1.258     1.3481
1.274     2.32
1.29     2.9157
1.232     2.4454
1.232     2.4768
1.258     2.9784
1.311     2.7276
1.347     1.4735
1.316     0.0941
1.258     -0.2822
1.253     -0.4703
1.258     -0.5016
1.305     0.2508
1.384     1.4108
1.384     2.2573
1.378     2.6649
1.368     1.5049
1.41     0.2195
1.441     0.4389
1.451     1.3168
1.457     2.5395
1.525     3.2606
1.514     2.8844
1.514     2.226
1.556     2.5081
1.634     2.4768
1.707     1.8497
1.775     0.9405
1.754     -0.0627
1.817     -0.533
1.833     -0.5643
1.848     0.2508
1.911     1.5362
1.901     1.3168
1.921     1.1914
1.948     2.1319
1.974     2.9157
1.989     3.6681
2.015     3.2606
2.047     2.0379
2.104     1.3168
2.135     1.6303
2.151     2.6649
2.172     3.2292
2.172     2.6335
2.235     1.5676
2.271     0.6584
2.276     0.0627
2.355     0.7524
2.318     1.2227
2.376     1.6616
2.407     1.1914
2.423     0.9405
2.433     2.2887
2.428     3.2292
2.475     3.5114
2.491     3.5427
2.475     2.7589
2.449     2.1946
2.454     2.3827
2.438     2.0065
2.485     1.4735
2.496     1.16
2.464     1.16
2.47     0.9719
2.464     0.9092
2.454     1.16
2.444     1.2854
2.48     -0.0314
2.48     -0.6584
2.475     -0.0314
2.522     1.066
2.511     2.5081
2.506     2.7903
2.564     2.1946
2.611     1.6303
2.579     1.5989
2.6     2.2573
2.631     2.8844
2.678     3.4173
2.663     4.0757
2.694     3.5427
2.736     0.6584
2.736     -1.5989
2.783     -1.787
2.804     -0.7838
2.825     1.0346
2.846     2.8844
2.877     3.2292
2.934     1.4422
2.945     -0.9405
2.94     -1.787
2.95     -0.9405
2.929     2.32
2.997     5.9882
3.039     6.3017
3.049     3.5427
3.07     1.0033
3.101     -0.0314
3.128     0.9405
3.143     2.6335
3.143     2.853
3.195     1.5676
3.242     0.0314
3.195     -0.627
3.221     0.0941
3.258     0.7211
3.31     0.4076
3.347     0.3449
3.389     0.4389
3.425     0.4703
3.394     0.8465
3.404     0.7838
3.43     1.0973
3.425     2.32
3.389     3.6995
3.383     4.3579
3.404     2.8216
3.415     -0.0314
3.441     -1.3481
3.409     -1.0033
3.441     0.9719
3.498     2.9157
3.441     3.0725
3.378     1.8184
3.394     0.9719
3.357     -0.2822
3.342     -0.9719
3.336     -0.1568
3.336     1.066
3.357     2.1946
3.368     2.1946
3.331     1.6616
3.389     1.4735
3.352     1.4735
3.352     2.1633
3.352     2.6022
3.368     2.0692
3.357     1.1914
3.425     0.5016
3.389     -0.5957
3.368     -0.5957
3.451     -0.5957
3.467     -0.1254
3.42     1.1914
3.456     1.9125
3.472     1.7243
3.488     1.3481
3.472     -0.2822
3.503     -1.2227
3.488     -0.3762
3.472     2.0692
3.524     4.3892
3.556     5.2357
3.592     3.3546
3.545     1.3795
3.524     0.5016
3.524     1.4108
3.488     1.4108
3.545     0.8778
3.577     0.3762
3.524     -0.3449
3.514     -0.4076
3.535     0.3449
3.582     1.0973
3.556     1.2854
3.577     1.0346
3.603     0.8778
3.629     1.5989
3.624     2.4768
3.65     2.226
3.639     1.787
3.644     1.8184
3.613     3.0411
3.66     4.2952
3.676     3.8876
3.671     2.2887
3.65     0.5643
3.613     0.0314
3.686     1.0346
3.749     2.1006
3.754     1.7557
3.801     0.5643
3.811     -0.5957
3.848     -0.3762
3.885     0.6584
3.937     1.4422
3.989     2.226
4.036     2.853
4.078     2.4141
4.099     1.4108
4.046     0.6897
4.036     1.5676
4.041     2.7903
4.14     3.2919
4.167     3.0725
4.182     2.4768
4.214     1.7557
4.24     1.6303
4.266     1.3168
4.297     0.2508
4.292     -0.4389
4.255     -0.5643
4.229     -0.0941
4.271     0.7838
4.365     0.9092
4.334     0.8151
4.412     0.0627
4.438     -0.5643
4.428     0.9092
4.422     3.1665
4.412     4.0757
4.443     3.3233
4.448     1.5362
4.433     1.1287
4.454     2.7589
4.469     4.546
4.475     4.013
4.464     1.5676
4.454     -0.533
4.438     -0.8778
4.428     -0.4076
4.443     -0.0314
4.506     0.5643
4.542     1.4735
4.49     1.8184
4.464     1.8811
4.542     1.4422
4.563     0.8778
4.511     1.4108
4.485     1.7243
4.438     1.6303
4.459     1.6616
4.438     2.1006
4.475     3.1038
4.454     3.2292
4.443     2.9157
4.48     2.5081
4.464     1.1914
4.438     0.2822
4.428     0.4076
4.469     0.4703
4.49     0.3449
4.511     0.1568
4.48     -0.2195
4.459     0.3135
4.495     1.9438
4.527     2.5395
4.542     2.2573
4.527     0.9719
4.48     -0.3762
4.506     0.1881
4.553     2.0692
4.548     3.6054
4.516     2.6335
4.595     0.7211
4.621     0.4389
4.584     1.066
4.563     1.8184
4.563     2.5708
4.595     1.5676
4.569     -0.5016
4.542     -1.4735
4.558     -1.2854
4.626     -0.0941
4.683     2.6962
4.663     1.4422
4.683     -0.0627
4.657     0.8151
4.663     2.4454
4.699     2.7276
4.715     1.5989
4.668     0.8151
4.683     1.1287
4.689     2.5081
4.621     3.3546
4.647     2.1006
4.642     0.9719
4.626     0.9719
4.668     0.5957
4.694     -0.5957
4.678     -0.8778
4.616     0.3449
4.579     1.0973
4.616     0.9092
4.657     0.0627
4.61     0.2508
4.579     2.32
4.595     3.7935
4.61     2.4141
4.668     0.0627
4.647     -0.3762
4.631     0.8151
4.605     2.0379
4.652     2.9784
4.694     3.0411
4.715     2.1006
4.814     0.7524
4.877     0.3762
4.856     0.627
4.887     0.3762
4.882     -0.4389
4.871     -0.8151
4.877     -0.7211
4.871     0.3449
4.913     2.4141
4.991     2.9471
5.038     1.693
5.028     0.8151
5.059     0.7211
5.075     1.3168
5.059     2.1946
5.059     2.0379
5.091     0.7524
5.101     -0.2822
5.096     0.5957
5.065     2.2573
5.07     2.5708
5.132     1.3795
5.112     -0.3135
5.106     -1.0033
5.117     -0.7838
5.117     0.0627
5.132     0.5016
5.143     0.9092
5.159     1.8497
5.153     2.2887
5.132     2.32
5.085     1.1914
5.075     0.3449
5.106     0.3762
5.143     0.3135
5.148     1.0033
5.096     1.9125
5.117     2.226
5.096     1.6303
5.065     0.3762
5.065     -0.1254
5.018     0.4703
4.986     1.3168
4.981     1.3795
5.018     1.0346
5.059     0.5957
5.044     1.0033
4.971     2.1006
4.918     1.6616
4.918     0.627
4.892     0.5016
4.866     1.7557
4.882     2.5081
4.824     1.1287
4.788     -0.8151
4.788     -0.0941
4.783     2.1006
4.762     2.5395
4.725     2.4454
4.683     1.787
4.642     0.2195
4.663     -0.0627
4.616     0.5643
4.589     1.3795
4.595     1.5989
4.558     1.4735
4.574     0.9719
4.6     0.627
4.558     1.0346
4.563     1.787
4.553     1.0033
4.548     -0.1254
4.563     0.4389
4.569     1.0973
4.553     0.5957
4.527     -0.1881
4.569     0.8151
4.595     1.4108
4.605     1.0033
4.626     0.8151
4.647     1.3481
4.616     2.1006
4.61     2.1319
4.6     0.9719
4.6     -0.7838
4.584     -0.4076
4.626     1.2541
4.652     1.9438
4.642     1.6303
4.657     0.9092
4.668     0.3762
4.757     -0.0314
4.798     0.7524
4.762     1.6303
4.772     1.066
4.746     -0.4076
4.783     -0.8465
4.798     -0.533
4.809     0.9719
4.83     3.2606
4.83     3.8249
4.809     2.8216
4.814     1.3481
4.835     -0.0627
4.861     -0.4076
4.856     0.4389
4.887     1.1914
4.913     0.4076
4.882     -0.4703
4.898     0.3762
4.96     1.7243
4.991     1.9438
5.012     0.8778
5.054     -0.9092
5.049     -1.9752
5.054     -0.8778
5.033     0.8778
5.059     1.787
5.054     2.6335
5.085     3.1979
5.049     2.6649
5.075     1.6303
5.075     0.8151
5.065     0.7524
5.08     0.7211
5.138     0.7524
5.117     1.3168
5.065     1.4108
5.054     0.1881
5.112     -0.0941
5.059     1.0033
5.033     1.8497
5.08     1.4422
5.075     -0.6897
5.122     -2.0065
5.096     -1.6616
5.08     -0.4076
5.148     1.0346
5.159     1.8184
5.138     1.7243
5.106     2.1946
5.075     1.9438
5.07     0.4703
5.101     0.3135
5.164     1.066
5.2     1.4735
5.258     1.8184
5.268     1.7557
5.289     1.693
5.32     1.3481
5.331     0.5016
5.357     -0.3449
5.326     -1.0033
5.273     -0.1881
5.263     1.2227
5.31     1.2227
5.388     -0.3135
5.341     -0.8151
5.326     -0.9405
5.367     0.3762
5.352     2.2887
5.315     3.1038
5.388     3.4173
5.414     3.2292
5.362     2.7276
5.352     2.2573
5.404     1.2854
5.42     0.9092
5.394     1.0033
5.43     0.4076
5.461     -0.5016
5.503     -1.0033
5.461     -1.3168
5.435     -0.0627
5.446     0.2508
5.467     -0.5016
5.493     -0.533
5.472     -0.0314
5.446     0.9405
5.446     1.8811
5.456     2.3514
5.508     2.5395
5.519     3.0098
5.566     3.9817
5.571     4.4519
5.555     1.5049
5.54     0.7524
5.519     0.3762
5.54     -0.4076
5.566     -0.1568
5.555     0.4389
5.576     -0.1881
5.576     -0.6897
5.566     -1.0973
5.566     -0.9405
5.54     0.4703
5.524     1.9438
5.555     2.1633
5.618     2.1319
5.639     2.226
5.665     2.6649
5.634     2.1006
5.608     1.693
5.628     2.6335
5.634     2.7903
5.597     1.8497
5.634     0.0627
5.649     -0.1568
5.623     1.4422
5.639     1.6616
5.675     0
5.696     -1.2227
5.712     -1.5049
5.702     -0.8151
5.717     0.533
5.722     0.627
5.691     0.0314
5.696     0.3449
5.681     1.3168
5.728     2.6649
5.764     3.4487
5.806     2.7903
5.801     1.2854
5.728     0.1881
5.743     0.8151
5.785     2.3514
5.764     2.3514
5.759     1.0033
5.78     -0.4389
5.78     -0.6897
5.785     0.1881
5.806     0.533
5.806     -0.5643
5.822     -1.6303
5.827     -1.7243
5.843     -0.9405
5.843     0.7211
5.796     2.0065
5.811     2.6649
5.801     2.7276
5.796     2.1946
5.806     2.1319
5.863     2.4454
5.895     2.6335
5.879     2.1319
5.832     0.7524
5.843     -0.4703
5.91     -0.4076
5.884     0.627
5.91     1.5049
5.942     1.0973
5.931     -0.2195
5.879     -1.7243
5.827     -2.1633
5.811     -0.6584
5.869     1.5989
5.91     2.0065
5.874     1.16
5.832     1.3795
5.827     2.0379
5.811     2.853
5.822     3.48
5.796     2.9157
5.775     0.9405
5.785     -0.1881
5.853     0.5643
5.884     0.8465
5.916     0.3762
5.916     0.3449
5.89     0.7524
5.858     0.1254
5.843     -0.2508
5.853     -0.0314
5.895     -0.2822
5.827     -0.0941
5.796     0.3449
5.816     0.5016
5.874     1.4108
5.937     3.1038
5.874     3.1352
5.884     1.8811
5.884     1.5049
5.952     1.6616
6.01     1.9438
5.957     0.8778
5.963     0.5957
5.984     0.9719
5.984     1.2541
5.89     1.3795
5.858     0.1568
5.9     -1.1287
5.926     -0.8778
5.91     0.3135
5.869     0.627
5.89     0.3449
5.801     1.5049
5.869     2.4768
5.926     2.6962
5.9     2.9784
5.916     2.9784
5.895     1.7243
5.853     0.4703
5.816     -0.1568
5.827     0.6584
5.9     1.3481
5.921     0.627
5.921     -0.3449
5.957     -0.627
5.968     -0.2195
5.984     -0.4076
6.01     -0.6584
6.041     0.5016
6.13     1.8497
6.114     1.0033
6.156     -0.5957
6.14     -0.0314
6.119     1.9438
6.135     3.386
6.135     2.9784
6.109     0.6897
6.114     -0.2822
6.109     0.627
6.119     1.6616
6.145     0.5016
6.135     -0.8778
6.124     -1.5989
6.098     -2.3827
6.104     -2.32
6.119     0.3135
6.098     2.9471
6.124     2.4454
6.14     0.0627
6.104     -1.3481
6.072     -0.4076
6.041     1.9752
6.083     1.8184
6.166     -0.1254
6.151     -0.2195
6.109     1.787
6.119     3.2292
6.145     2.7589
6.151     0.8778
6.124     -1.16
6.093     -2.7276
6.14     -2.7589
6.182     -1.1914
6.203     -0.2822
6.192     0
6.166     0.3135
6.208     1.1287
6.265     2.2573
6.271     2.5081
6.255     1.0346
6.297     -0.4703
6.318     -0.8465
6.386     -0.2822
6.433     0.533
6.422     0.9719
6.422     1.0033
6.438     2.2887
6.495     3.4173
6.516     2.5081
6.542     0.3135
6.527     -1.8184
6.506     -2.2573
6.547     -0.9719
6.615     0.3449
6.594     0.5016
6.594     -0.3135
6.652     0.3135
6.694     1.7243
6.704     2.1319
6.683     1.5049
6.746     0.627
6.73     -0.1254
6.709     -0.4703
6.761     0.3762
6.798     1.3481
6.814     1.5989
6.756     0.9719
6.761     0.2508
6.845     0.2195
6.845     0.6584
6.788     0.5957
6.788     -0.0941
6.829     -1.16
6.84     -1.2227
6.855     -0.8465
6.861     -0.3449
6.876     0.9719
6.913     2.3514
6.861     2.32
6.782     1.9125
6.814     1.6303
6.861     0.8778
6.902     0.1254
6.897     0.0314
6.882     0.2508
6.876     0
6.845     -0.627
6.96     -0.4703
6.944     1.16
6.939     2.32
6.976     -0.0314
7.002     -2.4454
7.017     -2.5395
6.976     -0.7524
6.996     0.2822
7.023     0.7838
7.059     0.9092
7.033     1.066
6.991     2.0379
7.002     2.6022
6.981     2.1006
6.981     0.8465
7.038     -0.4076
7.075     -0.9092
7.085     -0.4703
7.085     0.2195
7.059     0.8151
7.09     0.8151
7.09     0.6584
7.049     0.6897
7.002     -0.0941
6.981     -0.5957
6.996     -0.5957
6.991     -1.2541
6.991     -1.0033
6.944     0.5643
6.981     2.0379
7.007     2.5395
6.955     1.8184
6.923     0.8151
6.887     1.066
6.861     0.8465
6.824     0.2195
6.85     -0.533
6.887     -1.066
6.866     0
6.808     1.5676
6.819     1.4422
6.808     0.2822
6.788     -0.8151
6.767     -0.7838
6.808     -0.3135
6.85     -0.3135
6.861     0.0314
6.85     1.0033
6.855     1.2227
6.84     0.7211
6.85     0.9405
6.887     1.5989
6.908     1.8497
6.944     1.0033
6.939     -0.1881
6.944     -0.3449
6.876     0.6897
6.876     1.5676
6.902     0.5016
6.897     -0.8151
6.913     -1.0033
6.861     0.5016
6.866     1.0033
6.934     -0.0314
6.96     -0.6897
6.949     0
6.897     1.5989
6.923     1.7243
6.929     0.9719
6.908     1.4422
6.97     2.226
6.965     2.3827
6.934     1.2541
6.918     -0.2822
6.913     -0.8151
6.902     0.0314
6.887     0.2195
6.923     -0.4076
6.96     -1.066
6.981     -0.9719
6.96     0.1254
6.965     1.16
6.965     1.066
6.965     0.6584
6.976     0.4389
7.028     0.5957
7.096     0.7524
7.174     0.7524
7.132     1.1287
7.106     1.2227
7.106     0.8778
7.127     1.7243
7.153     2.6649
7.174     1.9125
7.221     0.1568
7.247     -2.0379
7.284     -2.32
7.284     -0.3449
7.315     1.2227
7.341     0.8151
7.351     -0.2822
7.336     -0.7838
7.372     0.1568
7.383     1.2227
7.388     1.16
7.44     1.16
7.466     1.5362
7.43     1.0973
7.456     0.8151
7.492     0.5643
7.472     1.0346
7.508     1.7557
7.576     0.8151
7.649     0.7838
7.665     0.9092
7.68     0.7524
7.696     -0.6584
7.738     -1.4422
7.696     -0.627
7.722     -0.0314
7.764     -0.3135
7.795     0.2195
7.837     1.2227
7.889     2.2573
7.973     1.5989
8.02     0.0314
7.973     -0.4703
7.983     0.0627
8.067     0.627
8.135     0.6897
8.166     0.8465
8.145     1.1287
8.15     1.4108
8.187     1.4735
8.213     0.7524
8.302     0
8.302     -0.7838
8.391     -1.1287
8.438     -2.1946
8.453     -2.1633
8.479     -1.1914
8.469     0.0314
8.531     1.0973
8.589     1.787
8.636     1.693
8.688     1.3795
8.646     0.7838
8.704     -0.1254
8.704     -0.0627
8.714     1.0346
8.813     1.4108
8.829     1.066
8.871     1.3481
8.975     1.5676
9.017     1.8497
9.001     0.7838
8.96     -0.5016
8.986     -0.7211
8.996     -0.2508
8.996     -0.1568
9.064     -1.0973
9.184     -1.8497
9.226     -0.4703
9.189     1.5676
9.205     1.8811
9.226     1.3795
9.242     1.0033
9.273     0.6897
9.32     1.1287
9.325     1.0033
9.32     0.5643
9.383     0.3762
9.367     0.9405
9.336     1.9125
9.336     1.4108
9.403     0.1881
9.367     -0.3449
9.367     -0.7211
9.356     -1.2541
9.362     -0.8465
9.367     0.1254
9.377     0.1568
9.372     -1.0973
9.356     -1.8811
9.351     -0.3762
9.383     2.1006
9.435     3.2606
9.424     2.32
9.435     0
9.414     -0.2822
9.388     1.1914
9.372     1.5676
9.445     1.0973
9.43     1.1287
9.377     1.7243
9.383     1.787
9.362     0.2195
9.336     -1.1914
9.304     -1.2541
9.32     -0.1568
9.341     0.4076
9.346     -0.627
9.336     -1.5989
9.336     0
9.304     1.8184
9.294     1.5049
9.252     1.066
9.205     1.0346
9.2     1.3795
9.205     2.0692
9.262     2.1319
9.356     0.9719
9.336     -0.1881
9.341     -0.3762
9.388     0.1881
9.367     0.9405
9.398     0.9092
9.393     0.8778
9.388     -0.1568
9.383     -1.5676
9.43     -1.2541
9.45     0.3762
9.471     0.3135
9.466     0.0627
9.477     0.0941
9.492     1.2854
9.45     2.5081
9.492     2.1946
9.597     1.0973
9.607     0.1568
9.602     1.0346
9.581     1.5362
9.576     1.1914
9.644     0.5016
9.701     -0.627
9.675     -0.7838
9.644     -0.0314
9.675     -0.4389
9.711     -0.6897
9.717     0
9.764     -0.2508
9.79     -1.0973
9.811     -1.3168
9.753     -0.2195
9.738     1.9438
9.816     2.7589
9.826     2.0065
9.837     0.5957
9.852     -0.533
9.811     0.0941
9.795     1.5989
9.826     1.9752
9.863     1.787
9.868     0.8778
9.889     -1.0346
9.863     -1.693
9.852     -0.4703
9.899     0.5016
9.905     0.1881
9.873     -1.2541
9.91     -2.0379
9.946     -1.3168
9.967     0.2195
10.025     1.066
10.082     0.2822
10.129     -0.6584
10.124     0.4076
10.129     1.693
10.166     1.9752
10.187     1.8811
10.213     0.7524
10.254     -0.0314
10.265     -0.0314
10.286     0.0941
10.385     0.3449
10.39     0.1254
10.406     -0.8151
10.463     -1.3481
10.495     -1.5362
10.505     -1.3481
10.547     -0.3449
10.594     0.2195
10.615     0.0941
10.61     0.4389
10.651     0.3762
10.698     0.6897
10.704     1.7243
10.74     2.2887
10.756     2.2887
10.724     1.4735
10.704     0.3449
10.792     0.3135
10.787     0.3135
10.771     0.0627
10.829     0.2508
10.798     -0.4076
10.777     -1.4422
10.85     -1.4735
10.839     -0.533
10.798     -0.2508
10.808     -0.7838
10.808     -1.4422
10.85     -0.9405
10.865     0.4076
10.865     1.5049
10.886     2.1946
10.876     1.2854
10.803     0.5957
10.787     0.5643
10.777     0.4389
10.798     1.0973
10.824     1.9752
10.798     1.4422
10.777     -0.0627
10.719     -1.2227
10.761     -1.5049
10.818     -0.9719
10.798     -0.3762
10.751     -0.6584
10.766     -1.0973
10.735     -1.7243
10.719     -1.16
10.74     0.4076
10.693     1.5049
10.683     1.3481
10.667     0.8465
10.641     0.3449
10.688     1.1287
10.683     1.9752
10.594     1.0346
10.578     -0.2195
10.563     -0.4703
10.573     -0.4703
10.5     -0.9719
10.463     -0.9719
10.448     -1.16
10.406     -1.5049
10.406     -1.2541
10.406     -0.2508
10.375     0.1254
10.395     0.533
10.385     0.8778
10.333     0.3135
10.275     0
10.286     0.8465
10.286     2.1633
10.254     2.5081
10.249     1.693
10.312     0.9719
10.307     0.3449
10.27     -0.5957
10.286     -0.2508
10.328     -0.0941
10.364     -0.6584
10.364     -0.6897
10.348     -1.2854
10.385     -1.5049
10.354     -0.5016
10.39     0.1568
10.432     0.0941
10.375     -0.0314
10.427     0
10.495     -0.0627
10.463     0.3449
10.479     1.16
10.453     1.9752
10.437     1.5989
10.495     0.8465
10.432     0.2195
10.489     -0.1568
10.552     0.4076
10.526     0.533
10.542     -0.4076
10.583     -1.2227
10.594     -1.5362
10.552     -1.1914
10.531     -0.5957
10.542     -0.4076
10.557     -0.5957
10.583     -0.627
10.646     -0.4076
10.646     0.2822
10.62     1.4735
10.657     1.16
10.693     0.8465
10.698     0.627
10.761     0.4389
10.782     0.8151
10.724     0.7524
10.751     -0.0627
10.777     -0.8465
10.787     -1.1287
10.782     -1.0033
10.803     -1.066
10.756     -1.5676
10.766     -1.0033
10.745     -0.4076
10.808     -0.533
10.839     -0.3762
10.824     0.1881
10.871     0.4389
10.918     0.7211
10.97     0.7838
11.001     0.5016
10.949     0.5016
10.944     1.066
10.933     0.7211
10.891     0.5016
10.97     0.3762
10.918     -0.4076
10.912     -1.2227
10.97     -1.787
10.965     -1.5989
10.965     -1.0973
11.022     -0.6897
10.991     -0.6897
10.954     -0.8151
10.944     -0.5643
11.006     0.1881
11.038     0.5957
11.022     0.1881
11.053     0.0941
10.954     0.3762
10.933     0.7838
10.928     1.3168
10.907     0.8465
10.928     0.2195
10.991     -0.5643
11.017     -0.8778
11.017     -0.9405
11.017     -0.7838
11.038     -0.9092
10.97     -1.7243
10.944     -1.6303
10.881     -0.2508
10.891     0.3135
10.928     -0.1254
10.918     -0.4076
10.928     0.1568
10.944     0.8778
10.876     1.066
10.876     0.8778
10.918     0.5957
10.871     0.4076
10.844     0.0941
10.844     -0.1568
10.85     -0.6584
10.839     -1.0973
10.808     -1.3168
10.803     -1.3795
10.777     -0.9719
10.756     -0.9405
10.824     -0.8778
10.844     -0.4076
10.881     -0.1881
10.881     0.1254
10.912     0.1568
10.928     0.1254
10.933     0.4703
10.97     0.7524
10.949     0.7524
10.897     0.8465
10.933     0.4076
11.001     -0.0314
10.954     -0.4076
10.933     -0.7524
10.996     -0.9092
11.064     -0.9092
11.059     -1.1287
11.053     -1.066
10.991     -1.0033
10.949     -0.8778
10.928     -0.5016
10.975     -0.1881
11.043     -0.0941
11.001     0.3762
10.98     0.4703
11.012     0.7211
11.006     0.7524
11.027     0.3135
10.965     0.6897
10.965     0.533
11.027     0.0314
10.98     -0.1881
10.991     -0.4389
11.022     -0.627
11.027     -0.9405
11.053     -1.6303
11.038     -1.0033
11.043     -0.4389
11.038     -0.1881
11.017     0
11.043     -0.4076
11.106     -0.6897
11.064     -0.2195
11.038     -0.1254
11.069     -0.0627
11.085     0.2195
11.074     0.1881
11.137     0.2508
11.126     0.3135
11.116     0.0941
11.147     0.0627
11.158     -0.0941
11.194     -0.627
11.194     -0.6584
11.21     -0.7524
11.21     -0.9719
11.252     -1.1287
11.288     -1.3481
11.278     -0.7524
11.273     -0.3135
11.299     -0.4703
11.325     -0.3135
11.32     -0.2195
11.262     0.1568
11.288     0.6584
11.346     0.3762
11.367     0.2822
11.356     0.7211
11.429     0.9719
11.471     0.6584
11.466     0.2822
11.434     -0.3135
11.44     -0.5016
11.476     -0.1881
11.497     -0.2822
11.476     -0.5643
11.471     -1.0346
11.45     -1.3795
11.461     -0.7838
11.508     -0.4703
11.544     -0.3449
11.581     -0.2822
11.581     -0.1881
11.596     0.1254
11.602     0.4389
11.617     0.5016
11.654     0.5957
11.638     0.3449
11.638     -0.0314
11.727     0.2195
11.732     -0.2508
11.732     -0.7838
11.769     -0.7524
11.842     -1.0973
11.852     -1.16
11.837     -0.8778
11.889     -0.6584
11.931     -0.7524
11.957     -0.6897
11.972     -0.2195
11.951     -0.3762
11.951     -0.1881
11.946     0.4076
11.967     0.4703
12.019     0.8778
12.04     0.6897
12.056     0.0941
12.092     -0.1254
12.124     -0.1254
12.129     -0.3135
12.171     -0.3762
12.181     -0.6584
12.212     -0.9719
12.233     -0.9405
12.265     -1.3168
12.28     -1.2227
12.249     -1.0033
12.27     -0.9719
12.374     -0.7838
12.453     -0.5643
12.432     -0.4389
12.416     0.2195
12.463     0.4389
12.489     0.6584
12.505     0.6584
12.505     0.3449
12.5     -0.1254
12.552     -0.3135
12.573     0.1254
12.557     0.3135
12.594     -0.2508
12.588     -1.0346
12.63     -1.3481
12.682     -1.2541
12.688     -0.9092
12.714     -0.6897
12.735     -1.1914
12.672     -1.5049
12.682     -0.7838
12.708     -0.5016
12.766     0.1568
12.771     0.3449
12.766     0.2195
12.808     0.2822
12.886     0.1881
12.933     0.0314
12.896     0.0627
12.886     -0.4703
12.917     -1.0033
12.928     -0.9092
12.933     -1.3481
12.938     -1.3481
13.027     -0.9092
13.053     -1.1914
13.079     -0.8151
13.095     -0.5016
13.032     -1.0973
13.105     -1.0033
13.084     -0.5957
13.027     -0.2508
13.048     0.0314
13.069     0.1568
13.079     0.2195
13.053     -0.1881
13.116     -0.5016
13.116     -0.0941
13.126     -0.1254
13.105     -0.3135
13.069     -0.4076
13.069     -1.3481
13.069     -1.7557
13.064     -1.066
13.105     -0.1254
13.09     -0.1568
13.09     -1.2227
13.111     -2.0065
13.079     -0.9405
13.095     -0.1568
13.173     -0.3449
13.173     -0.0941
13.204     0.3762
13.204     -0.2822
13.163     -0.4076
13.194     -0.2508
13.231     -0.3135
13.262     -0.533
13.215     -0.1568
13.173     0.2195
13.215     -0.627
13.236     -1.3168
13.225     -0.7524
13.272     -0.5643
13.246     -0.5957
13.257     -0.1568
13.309     -1.2227
13.262     -2.3514
13.184     -1.1914
13.231     0.7524
13.21     0.5643
13.147     -0.6584
13.21     -0.7524
13.194     -0.3135
13.137     -0.2822
13.152     0.4389
13.163     -1.2541
13.147     -2.2887
13.168     -1.1914
13.142     -0.3449
13.084     -0.6897
13.09     -1.4422
13.116     -2.0692
13.079     -1.8497
13.116     -0.7838
13.137     -0.3449
13.116     -0.1568
13.116     -0.3449
13.126     -0.4703
13.064     -0.3449
13.064     -0.5957
13.09     -0.4076
13.032     0.2508
13.022     -0.0314
13.053     -0.4076
13.053     -0.9405
13.048     -1.5989
13.017     -2.226
13.011     -2.2887
13.017     -1.5362
13.022     -0.9719
13.048     -1.5362
13.074     -2.0379
13.053     -1.6303
13.022     -0.4389
13.053     0.5957
13.079     0.7211
13.069     -0.2195
13.058     -0.6897
13.058     -0.533
13.064     0.2508
13.037     -0.0314
13.037     -1.066
13.048     -1.0973
13.074     -1.0346
13.064     -0.5643
13.116     -0.2822
13.158     -0.6584
13.152     -1.787
13.137     -2.1319
13.116     -1.9752
13.126     -1.2541
13.131     -0.7838
13.163     -0.627
13.163     -0.533
13.163     -0.6584
13.168     -0.4389
13.22     0.0941
13.184     0.3449
13.168     0.5957
13.22     0.1254
13.236     -0.9092
13.215     -1.5989
13.147     -1.3795
13.199     -1.066
13.225     -0.5957
13.21     -0.4389
13.22     -1.3168
13.204     -2.1006
13.21     -2.1006
13.22     -2.2887
13.189     -1.7557
13.199     -1.1287
13.194     -0.8778
13.215     -0.5643
13.283     -0.3135
13.272     0.0627
13.293     0.7211
13.246     0.4076
13.246     0.0941
13.236     0.0941
13.241     -0.2508
13.251     -0.0314
13.241     -0.627
13.283     -1.6303
13.351     -2.0065
13.33     -2.1633
13.257     -2.32
13.251     -1.8497
13.304     -1.5362
13.351     -1.6616
13.335     -1.787
13.298     -1.693
13.298     -1.2854
13.319     -0.8465
13.314     -0.1881
13.34     0.3762
13.293     0.1568
13.288     0
13.319     0.2508
13.304     0.0314
13.272     -0.0941
13.257     -0.3449
13.267     -1.1914
13.304     -1.4422
13.351     -1.3795
13.319     -1.6303
13.293     -1.693
13.351     -1.6616
13.356     -1.787
13.298     -1.3481
13.361     -1.3168
13.392     -1.4735
13.366     -1.2227
13.34     -0.7838
13.33     -0.0941
13.366     0.3762
13.398     0.3135
13.439     -0.3449
13.408     -0.8151
13.392     -0.5016
13.392     -0.8778
13.361     -1.4422
13.314     -1.3481
13.356     -1.4422
13.372     -1.693
13.345     -2.1633
13.33     -2.8216
13.351     -2.7589
13.335     -2.32
13.304     -1.3795
13.377     -0.8151
13.351     -1.0973
13.361     -0.9405
13.387     -0.0314
13.304     0.5016
13.314     0.8151
13.34     0.4703
13.351     -0.3762
13.387     -0.4703
13.429     -0.1881
13.403     -0.4389
13.356     -1.0973
13.403     -2.1006
13.419     -2.6649
13.387     -1.9438
13.408     -1.8811
13.387     -2.4141
13.377     -2.853
13.429     -2.6022
13.455     -1.4735
13.455     -0.2508
13.413     0.0314
13.351     -0.0627
13.434     -0.1881
13.419     0.1568
13.413     0.1254
13.429     -0.5016
13.413     -0.4703
13.471     0.0627
13.471     0.1568
13.429     -0.2508
13.476     -1.4108
13.471     -2.2573
13.466     -2.4141
13.471     -2.4454
13.492     -2.7276
13.518     -2.7276
13.539     -1.9752
13.586     -1.4422
13.591     -1.1914
13.575     -0.7838
13.601     0.3449
13.633     0.9092
13.617     0.4076
13.627     -0.0627
13.622     -0.5016
13.674     -0.2822
13.674     -0.2508
13.664     -0.9719
13.685     -1.6303
13.685     -1.0973
13.732     -0.627
13.763     -1.3795
13.748     -2.1633
13.779     -3.0725
13.774     -2.9157
13.742     -2.7589
13.748     -2.6649
13.779     -1.5362
13.758     -0.5957
13.753     -0.3449
13.768     -0.3135
13.768     -0.7211
13.753     -0.8465
13.789     -0.2195
13.779     0.4389
13.784     0
13.784     -0.6584
13.805     -1.2541
13.868     -1.2227
13.831     -1.1914
13.847     -1.693
13.847     -2.2573
13.925     -2.4454
13.972     -2.1946
14.009     -2.0065
14.045     -2.3827
14.056     -2.5708
14.066     -2.0692
14.024     -1.0973
14.045     -0.5016
14.05     -0.3762
14.103     -0.2508
14.176     0.2822
14.238     0.0941
14.223     -0.627
14.238     -0.8778
14.238     -0.7838
14.291     -0.8778
14.317     -0.9092
14.353     -1.6616
14.379     -2.0065
14.343     -2.5081
14.384     -2.3514
14.411     -1.4735
14.447     -1.066
14.494     -2.1633
14.473     -2.32
14.426     -0.7838
14.426     -0.2508
14.431     -0.3135
14.426     0.2822
14.458     0.6584
14.468     -0.1568
14.51     -0.3135
14.525     0.0941
14.562     -0.8465
14.562     -2.1006
14.572     -1.5989
14.619     -1.16
14.604     -1.4108
14.619     -1.5676
14.646     -1.9752
14.672     -3.2292
14.651     -3.0725
14.672     -1.3168
14.76     -1.3795
14.807     -2.2573
14.854     -0.9405
14.881     0.5957
14.875     0.2508
14.849     -0.1254
14.839     0.0941
14.854     0.0941
14.907     -0.1254
14.896     -0.3762
14.901     -0.8465
15.011     -1.4422
15.105     -1.787
15.142     -1.2227
15.136     -1.3168
15.136     -1.8811
15.147     -1.5049
15.183     -1.8497
15.173     -2.6022
15.173     -2.2887
15.147     -1.5049
15.142     -0.9092
15.209     -0.8778
15.22     -0.7524
15.241     -0.2195
15.283     -0.2508
15.319     -0.2822
15.319     -0.4076
15.288     -1.8184
15.34     -2.1633
15.418     -0.4389
15.439     0.2508
15.424     -1.1914
15.413     -1.9125
15.471     -1.5676
15.491     -1.1287
15.476     -1.4735
15.455     -1.9438
15.455     -2.0065
15.45     -1.3481
15.424     -0.533
15.46     -0.8465
15.471     -1.787
15.502     -0.9092
15.486     -0.0941
15.481     -0.533
15.544     -0.7838
15.544     -0.627
15.528     -0.3762
15.512     -0.2195
15.523     -0.9719
15.533     -1.787
15.533     -1.8497
15.57     -1.5049
15.585     -1.4108
15.622     -1.8811
15.638     -2.4768
15.653     -1.7557
15.658     -0.9719
15.648     -1.066
15.711     -1.0346
15.758     -1.0346
15.737     -1.2227
15.705     -1.2854
15.721     -1.4422
15.732     -1.1914
15.742     -0.5016
15.779     -0.0314
15.826     -0.1254
15.784     -0.5957
15.789     -1.4735
15.789     -1.4108
15.732     -1.5676
15.721     -1.9125
15.784     -1.5989
15.831     -1.16
15.846     -1.16
15.831     -0.627
15.841     -1.0346
15.758     -1.0973
15.726     -1.0033
15.81     -1.3481
15.779     -1.7243
15.716     -1.8811
15.695     -1.1914
15.721     -0.5957
15.711     -0.7211
15.758     -1.0346
15.805     -1.4422
15.826     -0.9719
15.784     -0.8151
15.805     -1.5049
15.768     -1.7557
15.742     -1.5362
15.7     -1.0033
15.69     -0.9405
15.685     -1.6616
15.705     -1.8184
15.711     -1.6303
15.69     -1.4422
15.7     -1.0973
15.658     -0.8778
15.648     -1.1914
15.674     -0.7838
15.664     -0.7524
15.664     -0.8465
15.742     -0.8778
15.685     -1.2227
15.653     -0.9719
15.627     -0.8778
15.632     -1.6616
15.632     -1.9752
15.653     -1.8184
15.653     -1.4422
15.658     -1.1287
15.679     -1.5049
15.7     -1.8497
15.716     -1.5676
15.664     -1.5049
15.711     -1.6616
15.732     -1.4735
15.742     -1.5362
15.789     -1.4422
15.773     -1.2541
15.721     -1.7557
15.726     -1.3168
15.732     -1.3168
15.763     -1.2227
15.805     -0.9092
15.826     -1.2227
15.799     -1.5049
15.768     -1.5989
15.846     -2.3827
15.878     -2.4768
15.904     -1.8497
15.899     -1.3481
15.899     -0.6584
15.967     -0.6897
15.951     -1.066
15.961     -0.8151
15.987     -1.1287
16.024     -1.4422
16.014     -1.6616
16.024     -1.9125
16.061     -1.9752
16.04     -1.3168
16.05     -1.2854
16.118     -1.4735
16.113     -1.8811
16.092     -2.1319
16.102     -1.7243
16.118     -1.1914
16.087     -1.2854
16.128     -1.3795
16.092     -1.693
16.04     -1.5676
16.149     -1.2854
16.154     -1.0033
16.108     -0.627
16.087     -0.8465
16.102     -1.4422
16.149     -1.6616
16.186     -1.7243
16.201     -1.8811
16.201     -1.693
16.228     -1.9125
16.191     -1.693
16.222     -1.3168
16.222     -1.4735
16.201     -1.5989
16.201     -1.8811
16.254     -1.787
16.29     -1.4108
16.28     -1.3481
16.243     -1.066
16.217     -0.7838
16.243     -1.2227
16.254     -1.1914
16.269     -1.16
16.363     -1.3168
16.322     -1.1914
16.29     -0.7838
16.28     -0.7524
16.275     -1.0033
16.269     -1.7243
16.212     -2.3514
16.17     -2.226
16.238     -1.9438
16.269     -1.2227
16.275     -1.2541
16.243     -1.5049
16.259     -1.4735
16.285     -1.2227
16.248     -1.2227
16.217     -0.6897
16.186     -1.16
16.196     -1.16
16.196     -0.9719
16.196     -0.8151
16.191     -0.9405
16.196     -1.4735
16.154     -1.4108
16.149     -1.7557
16.165     -1.8811
16.238     -1.6616
16.285     -1.6616
16.29     -1.5049
16.264     -0.9405
16.269     -1.0033
16.259     -1.0033
16.228     -0.4703
16.238     -0.8151
16.243     -1.4422
16.264     -1.3795
16.322     -1.4108
16.342     -1.066
16.301     -1.1914
16.295     -1.3795
16.264     -1.8184
16.275     -2.2573
16.311     -2.2887
16.316     -2.2887
16.332     -2.1319
16.301     -1.2854
16.316     -0.9405
16.327     -1.1287
16.337     -1.16
16.285     -1.4108
16.285     -1.7243
16.374     -1.5049
16.426     -1.4422
16.457     -1.3168
16.463     -1.5362
16.405     -1.9438
16.4     -1.5989
16.431     -1.4735
16.473     -1.7243
16.478     -1.8497
16.489     -2.0379
16.52     -1.9752
16.551     -1.4422
16.577     -1.3795
16.593     -1.4735
16.63     -1.5676
16.63     -1.5989
16.619     -1.1287
16.614     -0.6897
16.614     -1.4422
16.593     -1.7557
16.64     -1.693
16.698     -1.6303
16.755     -1.5989
16.75     -1.5989
16.771     -1.8184
16.771     -1.693
16.734     -1.7243
16.771     -1.7243
16.844     -2.2887
16.906     -2.7589
16.917     -2.5081
16.896     -2.1319
16.959     -1.8497
17.011     -1.5989
17.037     -1.5049
17.032     -1.2541
17.026     -0.7524
17.058     -0.8151
17.037     -1.3795
17.053     -1.3795
17.084     -1.0973
17.105     -1.1914
17.089     -1.5362
17.021     -1.9752
17.042     -2.1633
17.026     -1.8811
16.995     -2.0379
16.985     -1.8811
17     -1.7557
17.047     -1.5362
17.042     -1.8497
16.99     -2.4454
16.953     -1.8497
16.948     -1.1914
16.906     -0.9092
16.901     -0.8778
16.896     -0.8778
16.901     -1.5989
16.932     -1.8811
16.901     -1.7557
16.917     -1.8497
16.906     -2.1006
16.885     -1.787
16.865     -1.5049
16.838     -1.5989
16.818     -1.2227
16.838     -1.16
16.786     -2.0065
16.802     -1.5049
16.844     -0.533
16.844     -0.9719
16.859     -1.787
16.865     -2.0065
16.818     -1.7243
16.865     -0.7211
16.943     -0.8151
16.922     -1.066
16.969     -0.9405
16.943     -0.9405
16.922     -1.7243
16.906     -2.3514
16.917     -2.0379
16.948     -2.3514
16.969     -2.0065
16.99     -1.3481
16.964     -1.8497
16.979     -2.1946
16.99     -1.5049
16.985     -1.4422
17.011     -2.1006
16.985     -1.16
16.974     -1.0346
17.021     -1.4422
17.063     -0.8151
17.126     -1.1287
17.058     -1.7243
17.042     -1.2227
17.105     -0.7524
17.136     -0.9092
17.131     -1.2854
17.194     -1.2227
17.204     -1.693
17.246     -2.1633
17.256     -1.9752
17.235     -2.1633
17.241     -2.0692
17.282     -1.5049
17.34     -1.693
17.319     -1.9752
17.293     -1.2854
17.288     -1.1287
17.298     -1.4422
17.345     -0.8778
17.329     -0.1254
17.376     0.2822
17.428     -0.3449
17.439     -1.066
17.449     -1.6303
17.46     -1.5362
17.47     -1.6616
17.512     -2.1946
17.517     -3.0725
17.491     -3.3233
17.507     -2.8216
17.517     -2.5081
17.491     -2.226
17.554     -1.693
17.58     -1.5676
17.554     -1.4422
17.58     -1.1914
17.622     -1.0346
17.637     -0.627
17.611     -0.1254
17.69     -0.5957
17.7     -1.066
17.7     -1.2227
17.632     -1.7243
17.637     -1.4735
17.653     -1.7557
17.616     -2.1633
17.606     -2.1946
17.596     -1.9438
17.669     -1.8811
17.716     -1.7243
17.663     -1.787
17.648     -1.9752
17.643     -2.32
17.648     -2.226
17.637     -1.7243
17.679     -1.3481
17.71     -1.0346
17.658     -0.5643
17.695     -0.5957
17.695     -0.8778
17.716     -0.8151
17.674     -0.7838
17.679     -0.8465
17.7     -1.066
17.705     -1.0346
17.737     -1.4422
17.763     -1.787
17.747     -2.0379
17.663     -2.2573
17.653     -2.5081
17.653     -2.4141
17.679     -2.1319
17.69     -1.787
17.705     -1.4108
17.752     -0.9092
17.742     -0.7524
17.7     -0.7524
17.71     -1.0973
17.742     -1.1287
17.768     -0.6897
17.784     -0.5643
17.784     -0.9092
17.789     -1.4108
17.778     -1.6303
17.841     -1.8811
17.851     -2.853
17.82     -3.1665
17.836     -2.7276
17.851     -2.4141
17.872     -2.0692
17.914     -2.0379
17.898     -1.5989
17.841     -0.627
17.888     -0.6584
17.961     -1.4422
17.956     -1.693
17.945     -1.4735
18.013     -0.8465
17.992     -0.6897
17.977     -1.2541
17.987     -1.6616
18.029     -2.0379
17.982     -2.3514
17.951     -2.1006
17.987     -2.4454
18.003     -2.8216
17.992     -2.7903
17.977     -2.5708
17.904     -1.9752
17.888     -1.3795
17.893     -0.9092
17.872     -0.4076
17.836     -0.6584
17.799     -0.7211
17.794     -0.7838
17.82     -1.4108
17.773     -1.3795
17.757     -1.1287
17.684     -1.5989
17.637     -1.5989
17.637     -1.3795
17.653     -1.3795
17.637     -1.787
17.643     -2.226
17.637     -2.2573
17.596     -2.1946
17.522     -1.9438
17.444     -1.6616
17.428     -1.3168
17.408     -1.16
17.402     -1.4422
17.418     -1.5362
17.371     -1.787
17.35     -1.4735
17.345     -1.0033
17.371     -1.0033
17.361     -0.9092
17.277     -1.2541
17.204     -1.693
17.209     -1.2854
17.183     -1.5049
17.115     -2.2573
17.047     -2.7589
17.063     -2.8216
17.021     -2.5395
17.021     -2.6335
16.912     -2.6649
16.849     -2.3514
16.927     -2.2573
16.912     -2.1006
16.88     -1.4108
16.927     -0.9405
16.906     -0.3449
16.906     -0.3762
16.854     -1.1287
16.802     -1.16
16.781     -1.3795
16.771     -1.787
16.786     -1.8497
16.791     -2.0692
16.807     -2.226
16.797     -2.0379
16.833     -2.226
16.823     -2.2887
16.812     -1.8497
16.807     -1.693
16.818     -1.9125
16.812     -2.2573
16.786     -2.5081
16.802     -2.1946
16.833     -1.5362
16.891     -1.1914
16.922     -1.2227
16.917     -1.7557
16.917     -1.8811
16.917     -1.3481
16.901     -1.5049
16.917     -1.7243
16.906     -1.6303
16.922     -2.1319
16.959     -2.0692
17.016     -1.693
17.021     -1.8184
16.985     -1.9752
17.021     -2.1319
17.058     -2.4141
17.053     -2.3514
17.079     -2.1946
17.105     -1.5049
17.1     -1.5049
17.063     -1.9125
17.058     -2.0692
17.068     -1.8811
17.073     -1.7557
17.053     -1.1914
17.026     -1.3481
17.026     -1.8184
17.058     -1.5989
17     -1.7557
16.969     -1.8497
16.953     -2.0379
16.985     -2.1319
17.006     -2.0692
16.959     -2.226
16.906     -2.5395
16.943     -2.6335
16.932     -2.1946
16.922     -1.8497
16.938     -1.9752
16.959     -1.5989
16.901     -1.1287
16.833     -1.787
16.818     -1.6303
16.812     -1.4422
16.833     -1.8497
16.844     -1.9125
16.838     -2.1319
16.812     -1.9752
16.786     -1.4422
16.75     -1.8811
16.76     -2.5395
16.75     -2.2887
16.661     -1.9125
16.624     -1.7557
16.588     -1.8497
16.557     -2.1319
16.52     -2.1946
16.504     -2.1946
16.504     -2.0692
16.52     -1.8184
16.478     -1.9125
16.51     -1.5362
16.504     -1.066
16.442     -1.4108
16.4     -1.4422
16.426     -1.5989
16.41     -2.4454
16.473     -2.1319
16.478     -1.5362
16.525     -1.4108
16.551     -1.7557
16.525     -2.5081
16.551     -2.5708
16.572     -1.6616
16.593     -1.5049
16.666     -1.5989
16.713     -1.7243
16.682     -2.4454
16.687     -2.226
16.671     -2.3514
16.703     -2.8216
16.75     -2.4768
16.739     -1.6616
16.713     -1.4735
16.786     -1.1287
16.797     -1.4422
16.838     -1.8811
16.875     -1.4735
16.88     -1.7557
16.797     -1.8184
16.859     -1.6616
16.906     -2.3514
16.906     -2.226
16.906     -2.1633
16.859     -2.3827
16.927     -2.3514
16.979     -2.6962
16.99     -2.8216
16.938     -2.5395
16.969     -2.1633
17.011     -1.9752
17.011     -1.9752
17     -1.9438
16.969     -1.6616
17     -1.2854
16.99     -0.8151
17     -0.8151
17.047     -1.3481
17.032     -1.8184
17.042     -1.787
17.11     -1.8497
17.11     -2.1319
17.063     -2.4141
17.079     -2.4454
17.084     -2.1633
17.063     -2.3514
17.063     -2.3827
17.026     -2.7276
17.006     -3.0098
16.969     -2.5708
16.943     -1.9438
16.948     -1.7243
16.912     -1.4422
16.906     -1.5676
16.859     -1.3795
16.812     -0.9092
16.781     -1.0973
16.771     -1.3168
16.765     -1.4108
16.833     -1.4735
16.849     -1.787
16.802     -1.9438
16.854     -2.226
16.828     -2.2573
16.797     -2.3514
16.807     -2.5395
16.786     -2.4454
16.854     -2.5395
16.844     -2.5708
16.844     -2.5081
16.917     -2.226
16.875     -1.5049
16.875     -1.2854
16.901     -1.3795
16.912     -1.3795
16.896     -1.2541
16.912     -1.0033
16.985     -1.0346
16.995     -1.8497
16.979     -2.4141
17.026     -2.9784
17.053     -3.1038
17.021     -2.7276
16.995     -3.0098
17.026     -2.853
17.073     -2.7276
17.131     -3.1665
17.136     -2.9784
17.167     -2.5708
17.209     -2.4768
17.267     -1.7243
17.303     -1.9125
17.355     -2.2573
17.392     -1.0346
17.324     -0.533
17.324     -0.533
17.334     -1.16
17.381     -1.9752
17.465     -1.693
17.418     -1.5676
17.465     -2.0692
17.465     -2.3514
17.444     -2.5395
17.455     -2.7276
17.465     -2.6962
17.47     -2.6649
17.507     -2.32
17.538     -2.0379
17.554     -2.3827
17.533     -2.7589
17.522     -2.6962
17.543     -2.5081
17.554     -1.8811
17.543     -1.693
17.543     -1.2227
17.533     -0.3762
17.538     -1.1287
17.601     -2.3514
17.622     -2.4141
17.632     -2.4141
17.69     -2.5395
17.726     -2.8216
17.757     -3.48
17.742     -3.2606
17.71     -3.0411
17.726     -1.7557
17.716     -0.8151
17.731     -2.6962
17.721     -3.6995
17.716     -2.1319
17.721     -0.7838
17.726     -0.3449
17.752     -1.6616
17.773     -2.6649
17.768     -1.3795
17.804     0.2195
17.804     -0.5643
17.836     -2.32
17.857     -3.2606
17.909     -2.9784
17.898     -2.5395
17.872     -2.853
17.878     -3.1352
17.909     -2.7589
17.93     -2.5395
17.971     -2.3514
17.93     -2.4141
17.893     -2.0379
17.904     -1.5049
17.956     -1.5049
17.998     -1.6616
18.05     -1.3481
18.034     -1.1287
17.992     -1.0346
17.982     -1.5989
18.018     -2.32
18.097     -2.1319
18.144     -1.5049
18.18     -1.9438
18.17     -2.7589
18.17     -3.1665
18.18     -2.9157
18.206     -2.3514
18.253     -2.7589
18.253     -3.0725
18.217     -3.3233
18.3     -3.1979
18.374     -2.1319
18.368     -1.5989
18.306     -1.7557
18.358     -1.5362
18.499     -1.6616
18.525     -1.4108
18.509     -0.9719
18.488     -1.7557
18.525     -2.853
18.577     -2.5395
18.593     -2.1319
18.541     -2.3827
18.53     -2.5395
18.509     -2.5708
18.499     -2.32
18.504     -2.3827
18.541     -2.6962
18.577     -2.4768
18.567     -1.9125
18.551     -2.0065
18.561     -2.2887
18.588     -1.693
18.582     -1.5362
18.593     -1.5049
18.614     -1.787
18.629     -2.2887
18.593     -2.226
18.588     -2.0379
18.598     -2.1946
18.593     -2.7903
18.593     -2.6962
18.629     -2.7589
18.572     -2.8216
18.561     -2.4454
18.593     -2.4141
18.635     -2.5395
18.687     -2.8844
18.645     -3.0411
18.603     -2.0379
18.666     -1.6616
18.671     -2.0065
18.603     -2.4454
18.635     -2.32
18.697     -1.5989
18.718     -1.2854
18.697     -1.8811
18.687     -2.7276
18.734     -3.0411
18.729     -2.853
18.729     -2.0692
18.765     -2.0692
18.776     -2.4454
18.749     -2.32
18.786     -2.4141
18.755     -2.6022
18.786     -2.4454
18.838     -2.4454
18.896     -2.7589
18.896     -2.7276
18.948     -3.0725
18.937     -2.7276
18.958     -1.9752
19.011     -1.6616
19.037     -1.5049
19.037     -1.8497
19.068     -2.1946
19.094     -2.226
19.058     -2.1319
19.078     -2.0692
19.073     -2.226
19.11     -2.6335
19.136     -2.9157
19.141     -3.3233
19.125     -3.48
19.193     -3.1038
19.235     -3.0411
19.209     -2.7589
19.214     -2.6335
19.214     -2.8216
19.141     -2.4141
19.146     -2.32
19.245     -2.6335
19.292     -2.4768
19.261     -2.1946
19.24     -2.1633
19.282     -1.9125
19.298     -2.1006
19.308     -2.4454
19.319     -2.4768
19.282     -2.226
19.287     -2.1946
19.319     -2.6335
19.308     -3.0098
19.277     -3.2292
19.303     -3.919
19.298     -3.8563
19.319     -2.9784
19.324     -2.0692
19.35     -1.2227
19.371     -1.6303
19.407     -2.6022
19.366     -2.7903
19.36     -1.9125
19.402     -1.0033
19.418     -1.2541
19.423     -2.0379
19.423     -2.6649
19.418     -2.6335
19.433     -2.2573
19.465     -1.8497
19.428     -1.8184
19.413     -2.7589
19.423     -3.7622
19.397     -4.1698
19.36     -4.5146
19.449     -3.8563
19.449     -2.3514
19.433     -0.8465
19.454     -1.9752
19.517     -2.6649
19.517     -2.7276
19.449     -2.3514
19.439     -1.0033
19.48     -0.0627
19.501     -0.627
19.486     -1.9438
19.465     -3.0411
19.465     -3.3546
19.47     -2.32
19.512     -1.5989
19.538     -2.4768
19.548     -3.6368
19.554     -4.7027
19.527     -4.8282
19.585     -3.1038
19.601     -1.787
19.606     -1.1914
19.611     -1.5676
19.601     -2.32
19.627     -2.2887
19.658     -2.3827
19.642     -1.8811
19.653     -1.1287
19.705     -0.8465
19.721     -0.533
19.648     -1.3168
19.663     -3.1979
19.689     -4.0444
19.71     -3.6995
19.668     -3.5427
19.642     -3.6054
19.668     -3.6995
19.705     -3.2606
19.741     -2.1319
19.741     -1.9752
19.773     -2.4768
19.752     -2.5708
19.721     -2.4454
19.674     -1.5362
19.674     -0.5957
19.726     -0.2508
19.778     -1.1287
19.741     -2.1946
19.721     -2.3827
19.715     -1.9125
19.778     -1.5362
19.83     -1.8497
19.83     -2.6649
19.851     -3.7622
19.888     -4.3265
19.872     -4.3892
19.841     -3.8563
19.83     -2.6649
19.882     -2.3514
19.903     -2.7276
19.903     -2.3514
19.898     -2.1633
