Distance_nm     Force_uN
1.216     -3.6368
-0.257     2.6022
1.714     3.5427
8.95     -1.5362
12.886     -4.7341
15.706     -0.9405
16.633     2.1633
22.26     0.2195
25.326     -1.0346
30.941     -3.2292
32.091     -0.627
35.917     0.8465
37.725     1.9438
43.711     -0.8465
48.424     -1.1914
50.82     -1.1914
54.672     0.3449
57.586     -0.7211
62.071     -0.5016
67.241     -1.6303
69.723     -1.9438
73.823     -0.9405
78.22     -0.2508
80.746     -0.7524
84.704     0.5016
86.856     0.8778
91.919     -0.1254
97.448     -1.5362
99.324     -0.8465
102.98     1.2541
105.816     0.1568
111.711     -2.3514
115.904     -1.4108
117.406     0.0627
122.77     -1.1914
125.205     -1.6303
129.631     -1.0033
130.435     2.0379
131.459     9.4682
133.017     15.958
133.836     18.9991
135.317     25.5516
135.765     29.3138
135.539     39.5658
137.025     46.0556
137.921     49.1594
135.617     63.6125
136.019     72.3283
136.321     76.5921
137.68     83.27
138.571     86.3738
138.608     95.936
138.688     100.6701
139.723     108.1632
139.39     118.4465
140.089     122.052
140.643     130.5483
140.328     136.1916
141.814     142.7754
143.233     144.9073
144.166     157.5107
144.29     161.9313
145.395     169.8005
146.655     177.1682
146.35     182.7174
145.989     193.4083
146.687     196.7943
146.918     206.1998
147.413     210.0247
147.198     220.4021
147.49     224.6032
148.741     232.0336
149.074     241.3137
148.536     247.3959
149.041     256.237
148.923     261.2533
151.051     266.9279
150.597     277.7129
150.242     283.3876
151.168     291.4136
152.211     294.2979
153.737     301.258
153.963     305.6472
151.326     321.0409
151.328     325.7123
154.01     330.4464
153.977     340.3222
153.941     345.3384
154.492     354.1169
154.971     357.9418
155.731     366.4067
154.913     372.8965
154.299     384.2458
155.387     386.7853
157.185     393.1497
158.333     395.4384
157.394     407.3206
156.206     414.6256
157.162     422.4635
157.379     427.0095
157.663     436.5717
157.1     442.8421
158.552     449.6454
159.201     453.3135
159.696     462.2487
159.342     468.1428
158.047     480.6208
158.979     483.756
159.637     492.409
160.357     496.0145
160.317     505.6081
159.887     511.0005
159.995     521.1585
160.861     524.3563
161.282     533.6678
161.468     538.1197
161.422     543.1987
162.506     551.068
160.408     560.5675
160.331     570.6941
158.948     583.7677
158.881     588.8467
159.849     596.9981
160.873     599.9765
160.233     611.3258
159.818     617.2513
160.648     625.5281
162.433     632.1433
163.156     635.5606
161.489     649.1359
161.66     653.776
162.563     662.1155
163.465     665.3447
162.766     676.9762
162.569     687.6984
163.108     691.1158
163.905     699.8942
165.471     701.6499
165.218     712.4349
164.711     718.5171
164.453     729.2707
164.738     733.8794
164.174     745.0406
164.286     755.0731
164.788     759.0861
166.025     766.7673
166.106     771.6582
165.406     783.2583
165.454     788.4626
165.808     797.8368
166.191     807.5558
166.129     812.6661
166.085     823.1062
166.943     831.7906
169.752     836.2426
171.537     842.9518
170.373     855.7433
170.08     861.4493
170.772     870.604
171.042     880.4797
171.235     885.2138
171.764     894.5566
172.002     899.0713
171.832     909.8562
172.896     912.7719
173.35     922.3655
173.64     932.1473
173.758     937.0695
172.63     949.8609
171.778     956.6956
173.813     963.0913
174.396     966.9789
174.592     977.1369
173.932     983.5013
174.497     992.75
173.781     1003.5036
175.309     1010.8713
175.737     1015.3232
175.424     1026.2963
175.141     1032.159
175.883     1041.0002
175.497     1046.8316
177.112     1054.0738
177.362     1064.0436
176.421     1071.1918
176.428     1081.6633
176.176     1087.4947
174.836     1100.7564
173.375     1113.8301
173.707     1118.5642
174.404     1127.6561
175.495     1135.7449
175.334     1141.3882
174.215     1153.9602
173.244     1161.3592
173.965     1170.2317
175.054     1178.728
175.525     1182.8351
176.552     1191.3
177.147     1195.3757
176.074     1208.0104
176.34     1212.8699
175.308     1225.3792
175.179     1236.2269
175.255     1241.2432
175.731     1251.0249
175.553     1262.1234
175.998     1266.2618
177.123     1274.6954
177.556     1284.3517
177.857     1289.0544
178.13     1299.2437
179.064     1307.7714
179.032     1313.3833
179.299     1323.4158
178.339     1336.0192
179.056     1339.9695
179.997     1348.6226
180.055     1353.921
178.792     1367.2768
178.237     1373.892
178.98     1382.9213
179.384     1392.7657
178.833     1399.1614
179.902     1407.7831
178.898     1420.6687
179.964     1423.7411
180.44     1433.6796
179.071     1447.2549
178.682     1453.3057
179.117     1463.2129
179.2     1468.3232
178.383     1480.8011
178.321     1491.5861
177.391     1498.9537
178.698     1507.0425
178.75     1512.2782
180.023     1520.6491
180.475     1524.9756
180.051     1536.8579
179.764     1542.7833
180.043     1553.1607
180.47     1557.55
179.538     1570.5296
179.732     1575.3577
183.673     1583.5405
183.141     1595.5795
182.961     1601.3482
182.944     1606.9288
182.72     1618.2468
183.327     1622.5106
184.599     1630.8815
183.527     1638.4372
185.001     1646.2438
184.373     1658.4709
183.911     1665.0861
184.512     1674.4289
182.042     1684.9944
181.667     1690.9199
181.482     1702.4886
181.715     1712.8347
182.315     1716.9731
183.4     1725.7829
184.482     1728.9181
183.732     1740.6436
184.373     1744.688
184.322     1755.7551
183.934     1761.9
182.48     1775.8829
182.706     1780.8678
184.161     1788.8311
184.363     1799.1458
183.913     1805.3534
183.515     1817.3611
183.624     1822.5655
183.082     1834.7299
183.343     1839.6208
183.466     1850.3744
183.465     1855.9863
182.902     1868.0567
183.038     1873.4178
182.852     1884.8612
183.064     1890.1283
183.028     1901.07
183.701     1905.3652
183.779     1916.2756
184.221     1926.4962
184.149     1932.2649
184.835     1941.8898
185.174     1946.9688
183.984     1960.45
183.279     1967.5982
184.608     1975.875
184.835     1981.0794
183.721     1994.4666
183.321     2001.0818
182.836     2013.2462
183.941     2021.8366
184.047     2027.4485
183.217     2040.0832
183.434     2045.3189
184.698     2053.9406
183.611     2067.3905
183.458     2073.41
184.134     2083.1604
184.321     2088.5529
184.11     2100.153
184.186     2105.7022
185.069     2114.9823
184.669     2121.6289
183.2     2135.7057
183.2     2141.4431
183.855     2151.2562
183.814     2157.0562
184.055     2162.0098
183.682     2173.9548
183.254     2180.3505
183.753     2190.5084
183.731     2201.8264
182.998     2214.4924
183.083     2220.0417
183.288     2230.858
182.81     2237.4105
183.964     2246.4084
184.712     2250.3901
183.874     2263.401
182.841     2276.5374
183.2     2281.5536
181.84     2295.6619
181.267     2302.6533
181.285     2313.8772
180.717     2320.8059
181.167     2331.246
181.814     2335.4471
181.488     2347.5802
181.111     2353.8819
180.751     2366.1717
182.432     2374.1037
182.016     2380.6248
184.46     2392.5698
184.606     2397.8369
184.62     2409.2175
184.483     2415.3311
184.461     2426.7118
184.258     2438.7194
184.803     2443.1087
184.748     2454.8342
184.968     2459.8818
185.232     2470.9803
185.004     2483.082
185.171     2488.4432
185.459     2499.2908
184.641     2512.3958
184.9     2517.7256
185.529     2528.1344
186.421     2532.0533
186.329     2543.7788
185.334     2551.3659
183.663     2566.6342
184.377     2576.604
184.849     2581.6203
184.271     2594.349
182.938     2608.6454
183.284     2613.9752
182.802     2626.4845
182.073     2633.9462
183.189     2643.3203
183.275     2654.795
183.402     2660.4383
183.645     2671.4427
184.25     2676.2395
184.415     2687.2753
184.781     2698.1857
185.034     2703.4214
184.588     2715.9934
184.634     2721.7621
183.522     2735.4001
183.109     2748.1602
183.433     2753.2078
183.442     2764.6512
183.553     2770.1377
184.201     2780.327
183.706     2793.1812
183.826     2798.5737
183.955     2810.2051
184.339     2820.8961
184.704     2825.975
183.99     2839.0487
183.583     2851.3699
183.782     2856.8878
183.624     2868.77
184.664     2878.3636
184.35     2884.8221
184.766     2895.5757
184.737     2901.6266
184.422     2913.791
184.378     2919.9673
184.991     2930.282
181.403     2949.3124
182.038     2953.9525
181.647     2966.305
181.856     2971.8229
181.791     2983.6738
182.121     2994.7723
181.758     3007.3757
181.798     3013.019
182.343     3023.8353
182.576     3034.9338
182.718     3040.5457
181.636     3054.654
180.349     3069.013
180.842     3074.0606
181.07     3085.1905
181.244     3090.8338
182.016     3101.1171
182.168     3112.341
182.505     3117.7648
182.948     3128.8006
182.069     3142.5953
181.811     3149.0851
182.391     3159.776
181.242     3168.1156
181.842     3178.7751
181.48     3191.598
181.841     3196.8023
181.722     3209.0608
181.839     3214.7041
182.259     3226.0848
182.354     3237.9984
182.577     3243.3595
186.007     3254.1759
185.974     3266.309
185.402     3273.3631
185.519     3285.4648
185.473     3291.3589
185.254     3303.9623
184.895     3310.6402
184.808     3322.9927
184.025     3336.6307
183.763     3343.1518
184.928     3352.9336
185.895     3363.1856
185.8     3369.3618
185.682     3381.7457
185.247     3388.549
184.861     3401.5913
184.75     3407.6422
186.356     3416.6088
186.438     3428.2402
185.939     3435.4825
184.989     3449.4339
185.046     3455.2653
184.803     3468.1195
184.773     3474.0763
184.818     3486.2408
185.521     3496.9317
186.374     3501.1328
185.399     3515.2411
184.236     3529.6001
184.878     3534.5223
184.44     3547.4705
184.388     3553.8976
184.223     3566.2502
185.124     3576.5335
184.848     3583.3368
185.575     3593.7142
185.679     3599.7337
181.451     3620.5199
180.73     3634.2206
180.388     3641.0239
180.575     3653.0002
180.669     3658.9884
181.869     3668.6447
182.04     3674.6015
181.313     3688.0827
181.867     3693.099
182.636     3703.5704
182.548     3710.0916
181.3     3724.7328
181.442     3736.8032
181.019     3743.8259
180.875     3756.2725
181.137     3762.0412
181.52     3773.2651
181.68     3779.1592
181.613     3791.4491
182.322     3802.2654
183.276     3812.7369
183.607     3817.3456
182.151     3832.5198
181.459     3840.0755
182.468     3850.3902
182.232     3856.974
183.199     3867.1633
181.968     3882.0867
182.02     3888.0749
181.898     3900.4901
182.785     3911.087
182.897     3916.7303
182.681     3929.6785
182.15     3936.858
181.316     3951.1544
181.148     3963.6951
181.192     3975.7968
181.095     3982.412
180.715     3995.4856
180.069     4003.1041
180.414     4014.7669
179.949     4028.154
180.479     4033.3271
181.022     4044.5823
180.375     4058.5024
180.34     4064.5533
179.957     4077.8778
179.934     4084.1481
180.204     4096.1558
180.287     4108.5397
180.563     4114.0262
182.456     4122.8674
181.865     4136.7248
184.884     4142.6503
184.993     4155.0655
184.925     4161.3986
184.9     4173.9392
184.016     4188.455
183.957     4194.6
184.587     4205.9493
183.83     4220.2143
184.222     4225.45
184.806     4236.7993
184.781     4249.1518
184.855     4255.2968
185.612     4266.3012
184.857     4280.3154
184.604     4287.3068
183.266     4302.3869
183.296     4308.9081
182.516     4322.9223
181.852     4330.6975
182.38     4342.1095
181.631     4356.1864
182.082     4361.767
182.651     4373.1476
182.114     4380.7974
181.35     4394.8429
181.31     4401.5208
181.512     4413.4345
180.969     4420.9589
181.991     4431.5557
181.308     4445.6013
181.526     4451.6208
180.367     4466.5755
180.852     4478.3951
180.486     4485.5746
180.123     4498.9304
180.593     4510.8441
181.042     4516.0798
180.154     4530.8778
180.954     4542.0703
180.709     4548.8736
181.203     4560.5678
181.63     4572.2619
181.755     4584.7399
181.593     4591.7
181.784     4604.0839
179.924     4620.9197
182.138     4629.3846
182.173     4635.749
180.789     4651.6443
180.341     4665.2509
180.137     4678.5754
179.747     4685.9744
179.868     4698.7345
180.31     4704.4091
180.466     4716.9811
180.907     4729.1456
180.222     4743.536
180.991     4748.2701
181.133     4761.0929
181.122     4774.1039
180.935     4781.0326
180.762     4794.3884
181.613     4805.5809
181.482     4812.541
181.436     4825.5833
180.289     4840.7575
181.415     4851.6992
180.913     4859.1295
180.659     4872.6734
181.176     4884.6811
181.744     4890.0109
182.126     4902.5516
180.913     4917.8825
180.772     4924.8739
181.082     4937.3832
180.72     4950.9272
180.777     4957.4483
179.925     4972.2776
180.625     4983.9091
180.782     4990.1794
181.993     5000.6509
178.695     5020.6532
178.182     5028.0836
177.687     5042.474
177.55     5055.7984
176.684     5064.1066
177.172     5076.3651
180.69     5088.8431
181.066     5101.227
181.386     5107.2778
181.092     5120.9472
180.992     5127.7818
180.81     5141.2944
181.281     5146.9063
181.451     5160.0113
181.166     5166.9714
180.937     5180.9856
180.948     5194.216
181.319     5200.1414
180.957     5214.3124
181.556     5219.6735
179.96     5236.2272
180.056     5242.4662
179.826     5256.449
179.659     5269.8048
180.308     5275.1659
181.03     5286.9541
181.157     5293.2558
180.976     5306.9251
180.687     5314.042
179.776     5329.2162
180.237     5334.7968
180.024     5348.9991
180.081     5362.01
180.619     5374.049
180.371     5381.1972
180.899     5393.2989
181.272     5399.4752
180.368     5414.2105
181.217     5425.8106
180.986     5439.7307
180.089     5448.0703
179.643     5462.0218
179.801     5474.9386
179.565     5482.2122
179.897     5494.941
180.349     5507.1995
180.533     5513.5639
180.914     5525.9791
180.115     5540.9966
179.931     5548.3015
180.854     5559.6194
181.278     5572.2855
181.233     5579.0261
180.41     5594.169
180.642     5607.3053
180.698     5613.7951
180.175     5628.4363
180.381     5641.5727
181.055     5646.7143
181.545     5659.255
181.187     5673.3319
180.307     5681.8909
181.08     5693.7732
180.667     5708.1009
180.985     5720.9864
180.772     5727.9465
180.212     5742.5877
178.123     5760.4895
176.842     5769.8323
176.779     5783.4075
177.408     5788.7687
180.307     5796.5125
178.829     5812.8781
177.228     5829.3063
178.3     5834.0404
177.877     5848.4308
176.299     5865.1413
176.022     5872.4776
177.469     5882.8863
177.263     5890.2226
177.626     5902.8573
176.668     5918.5958
176.146     5931.1679
178.172     5935.7138
179.004     5947.8156
178.599     5955.3086
178.288     5969.4796
179.175     5981.4559
179.932     5986.6916
178.715     6002.9318
177.694     6011.8356
177.303     6026.3828
177.446     6032.7158
178.952     6043.5635
179.317     6056.5431
181.575     6065.447
181.931     6078.552
182.134     6092.0645
181.73     6099.6203
181.183     6114.5437
181.53     6120.6572
180.766     6136.2703
180.299     6150.9116
180.91     6156.5235
181.545     6169.2209
182.872     6180.194
183.753     6185.4924
181.695     6203.3942
180.634     6219.2268
182.401     6229.855
182.149     6237.0345
182.197     6251.1114
182.061     6265.2197
181.835     6271.8035
181.862     6285.7237
181.843     6292.4956
181.632     6307.0114
182.323     6319.5834
182.412     6326.324
182.498     6339.9934
182.169     6354.5405
182.35     6361.2184
183.785     6372.0975
184.424     6384.5754
183.547     6393.5733
182.588     6409.3119
183.123     6422.2601
183.399     6428.5931
182.346     6444.6765
182.726     6456.9977
183.731     6461.6378
182.719     6477.7839
182.903     6491.3591
182.082     6499.6673
180.173     6517.6005
179.591     6532.6806
178.774     6548.0743
178.996     6554.6581
179.238     6567.8258
179.425     6574.5351
179.769     6587.4833
180.245     6600.3061
180.243     6607.3289
179.382     6622.8793
179.073     6637.4265
178.34     6652.8515
178.074     6660.3132
179.641     6671.0354
179.303     6678.4658
179.051     6693.0443
181.473     6701.7601
181.73     6708.2498
180.379     6725.0543
180.222     6739.288
180.663     6745.5583
180.52     6759.5411
180.656     6766.3445
179.606     6782.2397
179.64     6796.3793
179.882     6803.0572
180.299     6816.0682
180.673     6829.7375
180.55     6844.316
180.624     6851.0253
180.864     6864.6632
180.132     6873.0968
180.375     6887.0483
181.066     6899.6517
181.702     6912.4745
181.266     6920.5946
180.239     6936.7407
179.788     6944.9235
180.367     6957.809
180.355     6971.9799
179.98     6980.0059
179.936     6994.1142
179.054     7010.3857
179.402     7016.7501
179.062     7031.8302
178.964     7039.1665
179.514     7052.1461
179.219     7067.1322
178.331     7075.9734
182.845     7088.2632
184.424     7099.1736
183.901     7107.3877
183.032     7123.3143
182.317     7139.241
182.726     7145.4173
183.724     7157.8639
183.251     7173.1321
183.6     7179.5279
183.203     7194.6393
182.102     7211.1617
182.745     7217.0558
182.844     7231.07
183.462     7236.9641
182.857     7252.3891
182.996     7266.2465
183.38     7279.8218
182.963     7287.691
180.661     7306.8155
180.367     7314.6535
178.55     7332.5239
179.851     7344.124
181.248     7355.536
180.847     7363.468
179.41     7380.6173
179.889     7393.8164
180.103     7400.7451
180.597     7413.8501
181.124     7419.9637
181.68     7433.1
181.17     7448.3055
180.471     7457.0527
180.236     7471.7879
180.226     7486.2724
181.189     7491.5708
180.859     7506.6196
180.387     7514.8337
180.735     7528.315
180.066     7544.2729
179.208     7552.9887
180.596     7564.5261
182.116     7575.9381
180.543     7593.3696
178.925     7603.8097
178.808     7618.545
180.03     7623.2791
181.473     7634.6598
182.271     7647.1691
181.727     7662.5314
180.861     7671.5606
180.113     7687.2051
181.395     7691.8765
181.196     7706.5804
180.416     7722.7579
180.273     7730.1569
180.187     7744.7667
182.036     7755.4577
182.456     7761.6966
183.364     7774.4568
181.235     7793.2678
180.784     7801.4819
181.499     7814.5869
181.25     7829.5103
181.616     7836.1882
180.783     7852.1148
180.17     7867.9474
180.115     7875.4091
181.696     7886.6643
182.686     7892.1195
181.5     7909.0807
180.867     7924.9133
181.373     7930.9642
181.444     7945.3546
181.181     7960.5602
181.091     7975.3895
181.173     7982.6004
181.381     7996.7086
181.812     8003.0416
182.076     8017.1185
181.565     8032.763
181.303     8040.789
181.273     8055.4302
181.668     8069.1309
182.119     8075.4012
181.452     8090.9203
178.538     8111.487
178.332     8119.3249
178.515     8133.5272
181.567     8141.8981
182.242     8155.2225
181.214     8171.933
181.206     8186.731
181.718     8192.9386
182.854     8205.2911
182.588     8220.7161
182.77     8227.5195
181.434     8244.9823
182.926     8256.7078
182.57     8264.6085
182.964     8278.7794
182.539     8294.2358
182.697     8301.3526
182.26     8316.6522
182.393     8330.9799
182.293     8338.6924
183.024     8351.8601
181.298     8370.1695
180.831     8378.2582
181.426     8391.8648
182.735     8403.9352
182.406     8411.8358
182.976     8425.5678
182.931     8440.3031
184.234     8452.1854
184.373     8459.4903
183.365     8476.138
182.855     8484.6657
183.9     8497.2063
183.557     8512.6314
183.168     8520.8455
183.301     8535.33
182.543     8551.6015
183.165     8557.4329
183.853     8571.1022
183.162     8587.4991
183.132     8594.8981
184.343     8607.4701
184.33     8622.4562
184.544     8629.4163
184.473     8644.6845
184.262     8659.9528
183.941     8668.355
184.48     8681.993
184.766     8688.953
184.724     8704.0645
185.719     8716.7933
185.809     8724.3491
184.377     8742.1568
183.589     8758.6478
183.738     8765.9527
185.873     8776.2987
184.857     8786.0177
184.93     8800.5649
184.113     8817.4007
184.043     8824.8938
185.871     8836.1804
184.891     8853.173
184.779     8860.572
184.881     8875.7462
186.091     8888.2241
185.868     8895.968
180.008     8923.0872
181.029     8935.8159
181.63     8942.243
180.802     8958.9221
179.816     8975.7579
180.923     8981.1191
181.571     8994.8511
181.863     9001.9366
181.247     9018.02
181.306     9032.9747
181.579     9047.4905
180.951     9056.1122
181.097     9070.9729
182.533     9075.4875
181.652     9092.5742
179.995     9111.2598
179.444     9119.8815
180.503     9132.8924
181.728     9145.4017
181.006     9154.6191
179.773     9172.1133
181.77     9183.2745
182.169     9190.1719
181.123     9207.4153
180.043     9224.7527
182.953     9234.0955
185.172     9244.661
185.06     9260.0547
184.404     9268.9899
185.851     9280.9976
185.693     9289.0863
185.332     9304.9816
185.961     9318.9958
186.039     9326.3007
186.379     9340.9733
186.329     9356.367
186.635     9363.2643
183.839     9384.458
184.366     9398.629
185.393     9404.1782
185.91     9418.4119
185.382     9434.6207
185.017     9450.61
185.106     9458.009
186.723     9469.9853
185.896     9479.5789
185.028     9496.3834
185.05     9511.8398
185.548     9526.1675
185.093     9534.5697
185.962     9548.3331
186.146     9555.4186
186.421     9570.2793
185.276     9587.9616
185.446     9595.2038
185.954     9609.6256
186.12     9624.2668
186.843     9630.5998
186.079     9647.467
184.665     9665.7137
184.466     9673.8965
185.966     9685.9669
186.355     9693.0523
185.456     9709.8255
186.431     9723.3067
186.104     9731.6462
187.526     9744.2496
181.764     9771.5255
182.456     9777.6391
183.872     9790.3052
183.504     9806.5453
183.057     9815.2924
183.408     9830.059
182.715     9846.8322
183.118     9853.7295
183.554     9867.9945
183.021     9884.2974
183.872     9890.411
183.968     9905.4598
184.29     9912.4512
184.082     9928.033
184.19     9943.2071
182.59     9962.0495
182.404     9969.9188
183.553     9983.2432
184.675     9988.4789
184.57     10004.0607
183.401     10021.9938
182.73     10031.0858
182.956     10046.2914
186.514     10054.2547
186.452     10062.1867
184.913     10080.8409
183.603     10091.1869
184.168     10105.5146
185.731     10117.8358
186.297     10124.4824
185.325     10141.7885
185.366     10157.0881
184.53     10174.7704
184.705     10181.9813
185.198     10196.4658
186.995     10208.3794
186.755     10216.6249
183.723     10238.571
182.711     10248.2274
184.448     10260.3604
186.12     10272.7757
184.278     10292.2451
184.263     10300.3651
185.456     10313.3447
185.426     10321.4648
184.43     10339.0844
187.331     10356.61
187.745     10371.502
188.16     10378.5875
189.81     10390.846
188.411     10401.5996
187.994     10418.1846
187.994     10434.174
190.7     10444.52
190.942     10451.7936
190.698     10468.1905
190.034     10477.4706
188.32     10496.8459
188.349     10504.6211
189.738     10517.7261
189.641     10525.8149
188.825     10543.4345
189.271     10558.4519
189.047     10574.7861
188.039     10584.85
187.875     10600.9648
188.812     10606.8902
186.557     10627.5823
186.272     10636.0159
184.838     10654.8896
183.874     10672.7287
184.557     10687.1191
185.101     10694.1419
184.922     10710.2566
184.422     10719.5367
183.832     10736.4352
183.63     10744.9942
183.62     10760.8895
183.782     10768.602
185.17     10781.613
183.866     10800.0477
183.585     10808.8889
185.058     10821.649
184.633     10838.6103
185.059     10845.6957
185.414     10860.9954
185.303     10869.2408
184.173     10887.5816
186.672     10898.4606
187.614     10904.4174
185.421     10925.0468
184.909     10934.076
184.905     10950.2221
185.742     10956.5552
187.405     10969.1272
188.916     10982.1695
188.489     10990.8539
187.045     11009.853
187.372     11025.4034
187.765     11032.3635
186.794     11050.5474
187.052     11057.9151
186.455     11075.3466
186.43     11091.3673
186.816     11098.6095
188.252     11111.9026
187.763     11128.5503
187.303     11137.5796
187.348     11153.4435
187.192     11161.9085
186.325     11179.5595
186.791     11194.5456
187.598     11201.0353
187.354     11217.3069
186.539     11227.0886
186.46     11242.8271
186.806     11250.2574
186.502     11266.8738
185.746     11284.2426
186.775     11290.1994
187.172     11304.778
185.654     11323.5889
185.223     11332.3988
185.329     11348.1373
186.06     11354.6584
185.724     11371.0867
185.253     11380.116
186.438     11393.5658
185.891     11410.7152
185.363     11419.6504
186.341     11433.5078
187.044     11439.9036
187.582     11454.827
186.336     11473.4185
185.635     11482.6359
186.679     11496.4619
185.362     11523.2049
185.849     11530.1963
186.645     11544.5867
187.922     11549.9792
188.968     11564.0561
188.741     11572.5838
187.031     11591.865
188.003     11606.2868
188.418     11613.3409
188.973     11628.5464
188.452     11637.7325
189.025     11652.5305
188.242     11670.4636
187.228     11680.5275
187.047     11697.0498
187.986     11711.2521
187.879     11719.4035
186.027     11739.6253
186.31     11746.8362
186.625     11762.3866
186.169     11771.2592
187.808     11784.1133
186.938     11802.1405
185.494     11813.0823
185.717     11828.664
187.739     11840.4209
188.157     11847.8512
185.877     11868.5747
185.235     11878.1369
187.335     11890.0819
188.583     11895.6939
189.301     11910.6486
187.371     11930.7136
186.79     11940.0564
188.124     11953.5063
187.772     11970.5616
187.322     11979.6222
188.48     11993.511
188.76     12001.1922
190.085     12014.7047
188.295     12034.8638
187.444     12044.7082
189.04     12057.97
189.175     12074.2415
188.111     12084.3994
188.89     12099.2915
190.085     12113.2743
189.19     12131.3642
188.056     12141.9297
189.807     12154.5644
189.571     12171.3376
190.019     12178.7052
190.18     12194.8827
189.439     12212.9726
189.75     12220.5283
191.839     12233.1003
191.522     12250.0302
190.427     12260.2822
189.823     12278.0586
191.94     12290.1917
191.567     12299.1896
190.947     12316.8719
190.128     12334.8678
191.997     12347.5025
191.578     12356.5631
191.708     12372.7719
191.309     12390.4229
190.879     12399.4208
187.094     12424.0005
186.664     12441.7769
186.929     12449.4267
186.325     12467.2658
185.704     12476.734
185.857     12493.2563
185.451     12510.6878
185.378     12519.2468
185.877     12534.6405
186.117     12542.3843
186.665     12557.9348
186.124     12575.2409
186.112     12583.6745
185.41     12601.3881
185.479     12617.6597
185.453     12634.4014
185.205     12642.8977
185.331     12659.2006
185.421     12675.5348
185.796     12682.8084
186.992     12697.0107
190.849     12713.7211
191.042     12721.3709
190.275     12739.3668
190.461     12755.4815
191.408     12769.9973
191.471     12778.2115
191.001     12795.3922
190.909     12812.1026
191.468     12819.1881
191.309     12835.8985
191.07     12852.9224
191.73     12859.7257
192.382     12874.8686
192.089     12883.553
191.124     12901.9251
190.185     12920.3285
192.362     12932.2735
192.608     12940.0487
191.699     12958.358
192.201     12965.3181
190.553     12985.3205
189.648     13003.5044
190.691     13017.8321
190.759     13026.0462
189.728     13044.5437
190.441     13051.5351
191.285     13066.051
190.615     13083.9841
190.778     13091.7907
190.772     13108.407
190.818     13125.0234
191.025     13141.1382
189.993     13151.5469
189.414     13169.2292
190.811     13182.8045
191.483     13189.8273
191.274     13206.7258
191.643     13214.4697
190.712     13232.6536
192.023     13246.417
192.183     13254.5057
189.926     13275.5427
190.366     13283.1611
191.049     13298.304
190.585     13307.5841
185.545     13334.3897
186.209     13349.658
187.948     13362.8257
187.497     13371.8236
187.076     13389.2238
186.929     13406.2164
187.348     13421.8608
187.346     13430.2944
186.427     13448.5411
186.441     13465.0634
187.176     13480.3317
186.811     13489.0161
185.118     13509.1438
186.501     13522.8445
187.066     13529.9927
188.11     13544.6025
187.341     13554.3529
187.534     13570.6871
187.507     13587.2094
187.59     13595.3295
188.142     13610.7859
186.658     13621.9784
187.359     13637.3407
187.499     13653.4868
186.554     13663.8956
186.473     13680.7628
187.689     13694.8083
188.108     13702.4894
188.123     13719.0745
188.671     13734.6562
187.888     13744.6888
187.737     13761.8068
187.857     13769.9895
187.727     13787.2957
188.596     13802.4385
187.753     13812.6591
188.607     13827.9274
187.145     13848.0865
187.395     13855.799
188.609     13870.3462
189.04     13886.1788
188.871     13894.8945
189.359     13910.7898
188.776     13928.6916
192.751     13937.376
193.781     13952.1113
192.559     13971.2985
194.488     13975.7504
194.981     13982.93
192.166     14005.7853
192.948     14021.0222
194.915     14033.7823
195.781     14040.5543
192.993     14062.9394
191.29     14083.1298
192.297     14089.5569
194.756     14101.2824
193.971     14119.6859
191.464     14141.8201
191.811     14149.4386
195.295     14159.2516
192.898     14180.8529
191.477     14192.2336
192.75     14206.4045
194.134     14220.356
194.166     14237.0978
189.81     14254.4979
190.387     14269.923
188.972     14290.0507
187.742     14300.8357
188.297     14316.731
189.313     14322.8759
191.095     14336.3885
189.87     14355.8578
189.853     14364.2287
190.645     14379.5283
190.162     14388.9652
190.448     14405.4248
189.958     14414.7049
188.932     14433.8294
189.269     14450.2263
190.089     14457.061
191.085     14472.0157
190.044     14482.6126
188.854     14501.9565
190.25     14507.4117
194.396     14516.2215
192.086     14537.8228
189.494     14551.5548
188.699     14569.9896
190.39     14574.9745
192.166     14588.299
191.296     14598.3001
188.313     14621.5004
189.531     14635.8594
189.899     14643.5406
190.195     14659.9061
189.968     14677.1495
190.418     14684.8307
190.849     14700.6633
188.18     14723.1424
188.568     14730.7295
190.087     14744.7437
189.703     14762.426
188.96     14780.8922
188.258     14790.7052
189.208     14805.7227
189.555     14813.4038
191.521     14826.6656
190.517     14845.3511
189.335     14856.3869
190.041     14871.8119
190.711     14887.1742
190.913     14895.4511
189.673     14914.8891
189.383     14924.0438
190.85     14938.0266
191.388     14953.7024
191.529     14961.9793
192.457     14976.9027
192.486     14993.9266
192.486     14993.9266
193.662     14991.4185
195.717     14985.3676
195.431     14976.9027
195.217     14972.921
194.533     14964.9577
195.188     14954.2354
195.252     14949.5954
193.736     14943.1997
193.564     14934.1704
193.886     14928.7152
194.728     14917.6794
194.591     14908.5247
194.309     14904.2296
193.71     14895.9214
194.341     14884.917
193.395     14876.9223
193.554     14871.812
193.9     14861.121
194.482     14850.3674
194.884     14844.6301
193.561     14837.1997
193.489     14827.7942
193.925     14821.8374
193.116     14813.5292
193.494     14803.0264
194.523     14790.8934
194.022     14786.9117
194.114     14776.6597
193.512     14772.9602
192.894     14764.0877
193.162     14753.3968
193.969     14741.734
193.047     14738.5047
192.185     14730.1652
192.515     14724.5219
192.292     14714.8029
189.666     14704.8958
188.946     14696.1487
188.834     14691.2578
188.591     14681.6015
189.824     14669.0295
189.661     14664.2013
189.422     14654.451
188.022     14647.0833
188.478     14635.9221
188.387     14630.9999
188.466     14620.4971
187.751     14611.656
188.075     14605.8873
186.816     14598.0807
188.058     14585.2892
186.161     14578.9248
187.179     14571.6513
188.644     14558.4522
187.228     14550.9905
186.802     14541.6164
187.719     14534.6563
187.716     14523.9968
187.365     14514.4032
187.429     14508.9166
190.52     14492.3002
191.1     14480.6374
191.316     14474.7747
189.896     14467.3757
190.045     14456.4653
190.246     14450.8534
190.76     14439.1592
188.962     14432.1678
189.611     14420.7558
189.94     14414.893
189.216     14405.6129
188.733     14396.2388
188.756     14390.8149
189.539     14378.6192
188.928     14369.3077
187.506     14361.6266
188.225     14354.9487
188.727     14343.0977
186.741     14336.3885
188.512     14322.2802
188.201     14317.5148
187.55     14308.4228
187.831     14297.1989
187.944     14291.4616
188.404     14280.1436
188.578     14269.1078
187.567     14265.7846
187.365     14255.4699
187.675     14244.0265
187.958     14238.2578
187.759     14227.6296
186.508     14219.4782
187.094     14207.7213
188.059     14200.2283
187.918     14189.8195
187.499     14185.1168
187.278     14174.9275
187.613     14163.5155
187.293     14153.1694
186.825     14148.8429
187.089     14137.4623
186.424     14127.806
186.114     14123.2286
186.027     14112.4436
185.303     14103.1322
185.468     14097.3322
186.562     14084.1958
187.248     14072.1254
187.24     14066.5448
186.445     14057.4215
187.16     14045.163
187.275     14033.8764
187.198     14028.7034
186.406     14019.2979
185.706     14009.767
185.936     14003.8102
186.229     13992.1787
186.453     13980.9862
186.145     13976.0013
185.756     13966.0314
186.566     13953.4594
186.223     13948.5686
183.597     13937.909
183.699     13926.9359
184.264     13920.2894
184.886     13907.9368
184.258     13898.3746
185.883     13883.9215
185.744     13878.7798
186.22     13866.8035
185.218     13863.3861
186.504     13849.6228
186.178     13839.214
186.021     13828.6485
184.86     13825.9209
183.875     13816.8289
185.192     13803.1283
184.602     13798.8644
183.927     13789.2708
184.392     13777.2945
185.072     13770.209
184.95     13759.4554
184.4     13749.4229
184.001     13744.6574
184.32     13733.026
183.638     13723.1502
183.373     13718.3534
184.26     13704.9976
183.974     13694.3694
184.671     13687.472
185.738     13674.0849
184.262     13666.1216
184.034     13660.8231
183.203     13651.6057
183.231     13640.3505
183.511     13634.0802
182.52     13624.9568
183.079     13612.3848
183.496     13605.9577
181.978     13597.7436
181.669     13586.8332
181.696     13581.2526
182.184     13568.806
182.82     13556.234
182.615     13551.2178
181.693     13541.6242
182.497     13528.7386
182.786     13522.3742
182.601     13511.5893
181.813     13501.9016
181.899     13495.9135
181.221     13485.9436
181.796     13473.4657
181.493     13468.4181
182.291     13455.5325
181.582     13445.4059
180.976     13441.1735
182.042     13427.5982
182.296     13415.6219
182.905     13408.6618
182.146     13398.7233
181.276     13389.2238
181.216     13377.8745
181.095     13372.3566
181.405     13360.2862
181.593     13354.0472
182.227     13341.2558
182.409     13329.1854
182.712     13323.354
181.122     13315.1712
181.314     13303.1322
184.204     13291.5947
183.915     13280.4649
183.424     13270.0562
183.369     13258.5815
182.816     13253.816
182.948     13242.0905
183.938     13228.6093
183.384     13223.8125
183.315     13212.4945
183.698     13200.6123
183.617     13194.9376
183.44     13183.7451
182.37     13174.3396
183.111     13167.0973
183.485     13154.5567
182.927     13144.0225
183.202     13132.0776
181.756     13129.0678
178.776     13117.7185
178.229     13113.1725
178.219     13101.6351
179.334     13087.715
179.83     13074.9548
179.15     13070.3462
178.02     13061.2228
177.731     13050.187
177.295     13045.2335
177.043     13034.2604
178.272     13019.7759
178.997     13012.5964
178.099     13002.5952
176.618     12994.0049
178.449     12978.7366
179.325     12971.0241
177.671     12962.5905
176.874     12952.4953
176.838     12946.5698
177.952     12932.5243
176.48     12923.6831
178.081     12908.6657
178.318     12902.2073
177.012     12892.8331
177.474     12880.3552
177.741     12873.8027
177.683     12861.9831
178.985     12847.6867
177.964     12837.811
177.756     12832.3558
176.978     12822.0411
178.988     12805.9577
178.506     12795.3608
179.199     12788.6516
176.689     12781.9737
177.236     12769.1822
177.417     12762.8178
178.004     12749.8069
176.928     12740.2133
176.87     12728.4564
177.22     12721.9353
177.517     12709.4573
176.739     12699.0486
176.536     12693.6874
176.502     12681.6484
176.629     12669.7661
180.377     12650.0773
180.066     12644.6221
180.596     12631.6739
180.438     12626.0306
179.68     12615.5905
179.718     12603.5201
179.197     12592.4843
179.369     12586.1826
179.248     12574.269
178.576     12563.5467
179.613     12549.5325
180.537     12541.4125
180.383     12529.781
178.363     12522.0058
177.769     12517.209
179.363     12502.0348
178.958     12490.5287
178.019     12480.653
178.924     12466.9209
177.954     12462.8139
177.115     12452.5619
177.365     12439.9272
177.688     12433.2179
178.188     12420.3951
178.325     12407.8231
177.446     12397.6965
177.592     12391.4575
177.632     12378.9796
177.108     12368.1319
176.816     12362.52
175.064     12353.961
176.399     12339.2257
176.65     12332.5164
178.121     12317.3422
177.894     12305.6167
177.31     12300.7886
178.142     12286.9625
177.763     12275.4564
176.712     12271.5688
176.316     12260.0001
174.231     12245.8605
173.932     12234.1036
172.921     12230.0906
173.634     12216.1077
173.553     12210.4017
172.539     12200.0871
172.371     12188.0167
172.515     12175.7268
172.263     12169.9895
172.599     12157.0726
171.235     12147.5417
170.735     12142.306
170.944     12129.6712
171.333     12116.4095
171.525     12110.0138
172.118     12096.4698
171.665     12084.9011
172.128     12071.8588
171.948     12065.9647
171.77     12053.9884
171.154     12043.2347
170.867     12037.5915
170.746     12025.5838
171.147     12012.5415
170.65     12001.1922
170.802     11995.0159
173.413     11977.4276
174.092     11963.6016
174.404     11956.861
174.202     11945.1354
173.372     11934.6326
173.763     11927.4531
174.175     11914.4422
174.652     11901.2118
174.242     11895.6625
175.186     11881.4916
175.652     11868.1671
175.872     11861.5206
175.562     11849.6383
174.557     11839.1355
175.269     11831.5484
174.157     11821.171
173.456     11810.1666
173.244     11798.347
172.833     11792.641
172.108     11781.7306
172.964     11767.591
173.559     11760.0353
174.125     11746.366
174.093     11733.888
173.224     11729.4988
171.838     11719.6857
172.323     11706.1732
172.193     11700.1536
172.764     11686.3903
171.102     11677.455
171.169     11671.0593
171.351     11658.2678
170.302     11648.1413
170.612     11641.0558
171.909     11626.007
171.73     11613.7485
171.829     11600.9257
171.275     11596.0662
171.024     11583.8077
170.869     11571.3924
170.195     11560.4507
170.176     11554.1177
169.775     11542.5489
170.115     11535.4321
169.957     11523.1736
170.118     11510.3821
171.194     11495.302
171.303     11489.0003
170.399     11478.2153
168.95     11468.2455
169.501     11461.1287
169.447     11448.4312
169.551     11435.4203
169.45     11429.2127
170.041     11415.3553
170.717     11401.2784
170.641     11394.7886
169.196     11385.3831
169.014     11372.7484
169.642     11364.9418
165.866     11353.812
165.351     11342.0864
165.979     11334.1858
165.481     11322.7111
166.01     11308.791
169.812     11288.0049
170.022     11281.3269
170.068     11268.2847
169.472     11256.7786
169.6     11250.1948
169.8     11237.0584
169.816     11224.7999
169.357     11219.5642
167.789     11210.1587
168.061     11197.0537
168.188     11190.2191
168.689     11176.7378
169.025     11163.288
168.478     11157.9269
168.4     11145.4175
167.067     11135.1342
166.263     11130.5255
166.296     11117.7967
166.774     11104.629
165.554     11094.283
165.489     11088.0127
165.436     11075.5034
165.707     11062.2103
165.657     11055.8459
166.176     11042.0198
165.145     11031.4857
165.936     11023.4596
166.05     11010.48
164.859     10999.8518
165.297     10986.2766
165.121     10980.2571
164.723     10969.1272
164.427     10957.0568
164.053     10951.4449
164.268     10938.2458
166.039     10921.8489
166.003     10915.4218
165.072     10904.3861
164.945     10891.6573
164.51     10886.0767
163.776     10874.696
162.873     10863.4095
163.823     10855.164
163.97     10841.8082
164.004     10828.5464
164.248     10821.555
163.709     10809.4219
163.474     10797.2261
163.595     10783.8703
163.595     10777.3178
162.415     10766.7837
162.75     10753.2084
162.755     10746.5932
163.145     10732.7358
162.967     10720.634
163.729     10706.2436
164.534     10697.9354
163.556     10686.9937
163.709     10680.2531
163.694     10667.2735
163.422     10655.015
163.387     10642.0668
162.752     10636.6743
162.156     10625.1683
161.893     10612.659
164.604     10593.9734
164.976     10586.982
164.849     10574.0964
165.098     10560.5839
165.594     10552.9968
165.539     10540.2053
166.124     10526.1598
165.424     10514.5283
164.836     10509.1985
164.649     10496.5011
165.509     10481.515
165.638     10474.9939
165.393     10462.2337
164.816     10450.4142
165.043     10443.3287
165.149     10430.0042
162.279     10416.1468
162.103     10410.1273
161.919     10397.2418
161.189     10385.6103
161.545     10372.0037
161.508     10365.3571
160.941     10353.6003
161.583     10338.9904
161.482     10332.7201
163.322     10315.8215
162.499     10304.2214
161.05     10294.1889
160.684     10288.2948
159.369     10277.6666
159.775     10263.8719
160.235     10249.7009
159.915     10243.7127
161.135     10227.8802
160.353     10216.2173
160.364     10209.7589
160.696     10195.7447
159.707     10184.5522
160.442     10169.9737
160.698     10162.6374
159.851     10151.1627
159.455     10138.9355
159.619     10125.0781
159.859     10118.1807
158.665     10107.1763
158.557     10094.1027
159.667     10085.4183
160.081     10071.1533
158.558     10060.964
157.772     10056.0104
158.592     10041.1184
158.561     10028.0134
158.158     10021.8685
158.507     10008.0424
158.916     9993.8714
158.371     9981.6443
158.26     9975.3113
159.327     9959.6981
157.978     9949.3207
157.267     9944.1164
157.38     9930.3216
157.161     9917.4675
157.326     9910.3506
156.467     9898.7505
159.852     9878.5601
159.986     9871.4119
160.123     9858.0874
160.268     9844.4495
160.318     9837.6775
160.984     9822.8482
160.207     9817.7065
159.349     9806.1691
159.351     9792.6252
159.385     9785.8846
161.081     9769.0174
160.553     9763.4995
160.793     9749.454
161.027     9735.3771
160.205     9723.871
161.096     9715.312
159.486     9705.0914
159.915     9697.4416
160.541     9682.675
160.453     9669.6013
158.748     9659.7256
157.978     9654.8974
158.338     9641.0086
158.918     9632.9826
159.728     9618.1219
157.738     9608.591
158.595     9593.2287
159.295     9585.2654
158.718     9572.7874
158.566     9566.5485
159.063     9551.8445
159.273     9537.9244
159.617     9524.067
158.778     9518.8939
157.61     9507.8895
157.375     9495.0353
157.661     9487.5736
158.308     9472.8384
158.472     9458.9496
155.579     9451.2998
154.649     9439.8564
153.86     9427.9115
154.503     9419.8854
153.789     9407.721
153.78     9394.1771
154.484     9386.0884
154.754     9372.0115
155.298     9357.2135
155.591     9350.0026
155.476     9336.7409
154.455     9325.4229
154.918     9317.4596
154.51     9304.9189
154.675     9291.0929
153.961     9285.5123
153.585     9273.097
153.495     9259.6472
153.387     9253.126
153.754     9238.861
153.72     9225.2857
153.754     9218.5765
153.769     9204.7504
153.402     9192.0216
153.542     9184.9675
152.732     9172.9598
153.267     9158.4754
153.567     9150.7942
155.475     9133.4254
155.081     9120.6966
154.227     9115.4923
155.016     9100.5375
154.667     9087.5579
154.599     9080.9427
154.605     9067.3048
156.323     9049.936
156.008     9043.9792
155.269     9031.7834
154.205     9020.34
153.523     9008.2696
153.59     9000.996
154.53     8985.6651
154.055     8973.0304
153.956     8966.3211
154.423     8951.6172
154.395     8944.7198
155.025     8929.8591
154.291     8917.8515
154.723     8904.0567
154.109     8898.5702
153.063     8886.782
154.423     8870.4478
154.062     8864.3969
154.092     8850.5081
154.519     8836.0864
154.445     8829.189
154.39     8815.7078
152.943     8805.1736
152.645     8798.7779
153.412     8783.635
153.463     8769.7776
153.765     8762.3786
154.475     8747.079
154.548     8740.0876
154.189     8727.1707
154.402     8712.9371
154.436     8706.1651
154.406     8692.3704
154.065     8679.1086
153.734     8673.0264
153.632     8659.3885
153.328     8646.2208
153.553     8638.8531
152.926     8626.5319
153.019     8619.4151
152.786     8606.0593
153.431     8591.1046
154.547     8581.7304
154.476     8568.0925
153.291     8556.9626
153.8     8548.8739
154.291     8534.0759
153.03     8522.9461
152.187     8510.7503
152.89     8502.5675
153.817     8486.7349
152.884     8474.8213
149.996     8467.1715
149.903     8453.3141
150.593     8438.1085
150.697     8431.0544
149.739     8419.2348
149.237     8406.4433
149.826     8398.1979
153.587     8376.722
153.355     8363.5856
152.565     8358.005
152.115     8345.3076
153.315     8328.9421
153.298     8322.1701
153.231     8308.344
153.138     8294.4239
153.179     8280.6919
152.776     8274.547
150.696     8264.7652
151.059     8257.2722
151.144     8243.1013
152.153     8227.2687
152.197     8213.2858
152.447     8205.6987
152.32     8192.1862
152.615     8184.411
151.226     8173.4379
151.766     8158.2637
151.363     8152.0874
150.246     8140.3619
150.589     8125.5953
150.47     8111.8319
149.509     8106.8156
150.158     8091.6414
150.172     8077.6899
149.67     8071.4823
148.849     8059.4433
149.549     8050.7902
150.03     8035.8982
150.247     8021.5078
150.045     8014.7672
149.969     8001.1292
150.096     7986.5193
150.53     7978.8068
150.889     7964.1029
151.2     7949.2422
151.475     7941.6865
150.809     7928.8637
151.522     7913.4387
151.569     7906.2905
151.72     7891.9628
151.313     7878.8578
151.106     7872.1172
150.754     7858.7927
149.471     7847.5375
149.736     7839.8877
150.135     7825.1524
149.636     7812.0161
149.512     7798.0959
149.859     7790.5088
150.613     7774.9898
150.772     7767.7475
150.431     7754.4231
149.629     7742.1332
149.357     7735.6748
149.452     7721.5666
148.934     7708.7124
148.677     7702.0972
149.052     7687.55
149.703     7672.0623
148.868     7666.7012
148.791     7652.9378
149.095     7645.0685
150.903     7627.3862
152.847     7609.2336
152.763     7595.2508
153.303     7587.2561
152.413     7574.7781
152.917     7566.9089
153.715     7550.9822
152.334     7539.7897
151.669     7527.2177
151.375     7520.5084
151.744     7505.8358
151.811     7498.5936
152.635     7482.8237
152.329     7469.4052
152.624     7461.63
151.832     7449.3402
148.84     7434.1973
148.799     7427.0178
148.164     7414.2577
148.316     7406.6706
149.323     7390.6499
148.673     7378.0152
148.994     7363.0918
148.509     7357.0409
147.968     7343.9046
148.832     7335.1261
148.678     7321.3941
148.532     7307.2859
148.479     7300.5766
148.125     7286.9386
148.497     7279.2261
148.079     7265.8703
148.704     7250.414
148.291     7237.0895
148.028     7230.4743
147.054     7218.498
147.003     7211.3498
147.523     7196.2697
147.679     7181.9733
147.066     7175.9851
148.215     7159.5569
147.147     7147.5492
147.148     7140.4324
146.781     7127.1079
146.813     7112.6548
147.999     7096.5087
147.776     7089.7681
147.748     7075.6285
146.865     7063.5268
145.784     7058.291
147.273     7041.2357
146.182     7029.4789
146.248     7022.1112
147.021     7006.4354
146.616     7000.071
146.701     6985.8687
147.149     6970.7259
147.16     6956.3982
147.359     6948.9678
146.858     6935.5807
147.676     6919.654
147.302     6913.3524
147.041     6899.6203
145.924     6887.8635
145.756     6880.9034
146.35     6865.3843
145.071     6853.8469
145.786     6845.2252
149.65     6823.0596
149.905     6808.2303
150.287     6800.4551
150.755     6785.2495
149.738     6773.0224
149.328     6766.8148
149.034     6752.7692
150.378     6735.7453
151.084     6727.2176
150.772     6713.6737
150.861     6699.3147
150.582     6692.6681
150.811     6677.7447
151.771     6661.6613
151.188     6655.6105
150.244     6643.4774
149.443     6637.8654
149.639     6623.4123
150.409     6607.3603
150.223     6593.4715
150.52     6585.9471
150.534     6571.2745
150.278     6564.8474
150.668     6549.5165
150.594     6535.4396
150.029     6522.4913
149.426     6516.5659
149.275     6502.3949
149.572     6494.3689
149.175     6481.1699
149.861     6465.4
148.275     6454.2702
148.499     6446.7458
149.018     6431.4462
149.855     6422.5736
146.061     6408.9357
145.145     6396.4891
145.43     6388.7139
145.745     6373.7278
147.763     6355.2303
147.857     6348.1135
147.183     6335.0085
146.803     6321.3392
146.694     6314.6299
146.299     6300.9919
146.7     6285.7237
146.715     6278.4815
146.245     6265.0316
147.134     6248.9796
147.189     6241.6119
147.262     6227.1902
146.507     6221.5155
146.595     6207.031
146.64     6199.6634
145.78     6187.1227
146.214     6172.168
147.683     6154.5484
147.37     6148.1213
147.432     6133.6055
147.721     6125.7676
147.799     6111.3772
146.547     6099.4635
147.395     6090.7478
147.466     6076.0752
146.265     6064.0675
147.002     6055.5399
146.586     6041.8392
149.78     6020.959
151.221     6003.6529
151.307     5996.2226
151.171     5982.177
151.876     5966.2504
151.472     5959.98
151.07     5946.8123
151.728     5930.7917
150.943     5925.2738
150.999     5910.6952
152.164     5893.7027
152.115     5886.7112
152.221     5871.976
152.47     5857.0526
151.74     5851.2212
151.203     5837.8967
151.421     5830.2469
152.096     5814.4457
152.138     5800.0866
151.575     5793.8476
151.369     5780.0216
150.664     5766.9479
150.836     5759.3608
151.156     5744.218
151.824     5728.26
151.754     5721.2372
151.572     5707.1917
150.497     5694.8391
150.782     5687.1266
151.512     5671.1059
152.228     5655.3047
152.613     5647.2473
152.138     5633.9229
152.535     5618.8114
152.712     5611.1929
152.501     5597.4296
151.801     5585.0143
152.415     5576.5494
152.684     5561.4692
151.443     5549.681
151.353     5542.7836
151.53     5527.8916
152.671     5511.0871
152.119     5505.0676
150.877     5492.9972
151.684     5477.0079
151.435     5470.2359
150.33     5457.9147
150.641     5443.054
150.102     5436.721
150.63     5421.1706
150.675     5413.7716
151.846     5396.8417
151.577     5382.8589
151.392     5368.3744
151.317     5361.477
148.285     5345.7699
148.645     5337.7125
147.814     5324.921
148.836     5308.1479
148.987     5300.4354
148.982     5285.9823
149.589     5269.9929
148.612     5264.914
147.881     5251.7776
147.752     5237.1678
148.057     5229.4239
153.691     5203.0572
152.84     5197.602
151.228     5186.3781
151.434     5171.1725
151.405     5164.1498
151.612     5149.0696
151.839     5133.9895
151.767     5126.7472
151.529     5112.8271
151.848     5104.8638
151.812     5090.348
151.98     5075.5186
151.933     5068.2451
151.345     5054.952
151.243     5040.5616
151.467     5032.849
150.686     5019.9949
151.962     5002.6574
152.556     4994.2865
151.956     4980.8053
152.132     4965.7252
152.057     4958.671
151.733     4944.8763
153.359     4926.9118
152.567     4921.2058
151.857     4908.0695
150.95     4895.4661
150.427     4889.1644
150.59     4874.4292
152.007     4856.7155
151.956     4842.1997
151.499     4835.7726
151.852     4820.2535
151.336     4814.1713
151.244     4799.7809
151.703     4784.0424
152.261     4775.6715
152.137     4761.1557
151.666     4747.549
151.826     4739.7425
152.029     4724.7564
152.105     4710.0838
152.6     4701.6502
153.409     4685.2533
153.048     4671.2705
153.484     4663.119
153.524     4648.3838
154.854     4630.7641
154.17     4624.9327
152.921     4612.7683
153.462     4596.9357
152.822     4590.8221
152.659     4576.4944
152.683     4561.7905
152.809     4554.078
154.491     4535.9881
154.556     4521.2528
154.558     4513.6344
152.683     4502.9435
151.287     4490.9985
151.404     4483.5054
152.775     4465.9485
153.056     4450.4294
150.211     4441.4942
151.366     4421.8054
153.71     4412.1491
155.986     4392.8678
155.735     4385.8137
156.382     4369.7617
156.088     4355.8102
155.761     4348.9128
156.556     4332.6726
156.863     4317.1536
156.524     4310.6638
155.066     4298.7502
152.957     4281.1619
153.386     4272.8537
153.172     4258.6201
152.541     4245.0134
152.259     4238.555
153.609     4220.7786
154.48     4211.6866
153.693     4198.5816
153.477     4184.8496
153.942     4169.1424
153.702     4162.1824
154.41     4145.9422
154.489     4131.0188
153.519     4125.4382
153.807     4110.2013
153.963     4095.1839
153.895     4087.8163
153.975     4073.0183
153.776     4065.8701
153.683     4051.3229
152.884     4037.9671
153.342     4022.1659
153.373     4014.8296
152.919     4000.8154
153.512     3992.3818
153.954     3976.3925
153.662     3962.0021
153.787     3954.3523
154.207     3938.7705
154.523     3923.2201
154.324     3916.166
154.202     3901.8383
154.99     3885.316
154.501     3878.7948
154.42     3864.4044
154.965     3855.6886
155.409     3840.0442
154.504     3826.9078
153.817     3813.458
153.665     3806.4979
154.928     3788.8783
155.202     3781.0404
155.11     3766.5873
154.859     3752.1968
153.342     3747.9017
154.018     3731.5675
154.727     3715.5468
155.674     3706.1413
155.523     3691.4374
155.597     3676.4826
155.945     3668.2058
155.052     3655.4457
155.394     3647.1375
155.037     3633.0606
154.297     3620.0183
155.125     3603.3706
155.025     3596.4732
159.01     3573.1789
158.903     3566.1875
159.463     3550.0728
159.673     3534.7105
159.874     3519.5676
158.98     3513.893
158.071     3500.9447
157.694     3494.2041
157.843     3479.0299
157.068     3473.3553
157.049     3458.3692
157.296     3443.1323
157.795     3427.237
157.819     3419.7126
158.024     3404.413
158.298     3388.7058
158.237     3381.5263
157.511     3368.2332
157.02     3354.1563
157.141     3346.6006
157.67     3330.5799
157.101     3316.9419
157.504     3308.571
157.071     3294.5568
158.138     3277.5642
158.287     3269.5695
158.128     3255.1164
157.943     3240.6947
158.117     3225.301
157.447     3219.3129
156.952     3205.33
156.846     3198.3386
153.999     3181.9103
153.514     3167.8648
153.519     3152.6592
153.155     3146.2008
154.029     3129.459
154.727     3120.5865
154.861     3105.381
153.985     3092.1192
155.047     3075.0953
154.771     3068.1352
154.343     3054.0583
155.432     3037.2538
155.222     3030.137
154.987     3015.7779
154.705     3001.4189
154.856     2993.675
155.568     2977.4035
154.885     2963.7969
155.255     2955.7395
153.852     2943.481
153.874     2928.4636
154.567     2919.6538
153.525     2906.831
154.867     2889.3994
154.322     2882.8156
154.451     2867.6414
155.037     2851.6834
155.263     2843.626
155.266     2828.8594
154.989     2821.7112
156.001     2804.8754
155.04     2791.8958
155.251     2783.9952
154.448     2770.8275
159.426     2745.4954
159.492     2738.065
160.602     2720.5395
160.763     2712.7956
159.91     2699.7533
158.862     2686.9618
160.118     2669.6244
160.369     2661.5356
160.27     2646.9258
159.335     2633.9775
158.663     2627.7072
158.61     2612.9406
160.062     2595.0074
159.913     2587.8593
160.007     2572.7791
158.849     2567.5434
159.997     2550.2686
160.332     2534.4674
159.636     2521.1116
160.019     2512.8661
160.745     2496.3125
160.254     2490.0421
159.516     2476.6236
159.814     2461.3554
159.68     2454.1131
159.662     2439.2525
161.258     2421.3507
160.739     2414.8295
159.929     2401.4737
161.082     2384.2303
160.827     2377.2702
160.418     2363.1306
161.003     2354.2268
161.786     2337.7358
162.593     2320.994
161.946     2307.3561
161.769     2300.4273
161.308     2286.225
161.479     2278.4498
162.499     2261.2691
162.055     2247.2863
162.211     2239.5111
161.552     2225.5596
161.991     2209.9151
162.297     2201.6383
159.887     2191.6058
159.326     2177.7797
160.568     2160.0974
160.685     2152.573
159.361     2140.001
159.99     2131.4106
160.042     2116.2991
160.559     2100.0276
157.26     2084.3518
157.209     2077.2036
156.48     2063.5343
156.603     2048.266
156.485     2041.0865
157.003     2024.9717
157.431     2009.1078
157.088     2002.1477
157.234     1987.1303
157.623     1978.9789
157.569     1964.0868
157.269     1949.9786
157.76     1933.7384
157.779     1926.1827
161.501     1903.6095
161.202     1889.031
159.912     1876.7411
160.179     1868.7465
161.114     1851.8166
161.826     1835.5137
161.661     1828.2715
161.542     1813.5676
160.606     1800.4939
160.48     1785.6333
160.825     1777.7013
160.841     1762.6525
160.262     1749.0772
160.62     1740.8317
159.891     1727.1938
159.174     1713.8066
159.278     1706.0314
160.579     1688.5999
161.059     1680.1663
160.96     1665.5251
161.78     1649.0968
161.422     1642.1681
160.28     1629.7528
159.892     1615.7073
160.149     1607.6499
160.136     1592.8206
159.719     1586.1741
159.185     1572.442
159.414     1556.8603
159.537     1541.6547
159.071     1535.3217
160.141     1518.0469
159.87     1503.7819
158.657     1491.4607
158.695     1483.7482
159.142     1467.7275
159.534     1459.1999
160.203     1443.2732
159.718     1429.3217
158.905     1423.5217
157.139     1412.2978
157.363     1397.4998
157.479     1389.8814
157.69     1374.5818
157.555     1359.9092
157.22     1353.3567
156.583     1339.6874
155.988     1325.9867
155.069     1320.4688
155.324     1304.9498
155.405     1290.1831
155.701     1281.969
154.011     1270.6197
153.72     1256.4174
153.648     1249.0811
153.749     1234.3145
153.34     1220.1749
153.104     1205.7218
152.693     1199.232
152.958     1183.7443
153.227     1175.9377
152.332     1162.8954
150.732     1151.2013
150.467     1137.0303
150.627     1129.1297
149.764     1116.0874
152.796     1102.1046
152.405     1088.2785
152.012     1074.2016
151.399     1060.2501
151.318     1053.1647
151.27     1038.4607
150.865     1032.0023
146.247     1018.9914
146.797     1002.9707
145.228     991.213800000001
144.057     986.385600000001
143.666     971.869800000001
144.031     963.906500000001
143.947     949.077200000001
143.042     936.097600000001
142.965     928.855400000001
143.166     913.649800000001
141.223     902.927500000001
141.754     894.337200000001
142.305     878.473300000001
141.665     872.422400000001
141.956     856.903300000001
140.988     844.331300000001
140.432     830.536600000001
140.453     823.231700000001
138.965     811.474800000001
138.487     804.890900000001
138.653     789.904800000001
139.17     774.260400000001
138.633     760.277500000001
138.952     752.314200000001
139.696     736.011400000001
137.916     732.311900000001
135.444     722.436100000001
135.363     708.014300000001
135.788     692.526600000001
135.234     686.162200000001
135.36     671.301600000001
133.964     659.450600000001
134.151     651.738100000001
132.502     640.294800000001
132.161     626.343300000001
131.436     620.574600000001
132.229     603.958200000001
131.225     591.417600000001
131.478     583.673700000001
131.305     569.346000000001
131.755     553.764200000001
131.82     546.271200000001
131.552     532.413700000001
131.648     517.709800000001
130.745     512.097900000001
129.149     500.936700000001
129.103     486.514900000001
129.473     478.457600000001
128.743     465.478000000001
128.513     451.150300000001
128.697     443.719900000001
127.605     431.210600000001
128.559     414.876400000001
129.021     406.693600000001
127.575     394.968100000001
127.059     381.737700000001
126.749     374.934400000001
126.552     360.920200000001
126.5     353.678000000001
129.162     333.769700000001
128.794     320.288500000001
129.285     311.917600000001
129.114     297.966100000001
128.398     285.550900000001
128.698     277.712900000001
127.417     266.081500000001
127.402     251.597000000001
127.058     245.201300000001
127.044     230.873600000001
127.367     215.574000000001
127.03     201.998700000001
125.95     197.013800000001
125.074     184.441800000001
124.737     170.866500000001
124.918     163.122700000001
125.545     147.854400000001
123.082     138.417600000001
123.018     131.520200000001
123.218     116.941700000001
122.281     104.401000000001
122.379     90.0420000000013
122.131     83.3641000000013
121.636     70.1023000000013
122.625     60.8536000000013
120.609     50.7270000000013
119.066     39.7853000000013
119.163     32.3549000000013
114.484     20.8175000000013
114.263     7.08550000000131
113.671     1.22270000000131
112.959     -11.4746999999987
111.78     -16.0833999999987
108.275     -23.0120999999987
101.856     -23.9525999999987
94.83     -23.4509999999987
91.1     -22.9806999999987
84.21     -22.8552999999987
77.193     -22.6044999999987
73.682     -22.4790999999987
66.771     -22.4477999999987
59.418     -21.6012999999987
56.071     -21.5071999999987
49.455     -21.9460999999987
42.759     -22.1655999999987
39.329     -22.1655999999987
32.463     -22.2282999999987
26.265     -23.2001999999987
22.511     -22.5417999999987
15.348     -21.7579999999987
11.858     -21.6012999999987
4.83299999999999     -20.9114999999987
