Distance_nm     Force_uN
0.108     -0.648
0.054     -0.162
2.559     -0.162
2.779     0.162
3.676     0.243
5.462     -0.486
5.908     -0.648
7.949     0.567
8.325     0.729
9.068     0.486
10.707     0.648
11.293     0.162
13.281     1.053
14.094     0.324
14.691     -0.162
17.164     -0.486
17.287     0.243
19.294     -0.891
19.566     0.891
21.512     0.405
22.631     -0.405
22.652     0.081
25.302     0
25.14     0.729
26.769     1.134
28.124     0.162
28.529     -0.81
29.656     0.324
30.989     0.486
32.598     -0.486
33.985     -0.648
34.086     -0.324
36.78     -0.324
36.828     0
37.962     -0.081
39.408     0.243
39.504     0.648
40.482     0.648
42.326     0.648
42.132     1.134
45.366     -1.377
45.445     -0.324
46.203     -0.243
48.143     0.243
48.197     0
50.691     -0.243
50.922     0.405
51.438     0.567
53.792     0.648
53.889     0.162
56.249     0.081
56.776     0.324
57.4     -0.324
60.056     -0.81
60.465     -0.81
62.12     -0.486
63.11     -0.972
63.206     -0.405
66.067     -1.458
65.845     0.324
67.587     -0.405
68.365     0.972
70.236     0.243
71.603     -0.324
71.888     -0.81
73.313     -0.81
74.797     -1.377
75.876     0.162
77.252     0.081
77.639     -0.486
79.663     2.187
78.685     6.48
79.219     8.91
79.768     12.879
79.8     13.203
82.568     13.365
82.697     13.689
83.638     13.122
85.092     15.552
85.227     15.066
88.758     11.421
89.312     10.935
88.062     17.982
88.674     22.68
86.89     31.185
89.493     30.618
91.083     26.973
90.514     30.618
92.036     34.182
92.812     32.805
93.292     40.905
93.923     38.556
93.973     46.008
94.444     47.871
94.621     48.195
94.846     57.672
94.484     59.292
95.167     63.585
96.452     63.423
95.258     68.445
95.558     77.841
95.25     79.218
95.984     81.891
97.23     82.863
97.105     83.511
98.269     89.829
99.014     87.561
99.311     91.044
99.599     97.2
99.783     96.552
99.365     108.54
98.737     111.861
99.537     112.59
100.489     116.883
100.381     117.45
101.876     121.5
102.041     122.715
102.335     124.011
101.536     136.242
101.482     136.404
102.285     142.965
102.92     142.965
103.285     143.289
103.53     149.364
103.997     150.093
104.71     155.844
105.112     157.302
104.581     160.461
104.659     166.86
105.076     168.723
105.34     168.966
105.52     174.96
105.597     178.443
106.168     176.985
107.019     184.761
106.911     185.247
107.989     187.596
107.286     195.291
107.291     195.939
108.676     201.852
109.204     200.313
108.95     206.55
109.304     211.167
108.056     216.351
108.342     219.915
109.095     223.803
108.815     224.937
111.161     226.8
111.738     225.423
111.393     230.526
112.626     233.928
111.81     236.925
111.96     246.969
112.007     248.103
111.522     253.044
111.897     258.876
111.69     261.225
111.957     262.683
114.662     261.873
113.225     267.138
113.149     277.02
114.043     275.805
114.928     281.718
114.449     286.173
115.172     284.553
114.689     297.027
113.642     300.834
116.068     299.538
114.162     310.878
114.177     311.526
116.297     314.604
115.406     317.925
117.325     317.601
117.476     321.894
117.848     321.084
117.564     333.234
117.969     331.938
116.612     342.468
117.27     345.789
117.209     346.68
117.905     349.11
118.264     354.537
118.177     359.64
118.548     364.581
118.126     366.93
119.071     367.416
119.353     374.22
118.42     381.105
119.865     382.644
121.488     378.351
120.666     391.23
120.383     394.065
120.477     396.171
121.014     401.436
121.843     400.464
122.72     399.411
123.588     406.053
122.26     411.237
122.27     420.228
122.893     421.119
122.832     422.658
123.342     427.842
123.521     430.596
123.075     439.749
123.307     442.908
124.311     439.992
125.296     447.525
125.015     448.821
124.791     456.435
124.429     462.591
124.282     464.13
124.922     467.694
125.931     469.395
125.444     471.663
126.911     477.09
126.737     478.71
126.445     484.866
126.674     490.617
127.041     489.564
126.731     501.714
126.788     503.01
126.573     507.87
127.151     513.783
127.752     515.241
128.116     520.83
127.234     525.366
127.398     528.12
129.623     528.444
128.361     536.139
128.638     542.538
129.527     541.161
130.21     540.918
131.251     546.507
130.16     550.476
129.977     560.358
130.367     561.654
131.874     564.732
130.925     571.617
133.286     571.131
132.271     578.988
133.301     576.234
135.296     575.424
133.347     586.845
132.947     589.113
132.949     600.453
131.853     604.746
134.523     601.506
134.722     606.042
133.138     613.008
134.061     614.952
133.502     623.376
135.191     622.566
135.826     626.292
134.8     630.666
135.175     640.467
133.883     646.299
134.753     647.352
135.646     650.835
136.136     650.106
137.034     650.268
136.943     658.692
136.268     661.203
135.979     673.272
137.489     669.708
137.658     671.571
138.122     679.185
138.524     680.238
138.305     688.257
138.799     688.905
139.948     694.008
139.308     699.192
137.502     707.454
139.828     709.398
140.103     708.264
139.153     720.576
140.822     718.227
140.351     721.386
139.933     733.698
140.656     731.106
140.734     738.072
141.57     739.692
140.398     744.633
142.203     749.655
141.949     750.951
142.525     754.839
143.641     756.621
142.571     761.562
142.514     772.902
143.063     771.93
142.259     779.544
143.94     780.678
141.85     792.99
142.689     796.878
143.784     793.962
144.219     803.277
144.158     804.897
143.155     811.782
143.772     816.966
144.202     817.209
144.568     825.714
144.787     827.334
144.487     830.898
146.71     832.599
146.332     833.814
145.079     847.665
147.192     842.967
146.69     853.821
145.833     860.463
148.047     860.544
147.152     867.672
147.167     868.563
147.185     880.146
146.789     882.738
147.37     886.95
147.78     890.352
147.362     898.533
147.528     903.474
149.422     897.156
148.291     912.789
148.43     912.708
151.08     908.415
149.853     919.107
148.523     925.02
150.693     921.78
150.398     930.366
150.377     934.821
150.341     942.192
149.584     945.999
151.547     949.401
151.561     950.94
151.519     954.423
151.818     960.822
151.6     963.738
152.678     969.651
152.303     973.458
152.635     974.592
153.098     982.854
153.114     982.935
154.08     988.605
152.98     995.895
153.934     994.032
153.58     1006.101
154.853     1002.537
155.142     1008.612
153.533     1018.98
154.012     1018.17
156.607     1019.709
155.715     1023.354
154.129     1036.638
155.193     1037.691
153.242     1046.115
155.62     1048.788
156.068     1047.411
153.889     1061.829
155.4     1062.153
155.933     1060.857
157.286     1067.175
156.609     1070.739
155.707     1079.082
155.039     1088.964
157.178     1081.026
159.972     1081.755
159.511     1084.914
159.134     1089.936
160.528     1093.581
159.463     1097.793
158.916     1110.51
159.74     1109.457
158.257     1117.557
158.742     1125.495
159.165     1126.629
160.069     1130.841
160.892     1130.355
159.588     1137.24
159.31     1149.066
158.268     1153.116
159.079     1158.381
161.12     1154.736
159.386     1162.35
160.668     1168.911
161.701     1172.799
161.565     1178.469
162.022     1178.145
162.393     1182.762
162.948     1186.245
163.233     1185.597
163.354     1196.775
162.657     1200.177
163.951     1200.744
163.349     1210.14
162.29     1214.109
164.501     1217.187
163.252     1223.181
163.614     1226.421
164.279     1232.01
164.615     1234.845
164.66     1241.892
164.685     1243.431
163.37     1259.226
164.091     1258.74
165.076     1257.768
163.941     1271.7
165.563     1268.298
166.159     1273.563
164.439     1282.473
166.209     1285.713
165.968     1289.601
165.825     1292.274
167.469     1296.891
166.535     1300.455
166.336     1309.77
167.243     1310.499
167.479     1310.904
167.616     1322.082
168.414     1320.057
168.169     1327.347
168.924     1329.777
167.668     1341.522
167.937     1346.139
169.323     1342.008
167.916     1359.099
168.142     1358.856
170.554     1355.535
167.791     1373.112
168.207     1371.816
170.272     1375.38
168.969     1381.536
169.785     1382.751
170.628     1387.935
170.164     1393.929
170.36     1400.166
171.551     1397.655
171.317     1409.319
171.082     1412.073
168.935     1423.008
170.549     1426.572
170.857     1425.438
171.578     1433.295
172.298     1433.619
173.442     1439.046
173.59     1441.476
170.844     1453.626
173.364     1454.922
173.159     1455.651
172.387     1467.072
172.382     1471.203
171.695     1474.848
173.786     1478.979
171.711     1488.051
174.656     1488.861
175.816     1485.378
175.213     1499.715
174.823     1502.307
175.555     1505.385
174.694     1515.186
175.017     1519.722
174.787     1527.012
176.352     1522.152
176.719     1525.23
177.056     1531.71
177.503     1530.333
176.469     1545.723
176.392     1547.424
177.953     1545.642
178.363     1553.094
177.511     1559.736
177.491     1567.269
178.288     1566.54
178.89     1574.964
177.942     1580.796
178.166     1582.335
178.321     1592.136
177.325     1598.049
178.785     1600.074
178.683     1603.719
178.497     1606.392
181.081     1607.85
178.882     1617.651
179.137     1623.969
180.617     1622.997
180.461     1631.664
180.429     1636.281
180.584     1636.848
180.63     1643.328
180.883     1647.702
181.238     1647.297
182.12     1655.721
182.124     1656.855
182.479     1661.31
181.153     1672.893
180.958     1674.351
180.339     1688.283
180.986     1686.744
181.239     1691.118
182.084     1694.52
181.71     1697.193
181.68     1708.776
181.975     1709.019
182.57     1710.963
182.296     1719.225
182.888     1718.82
183.785     1719.144
183.979     1727.811
182.782     1735.587
183.142     1744.092
182.808     1745.145
183.756     1752.03
184.482     1751.949
183.07     1759.968
183.899     1767.42
184.704     1764.342
185.205     1772.037
185.827     1773.576
185.566     1776.33
186.356     1784.754
186.021     1786.212
185.082     1798.2
186.718     1796.661
185.073     1810.593
186.654     1809.621
185.475     1815.534
185.948     1820.07
187.242     1821.609
187.519     1832.463
186.757     1836.027
186.739     1842.102
187.173     1847.448
187.642     1846.233
187.363     1859.112
185.682     1866.726
186.349     1875.717
186.747     1875.474
188.442     1873.53
187.805     1884.789
188.28     1883.331
188.537     1893.294
189.053     1893.213
189.244     1895.157
189.247     1905.849
189.731     1906.254
189.528     1918.08
189.868     1916.865
190.035     1925.532
190.582     1927.314
191.627     1924.965
191.371     1937.196
191.559     1937.034
192.434     1942.218
192.402     1946.997
191.731     1950.561
191.689     1962.63
189.852     1970.649
189.866     1976.886
191.338     1977.453
190.813     1980.207
191.22     1990.737
192.083     1988.307
191.485     2002.725
191.851     2002.239
193.832     2000.376
192.17     2014.389
191.759     2016.09
193.069     2022.165
192.531     2026.458
192.879     2028.159
194.031     2031.48
193.342     2036.583
194.42     2042.982
194.022     2047.275
194.062     2049.705
194.222     2059.749
194.362     2059.344
193.973     2070.198
195.351     2068.74
194.582     2073.357
194.503     2080.89
194.703     2084.778
195.227     2091.501
195.081     2096.604
195.177     2097.333
196.361     2104.704
196.08     2106.324
195.682     2115.315
196.554     2118.474
195.657     2122.605
196.134     2132.406
194.924     2137.671
195.246     2142.45
196.155     2146.338
195.42     2149.416
196.48     2157.435
198.169     2152.251
197.489     2159.136
197.003     2169.909
197.912     2178.09
197.132     2182.788
198.586     2180.925
199.954     2183.355
199.206     2188.377
200.964     2192.67
198.855     2203.362
199.553     2203.524
198.056     2219.562
197.273     2222.478
198.789     2226.447
198.31     2231.712
198.545     2232.846
200.394     2237.139
199.917     2240.946
200.28     2247.345
199.178     2255.85
200.464     2259.414
200.34     2264.274
199.787     2268.081
201.021     2274.966
200.052     2280.474
200.163     2286.387
200.318     2291.652
199.17     2302.911
200.221     2305.26
199.939     2307.042
199.697     2320.164
200.522     2318.22
201.54     2326.077
200.896     2329.641
199.858     2338.47
201.122     2342.439
199.923     2347.461
202.117     2350.701
202.725     2350.134
201.857     2357.019
202.564     2363.985
202.3     2368.44
202.739     2374.677
203.157     2375.73
202.653     2388.204
202.995     2389.662
202.074     2395.413
203.637     2400.759
203.513     2401.407
202.254     2415.825
202.578     2418.66
201.908     2430.567
203.442     2428.623
203.797     2428.866
204.123     2439.558
204.511     2438.505
204.669     2445.795
205.558     2448.144
204.974     2451.222
205.64     2460.699
206.745     2457.945
206.328     2465.559
206.222     2472.687
205.374     2476.332
206.741     2483.46
205.617     2488.887
205.411     2494.719
206.416     2498.931
206.523     2503.872
206.688     2510.19
205.168     2517.399
206.466     2524.365
206.745     2524.932
206.726     2536.353
207.177     2537.082
208.74     2542.185
207.484     2549.232
207.918     2550.609
209.356     2552.958
206.388     2567.295
209.334     2566.404
209.055     2570.454
209.172     2572.074
208.801     2585.115
208.067     2588.031
208.282     2596.455
207.682     2603.421
209.891     2603.745
209.832     2608.362
209.727     2610.468
210.306     2620.593
211.164     2618.568
212.403     2620.593
210.695     2633.067
210.967     2638.98
211.786     2641.815
211.962     2642.706
211.065     2651.616
211.969     2655.423
211.935     2656.395
212.477     2666.439
211.79     2670.003
210.439     2680.371
210.36     2687.904
210.498     2688.876
210.369     2693.574
213.171     2692.035
212.918     2697.219
213.333     2705.157
213.614     2704.347
213.67     2715.363
213.667     2717.874
212.412     2733.507
213.456     2732.049
213.496     2734.722
213.136     2743.875
214.222     2743.227
214.464     2752.056
213.887     2758.05
214.732     2757.159
215.582     2761.614
214.88     2768.58
215.177     2776.194
215.366     2780.001
213.976     2786.967
215.933     2791.503
216.613     2789.397
215.491     2801.385
217.33     2800.656
216.606     2804.139
216.25     2817.747
216.524     2818.071
216.177     2824.956
215.941     2833.299
215.979     2833.623
216.32     2844.396
216.086     2847.069
215.897     2852.577
217.166     2856.303
216.215     2864.646
217.036     2870.64
216.652     2872.584
218.431     2877.12
219.206     2876.148
218.75     2889.27
218.536     2892.915
219.657     2899.233
219.281     2903.364
219.71     2904.417
218.05     2921.508
217.563     2923.533
220.408     2922.642
219.123     2931.633
219.337     2932.605
220.473     2940.381
219.569     2945.808
217.983     2963.547
217.421     2966.22
218.879     2968.974
219.494     2972.214
219.05     2974.887
219.677     2984.769
219.331     2986.794
221.056     2987.199
220.935     2994.327
219.141     3001.698
220.989     3007.287
220.182     3012.066
220.537     3016.035
220.803     3023.487
221.234     3026.97
221.269     3033.855
220.538     3038.067
220.523     3049.893
219.355     3056.13
220.84     3054.51
221.277     3062.691
221.017     3063.825
222.138     3070.629
223.02     3070.305
221.706     3085.776
221.708     3088.53
220.468     3096.063
221.685     3102.867
222.9     3098.817
221.775     3112.83
222.527     3113.478
221.369     3119.796
222.246     3128.382
222.775     3126.6
222.408     3136.725
223.708     3136.968
223.404     3139.479
224.41     3147.903
223.317     3153.411
221.835     3165.48
223.82     3164.67
223.04     3174.39
223.729     3177.954
224.272     3177.387
224.981     3187.188
224.175     3191.076
223.132     3200.391
223.883     3206.061
223.277     3213.675
224.575     3216.024
224.427     3218.535
225.519     3226.392
225.112     3229.875
224.351     3236.679
227.32     3235.302
227.217     3235.869
225.692     3252.96
225.588     3258.954
226.139     3265.029
225.618     3269.808
225.729     3280.014
225.071     3285.765
226.856     3281.391
226.21     3295.404
226.248     3295.566
227.824     3298.887
226.927     3307.23
227.433     3306.987
228.088     3316.383
227.902     3318.894
228.882     3322.215
228.805     3328.209
228.355     3330.963
227.244     3347.649
226.827     3349.836
227.98     3352.509
227.454     3360.204
228.495     3357.855
229.376     3367.008
230.142     3365.226
230.356     3370.41
229.881     3380.292
230.609     3383.208
230.557     3390.579
229.151     3397.869
229.401     3408.885
229.463     3410.424
230.695     3410.181
230.899     3419.172
230.873     3422.979
230.979     3432.942
231.856     3432.699
230.89     3444.12
230.368     3449.547
231.37     3456.108
231.237     3459.996
232.945     3456.27
232.094     3470.85
232.842     3470.283
232.828     3482.433
231.472     3487.941
234.35     3485.673
233.778     3492.639
231.691     3502.197
231.661     3509.163
230.417     3520.017
232.152     3520.746
233.177     3522.771
232.084     3528.522
231.846     3534.273
234.023     3534.597
231.759     3548.043
233.921     3547.557
234.134     3549.096
232.445     3559.302
234.793     3559.788
234.83     3560.355
232.575     3580.2
233.415     3579.228
232.957     3584.25
233.369     3590.811
234.769     3588.705
233.908     3602.475
235.129     3601.827
234.23     3607.497
234.406     3618.027
234.462     3620.214
234.393     3628.152
234.791     3632.688
235.392     3642.57
234.375     3648.078
234.879     3653.424
237.091     3651.075
237.228     3658.203
237.21     3663.711
238.132     3662.091
238.205     3668.247
237.386     3678.291
237.308     3685.257
236.516     3695.625
237.394     3698.379
237.31     3705.507
238.005     3704.697
238.566     3707.694
238.636     3716.037
239.068     3714.903
239.42     3725.595
238.311     3731.751
238.187     3736.449
238.812     3743.982
238.261     3746.412
237.383     3761.235
237.774     3762.045
237.722     3765.771
237.277     3778.002
239.471     3772.899
238.888     3783.267
239.079     3786.102
239.957     3792.906
238.857     3800.682
239.453     3801.168
239.946     3807.081
239.125     3814.776
241.263     3815.667
240.356     3823.524
238.803     3831.624
240.538     3837.213
241.034     3836.16
240.533     3846.042
240.261     3853.332
239.811     3855.843
239.58     3869.208
239.692     3870.423
240.003     3875.283
240.761     3879.9
241.456     3878.28
240.378     3894.399
241.553     3891.24
242.297     3893.994
241.741     3904.848
243.339     3899.664
242.6     3914.568
241.367     3921.21
242.658     3920.319
242.095     3932.145
242.145     3935.79
243.242     3939.516
241.144     3950.208
243.139     3953.934
242.342     3959.604
240.751     3968.595
242.296     3970.863
241.006     3979.692
238.201     3992.49
242.421     3987.792
239.971     3999.537
241.62     4005.45
242.478     4002.696
240.782     4018.491
241.751     4021.245
243.103     4023.594
241.633     4034.853
241.327     4043.52
242.545     4045.383
241.842     4048.866
244.456     4051.539
242.802     4059.396
243.092     4064.256
243.811     4069.197
244.091     4069.035
243.099     4085.235
244.403     4081.995
244.847     4092.768
243.668     4098.762
244.786     4099.167
245.098     4107.753
244.601     4109.859
244.9     4120.389
245.874     4119.579
245.746     4123.467
244.815     4137.237
244.471     4142.016
244.72     4149.387
246.557     4145.904
246.533     4148.334
246.087     4161.699
247.466     4158.864
247.252     4171.176
246.83     4173.606
248.461     4176.522
247.526     4184.865
247.421     4187.214
247.795     4197.987
246.655     4202.766
247.331     4208.274
246.535     4217.427
245.589     4221.963
246.724     4230.144
246.528     4232.817
246.056     4240.755
247.618     4242.213
248.474     4245.615
248.007     4254.12
248.604     4253.877
249.189     4263.597
247.599     4271.859
248.386     4273.803
248.046     4283.928
248.407     4287.573
249.354     4291.542
248.444     4297.374
248.84     4307.904
248.993     4310.01
248.887     4313.655
250.127     4319.568
249.23     4323.375
249.211     4334.148
248.575     4340.385
249.933     4337.874
250.669     4346.46
248.706     4356.423
251.111     4358.934
251.543     4357.8
248.793     4377.888
251.509     4372.623
251.933     4372.542
250.45     4390.362
251.808     4387.446
251.36     4402.188
251.175     4404.132
252.429     4411.827
251.796     4415.067
251.458     4423.572
252.563     4425.435
250.978     4433.373
251.5     4437.342
251.939     4443.336
251.705     4450.302
252.728     4453.38
250.868     4462.128
251.134     4473.468
252.536     4469.823
251.77     4476.87
252.762     4483.026
251.903     4487.157
251.883     4498.983
252.539     4498.821
253.35     4499.631
253.148     4511.052
253.698     4509.432
254.932     4515.912
253.302     4525.47
253.099     4529.034
253.264     4539.807
253.004     4541.184
253.488     4549.689
254.423     4549.851
254.183     4553.334
255.07     4561.758
254.562     4564.188
252.86     4580.064
254.091     4580.55
253.981     4582.737
253.366     4597.236
253.418     4599.018
252.616     4608.981
254.298     4609.143
254.284     4616.433
254.195     4623.723
254.139     4624.857
253.989     4637.736
254.23     4638.789
254.65     4642.839
255.277     4648.833
255.378     4654.179
255.526     4660.821
256.635     4658.958
256.481     4671.351
256.219     4674.186
256.013     4680.099
255.691     4689.09
256.671     4687.389
255.205     4704.318
257.264     4699.62
257.201     4703.022
257.555     4712.499
256.271     4720.761
256.871     4726.512
257.742     4726.836
257.058     4731.777
258     4739.877
257.484     4744.494
257.782     4755.429
257.512     4757.049
256.869     4768.47
256.885     4772.925
257.919     4771.062
258.634     4780.458
259.983     4784.589
259.355     4792.689
258.343     4798.278
259.008     4808.484
257.289     4816.503
260.962     4815.288
259.73     4820.715
258.951     4829.787
258.762     4838.697
260.246     4838.859
260.264     4846.23
258.231     4855.95
257.827     4869.477
256.211     4877.253
257.43     4877.82
257.227     4886.325
258.358     4884.462
259.348     4892.319
259.533     4894.749
259.886     4896.612
259.554     4908.438
259.829     4907.709
259.174     4921.155
259.666     4922.775
259.226     4926.987
259.384     4938.003
259.743     4939.38
260.608     4943.754
259.08     4954.365
258.906     4964.49
260.391     4963.518
258.969     4970.727
259.413     4981.5
260.189     4979.394
258.975     4992.111
259.858     4995.027
260.143     4995.351
259.135     5011.227
259.834     5010.66
259.76     5023.458
259.218     5026.455
259.124     5033.259
260.534     5036.256
261.742     5037.471
262.479     5041.845
260.57     5050.998
259.873     5058.45
259.825     5067.522
259.873     5072.139
261.559     5073.516
261.799     5075.298
260.17     5093.037
261.42     5090.85
262.128     5091.903
261.978     5100.408
262.272     5102.271
260.606     5119.443
259.49     5126.409
259.876     5136.129
260.272     5138.316
261.343     5136.534
261.404     5144.31
261.225     5149.899
261.007     5152.41
262.267     5159.376
261.602     5162.454
260.642     5174.604
262.39     5173.875
260.99     5180.112
261.012     5192.586
263.535     5191.614
262.183     5202.549
261.371     5207.409
261.955     5217.615
260.604     5223.852
262.95     5221.584
263.612     5225.877
260.769     5238.513
261.645     5247.261
261.136     5250.825
260.984     5256.414
261.021     5265.729
262.754     5264.028
262.048     5274.234
262.272     5275.692
262.424     5278.851
262.19     5290.191
262.958     5290.758
264.028     5294.889
262.507     5303.637
264.356     5299.587
263.689     5312.79
262.892     5318.703
262.927     5330.286
262.613     5332.068
263.449     5338.548
262.682     5345.676
263.015     5346.405
261.428     5364.792
261.464     5366.169
261.072     5374.755
262.847     5373.864
261.573     5387.067
262.479     5389.011
262.721     5389.578
263.04     5400.999
263.33     5400.918
261.514     5413.959
261.958     5419.872
262.994     5416.875
264.021     5425.299
263.544     5429.025
262.463     5438.178
263.289     5443.929
262.052     5453.649
262.372     5459.886
261.641     5464.665
262.237     5474.304
261.916     5477.382
260.977     5484.996
261.893     5491.962
262.546     5489.775
262.409     5501.115
262.14     5505.408
261.44     5510.592
261.75     5520.96
261.121     5525.82
260.955     5534.163
260.961     5538.375
261.651     5545.503
262.645     5545.827
261.552     5552.064
263.065     5558.382
263.111     5560.245
262.806     5568.588
263.83     5570.451
263.151     5581.224
263.592     5584.788
261.322     5594.994
263.64     5598.963
263.269     5607.792
261.852     5619.537
261.142     5623.992
263.225     5621.967
262.659     5632.173
265.73     5626.584
265.835     5633.145
262.798     5646.105
264.7     5651.046
263.213     5658.984
264.072     5659.794
263.596     5671.215
263.083     5677.371
263.629     5683.365
263.691     5685.876
264.698     5693.328
262.87     5702.562
264.713     5698.917
264.586     5710.176
263.635     5714.145
265.34     5718.357
263.391     5729.454
262.438     5735.205
262.748     5745.654
263.976     5743.467
264.669     5748.651
264.085     5755.698
262.854     5769.063
261.714     5778.378
263.44     5773.68
263.468     5786.235
263.494     5786.964
264.987     5788.098
264.038     5799.519
264.917     5796.927
264.567     5810.697
263.167     5817.42
264.364     5818.149
264.289     5827.059
264.656     5830.866
264.861     5839.047
265.114     5838.642
263.431     5856.705
262.748     5861.16
261.766     5869.179
264.642     5868.45
264.167     5870.637
262.085     5889.834
262.578     5890.725
261.608     5897.448
262.335     5905.548
260.198     5916.483
261.949     5917.779
262.354     5920.29
260.62     5936.652
261.894     5936.409
261.223     5940.54
261.748     5950.422
261.591     5951.637
262.206     5958.279
260.71     5969.052
260.136     5972.616
260.661     5983.065
260.48     5985.576
260.321     5992.704
261.83     5993.595
261.709     6001.047
262.278     6005.502
261.736     6009.228
260.561     6025.752
260.882     6026.562
261.709     6036.039
260.411     6042.681
261.605     6042.438
263.085     6045.759
263.024     6051.267
263.571     6057.099
262.839     6062.121
263.591     6071.193
262.671     6076.782
263.801     6076.053
261.676     6095.088
262.264     6093.225
262.613     6102.702
262.798     6105.132
262.476     6108.858
261.755     6123.033
261.466     6126.759
262.591     6134.049
262.769     6133.806
264.156     6138.261
262.362     6150.249
261.836     6153.813
261.627     6166.449
262.268     6165.801
261.871     6174.225
261.831     6180.462
263.771     6181.029
262.078     6194.232
262.217     6194.475
263.633     6201.603
262.271     6207.516
261.772     6215.778
262.637     6220.8
261.858     6229.224
260.942     6239.754
261.269     6240.483
262.259     6248.988
260.977     6255.468
261.56     6258.06
262.064     6263.568
262.644     6263.973
262.43     6276.204
261.195     6284.061
262.715     6289.569
262.004     6294.915
261.671     6299.532
260.162     6316.299
260.326     6318.648
262.488     6322.131
262.077     6323.913
263.227     6328.935
261.693     6339.465
259.627     6349.266
260.542     6357.852
259.14     6365.466
258.851     6373.728
259.675     6376.32
259.439     6385.23
260.782     6385.554
259.441     6391.953
260.085     6401.754
260.446     6401.592
259.462     6410.745
259.812     6418.602
260.859     6415.362
260.111     6429.942
260.037     6433.182
260.043     6436.746
261.521     6441.849
262.128     6451.002
262.125     6453.675
260.177     6464.286
261.243     6471.333
263.114     6466.797
262.332     6477.813
262.932     6479.919
263.903     6486.075
261.245     6500.817
262.086     6499.278
263.67     6505.191
260.832     6518.151
262.426     6524.631
262.069     6526.818
262.647     6532.812
262.564     6539.616
263.389     6537.51
261.241     6557.922
261.454     6559.218
263.551     6563.754
263.808     6564.645
264.293     6568.209
262.258     6583.923
263.266     6586.11
263.652     6591.618
262.342     6598.584
262.473     6610.329
262.595     6611.544
262.617     6616.161
261.984     6627.906
260.823     6636.735
260.884     6644.43
261.41     6644.916
260.931     6649.938
260.778     6661.035
262.615     6657.39
261.057     6674.643
261.03     6675.129
262.183     6681.204
262.087     6685.659
262.208     6687.441
261.071     6703.236
261.544     6703.56
261.232     6717.006
261.523     6716.52
260.324     6729.804
260.593     6734.097
260.159     6737.013
260.538     6748.272
260.656     6748.515
260.463     6756.858
259.03     6768.846
260.187     6771.681
259.866     6779.457
261.047     6776.946
259.747     6794.037
259.918     6794.847
261.908     6793.308
261.088     6804.648
260.461     6807.888
259.426     6823.845
258.77     6828.543
260.023     6827.976
260.243     6837.129
258.229     6848.955
260.773     6847.497
259.653     6857.784
261.471     6861.753
262.984     6859.485
261.436     6872.931
259.18     6884.595
260.75     6889.293
260.313     6894.477
261.283     6893.181
261.376     6900.552
258.39     6916.185
259.447     6921.855
261.59     6919.263
259.117     6937.002
258.02     6945.993
258.488     6946.236
259.531     6954.417
259.703     6954.741
260.152     6961.059
258.816     6972.966
259.428     6977.583
259.982     6981.957
260.73     6981.228
261.628     6990.219
260.53     6995.484
259.27     7005.933
260.146     7011.036
259.864     7017.516
258.121     7031.529
260.241     7025.94
259.254     7041.897
259.424     7043.112
259.112     7047.972
260.455     7053.48
261.741     7052.346
259.962     7069.923
259.303     7072.758
260.294     7079.967
259.225     7087.743
257.505     7096.653
258.755     7103.538
259.103     7104.753
257.819     7121.439
258.24     7120.224
259.05     7126.623
258.584     7133.589
258.601     7142.256
258.875     7146.387
257.868     7152.219
258.334     7162.587
258.845     7162.587
257.847     7178.868
257.177     7181.865
258.032     7185.834
257.461     7195.716
258.042     7199.928
257.904     7207.299
257.858     7209.729
257.978     7221.555
258.311     7222.203
258.137     7227.63
258.758     7234.353
259.087     7238.322
258.581     7247.88
259.534     7246.665
257.764     7264.971
257.199     7269.912
256.635     7274.448
258.003     7281.495
259.638     7285.059
258.412     7293.807
257.875     7297.938
259.172     7305.39
258.469     7308.873
258.977     7315.596
257.469     7327.098
259.641     7327.26
258.878     7335.522
256.802     7345.161
259.422     7348.077
257.081     7358.769
256.215     7368.327
256.799     7374.564
256.528     7380.963
258.478     7381.692
258.31     7382.826
257.393     7398.783
256.948     7402.671
256.062     7410.69
256.035     7419.681
256.488     7423.002
256.651     7430.211
257.258     7430.616
255.948     7447.14
256.485     7447.545
254.952     7457.508
255.177     7466.985
254.863     7468.929
254.553     7480.917
255.752     7480.188
255.815     7490.556
256.691     7491.042
255.943     7496.307
254.562     7513.236
254.864     7512.588
257.191     7513.317
256.742     7520.04
253.48     7541.262
254.305     7543.368
255.599     7540.857
255.033     7554.951
255.587     7554.546
255.59     7561.107
257.423     7561.107
256.599     7571.556
255.624     7581.843
255.676     7583.301
256.147     7594.236
255.201     7598.934
254.718     7606.71
255.922     7611.003
254.798     7615.863
254.643     7628.985
255.477     7627.932
255.106     7641.216
255.914     7640.163
255.79     7645.023
253.574     7663.653
253.984     7662.762
254.337     7672.887
254.479     7675.479
253.986     7688.034
254.641     7688.52
254.378     7692.894
255.811     7699.131
255.216     7701.885
254.237     7715.655
257.162     7711.038
257.525     7717.194
254.484     7733.88
257.896     7730.478
255.081     7746.678
255.512     7746.435
254.989     7760.853
255.149     7762.068
256.237     7764.498
255.208     7775.595
255.259     7782.237
254.953     7790.904
254.989     7791.795
256.626     7798.275
254.037     7810.02
254.884     7812.126
253.907     7824.6
255.844     7822.656
253.544     7840.233
253.532     7840.962
254.328     7849.791
253.477     7856.028
255.639     7859.511
253.195     7871.013
254     7871.904
254.403     7881.219
253.044     7889.643
253.806     7894.989
256.058     7890.534
254.479     7906.977
253.741     7913.295
253.986     7914.915
254.657     7924.311
254.73     7926.579
254.321     7935.813
254.844     7939.053
253.823     7951.689
254.098     7955.658
254.706     7955.496
254.746     7962.462
254.166     7971.048
253.233     7982.469
255.524     7981.254
254.978     7984.17
254.001     8000.289
253.821     8002.719
252.858     8012.196
253.939     8016.57
252.938     8026.128
253.019     8034.795
253.299     8034.471
252.9     8048.403
251.828     8054.964
250.883     8062.74
253.259     8063.226
251.639     8073.837
251.089     8083.8
252.759     8080.56
252.665     8092.305
253.331     8092.71
251.841     8101.782
251.828     8112.879
251.541     8114.58
251.744     8124.3
250.843     8132.076
249.414     8139.771
250.372     8147.952
250.12     8151.435
252.174     8155.89
253.03     8155.161
253.624     8165.529
253.634     8166.177
255.055     8169.174
253.606     8181
254.385     8185.779
253.395     8195.661
253.176     8198.253
255.472     8202.465
254.634     8206.92
255.343     8211.051
253.994     8224.416
255.202     8226.117
254.566     8235.756
253.079     8243.451
253.907     8252.523
253.418     8256.168
253.39     8261.595
253.027     8272.773
252.967     8273.664
253.083     8284.842
251.302     8294.562
253.027     8299.584
251.609     8307.684
252.766     8306.955
254.084     8310.195
252.513     8320.158
253.619     8326.395
253.122     8332.308
254.281     8330.04
252.641     8348.265
254.268     8344.863
254.465     8351.424
252.303     8365.032
252.827     8372.241
252.486     8378.478
251.765     8383.338
252.23     8394.273
251.927     8396.136
251.313     8406.099
253.173     8406.18
252.842     8408.286
253.588     8418.816
252.635     8424.567
252.635     8424.567
253.157     8418.897
253.528     8410.392
253.644     8408.124
253.974     8396.784
253.615     8396.298
254.114     8392.086
252.87     8389.575
252.96     8386.902
252.311     8380.665
252.094     8378.316
253.386     8371.836
252.119     8366.166
253.522     8352.72
254.218     8346.564
252.758     8344.134
253.244     8338.545
252.386     8340.732
251.87     8336.358
253.42     8326.071
252.823     8321.697
253.105     8315.622
253.381     8314.002
251.478     8309.547
251.624     8308.332
251.831     8302.338
252.308     8294.4
250.904     8294.724
250.783     8288.487
250.319     8289.459
249.301     8282.331
249.929     8279.253
251.38     8270.1
250.942     8263.458
250.872     8263.62
251.641     8250.336
250.865     8252.037
251.127     8248.23
251.884     8235.918
250.834     8237.457
251.269     8228.466
250.943     8227.494
251.153     8217.531
250.784     8215.992
250.36     8215.83
252.587     8197.038
251.676     8199.063
250.804     8195.499
250.333     8193.636
251.682     8180.514
252.108     8175.087
252.276     8173.71
251.69     8169.336
250.211     8170.146
249.587     8165.691
248.842     8163.666
250.258     8157.51
249.829     8147.79
250.294     8145.846
251.019     8137.341
249.379     8137.422
250.093     8134.263
249.35     8125.758
249.6     8123.976
250.388     8116.767
249.944     8110.773
250.138     8105.913
249.903     8099.757
250.369     8096.76
250.403     8086.311
249.606     8087.526
249.107     8086.635
249.346     8076.348
249.934     8074.242
249.217     8067.114
250.219     8061.201
251.155     8055.612
250.109     8049.213
250.468     8046.135
250.406     8039.412
249.93     8037.873
249.746     8030.016
248.74     8030.097
246.811     8029.287
247.599     8022.159
249.539     8013.978
248.105     8008.308
249.126     8004.258
248.848     7998.588
248.585     7993.971
247.727     7996.644
248.411     7982.55
247.499     7985.466
248.644     7975.908
249.916     7964.487
248.129     7966.188
247.694     7961.247
248.419     7957.602
247.542     7949.583
247.953     7947.153
246.543     7948.692
246.643     7941.402
247.417     7936.947
246.604     7929.09
246.25     7928.604
247.577     7920.666
247.787     7910.946
247.274     7912.971
247.389     7902.441
246.652     7902.846
246.348     7901.388
244.966     7896.609
245.787     7893.693
246.575     7881.948
246.028     7880.733
246.441     7877.736
246.362     7866.963
245.37     7869.393
245.168     7863.237
245.799     7857.162
246.324     7854.165
245.873     7844.283
244.989     7846.713
245.018     7840.476
245.133     7834.239
244.713     7830.027
244.677     7824.276
245.818     7819.173
245.146     7810.506
244.839     7810.83
246.043     7801.596
244.913     7798.194
244.109     7800.948
244.344     7789.041
244.777     7786.125
244.998     7781.427
245.964     7769.196
244.634     7771.059
245.072     7759.881
245.353     7758.585
244.032     7753.644
244.456     7749.675
244.345     7748.055
244.805     7736.148
245.164     7732.989
244.374     7728.453
243.794     7727.4
243.357     7720.191
243.772     7715.007
243.951     7713.144
242.966     7705.854
243.544     7703.667
242.792     7698.726
242.269     7694.838
241.429     7691.922
243.347     7679.043
242.829     7680.744
241.158     7675.56
243.19     7666.974
243.83     7653.123
244.08     7651.341
243.006     7650.207
244.532     7637.409
244.203     7638.138
243.218     7630.281
243.214     7629.471
240.684     7627.851
242.306     7620.075
241.862     7618.536
240.71     7615.377
241.16     7611.57
243.667     7592.049
242.973     7592.535
243.003     7590.105
240.542     7589.133
241.05     7587.108
243.573     7568.235
242.323     7569.936
242.169     7568.883
242.322     7557.462
243.247     7552.845
243.18     7545.879
242.24     7545.231
243.449     7532.757
241.85     7534.377
243.407     7527.168
242.983     7522.065
243.443     7515.018
243.278     7509.024
242.67     7505.622
241.904     7507.971
240.427     7502.139
241.022     7498.899
240.219     7496.469
241.307     7485.615
241.216     7481.16
240.716     7476.3
241.485     7471.926
242.1     7465.284
241.208     7460.424
241.743     7454.349
241.325     7448.76
241.062     7448.112
241.107     7437.42
240.467     7437.906
241.253     7432.236
241.389     7421.706
241.26     7422.192
239.506     7418.871
240.341     7413.039
240.241     7411.257
237.7     7410.123
238.925     7405.587
241.663     7386.309
239.967     7388.82
239.305     7389.873
238.859     7380.72
240.086     7374.645
239.587     7369.623
237.886     7371.405
239.218     7358.85
237.961     7358.526
238.113     7356.987
237.988     7345.242
237.702     7345.647
237.295     7335.684
238.771     7328.799
237.04     7324.02
237.883     7320.375
236.221     7321.509
236.894     7311.303
237.559     7308.711
236.622     7300.854
237.58     7295.67
236.661     7295.265
236.904     7285.464
236.64     7286.193
235.476     7279.794
237.876     7268.535
237.17     7261.083
237.875     7256.223
237.646     7254.441
236.489     7251.12
237.004     7246.908
234.397     7246.908
235.519     7239.537
235.764     7236.702
234.034     7231.923
234.541     7229.898
234.05     7223.175
234.19     7218.072
235.636     7204.95
237.142     7194.906
237.311     7193.448
236.283     7185.348
234.933     7190.046
236.248     7178.544
236.52     7171.416
236.359     7171.497
235.887     7161.696
236.574     7157.97
236.764     7151.976
236.773     7144.848
236.52     7140.798
235.34     7138.449
235.034     7138.125
237.01     7126.299
237.263     7116.984
236.388     7116.255
235.155     7113.582
236.269     7107.912
236.888     7094.223
235.205     7098.921
237.001     7089.282
234.767     7087.743
233.525     7092.198
235.044     7076.484
236.127     7069.599
236.61     7065.711
233.901     7065.225
234.091     7064.415
234.253     7054.857
235.262     7047.162
235.771     7043.598
234.214     7038.252
235.414     7032.177
235.007     7026.75
232.842     7029.99
235.362     7012.818
233.624     7014.357
233.966     7012.089
233.866     7000.668
234.834     6996.132
233.347     6990.057
233.662     6987.546
234.097     6974.343
234.379     6972.48
234.164     6968.106
233.947     6961.059
232.456     6962.112
231.385     6958.953
232.38     6954.012
231.686     6945.345
231.148     6946.074
230.494     6944.616
233.345     6924.609
233.173     6925.176
231.528     6920.478
232.406     6914.727
231.658     6914.97
231.46     6905.412
232.708     6900.552
232.034     6893.586
231.379     6892.857
231.348     6891.399
232.161     6877.062
230.565     6881.193
229.65     6877.467
229.888     6872.283
229.59     6865.236
230.416     6857.622
230.655     6855.354
229.287     6848.631
229.46     6847.74
229.026     6842.151
228.693     6837.372
229.277     6834.78
229.837     6820.767
229.779     6819.714
229.413     6815.907
230.005     6806.268
229.903     6801.489
230.105     6794.199
232.057     6785.127
231.185     6777.108
230.442     6778.485
232.034     6768.117
231.602     6760.908
230.722     6764.148
230.152     6755.481
230.019     6754.104
229.44     6753.294
228.739     6745.761
230.011     6738.39
229.048     6734.583
228.464     6733.773
229.583     6719.517
228.015     6722.271
229.022     6716.682
227.799     6710.121
228.42     6707.448
228.333     6699.105
229.376     6690.681
229.132     6683.067
226.713     6687.36
228.443     6679.584
228.964     6671.079
226.897     6673.671
229.022     6658.524
228.932     6652.611
229.29     6650.505
229.104     6639.489
229.445     6637.707
228.261     6629.688
227.237     6632.118
228.666     6615.027
229.164     6612.03
227.431     6614.217
229.439     6598.26
229.175     6598.827
228.178     6591.456
228.192     6589.188
228.839     6583.356
227.911     6577.119
228.082     6573.474
228.55     6564.078
228.04     6563.349
227.394     6555.654
228.067     6550.227
227.082     6551.523
227.636     6541.965
228.245     6535.971
227.618     6530.382
227.181     6527.061
227.7     6524.307
226.645     6516.45
227.014     6514.344
225.861     6511.428
227.051     6500.736
226.665     6495.795
227.391     6486.804
226.863     6487.614
226.124     6485.184
225.491     6480
224.86     6477.003
225.037     6468.741
224.335     6470.847
223.685     6461.694
223.833     6459.588
223.859     6455.457
223.169     6448.734
223.59     6447.033
224.603     6431.724
225.032     6428.241
224.663     6426.783
223.876     6419.25
222.859     6420.465
223.244     6408.396
222.769     6410.016
221.614     6404.832
222.536     6398.271
222.619     6395.922
221.823     6387.579
223.104     6382.314
222.758     6375.024
223.568     6367.329
223.272     6367.41
223.14     6356.232
223.607     6352.992
223.361     6347.322
222.498     6345.054
223.117     6335.334
223.275     6329.016
225.523     6319.215
222.913     6317.109
222.548     6316.947
222.706     6311.115
221.353     6309.09
223.39     6301.071
223.545     6288.435
222.018     6292.566
222.249     6280.092
220.469     6284.628
219.808     6275.88
220.091     6273.045
220.279     6268.833
219.577     6261.867
220.128     6259.761
219.774     6250.041
220.026     6246.396
219.721     6245.1
218.492     6239.268
218.71     6236.514
218.228     6230.439
218.346     6226.389
218.014     6225.822
218.276     6213.105
218.927     6208.731
219.221     6200.388
218.801     6197.148
218.638     6189.615
218.12     6186.861
219.407     6180.543
218.238     6173.091
218.687     6170.742
219.403     6161.427
219.298     6155.109
218.429     6157.782
218.163     6146.766
218.542     6144.255
218.845     6137.856
219.125     6129.108
218.802     6125.058
219.685     6114.771
220.956     6108.453
221.337     6095.493
220.756     6095.736
219.859     6095.088
218.682     6090.309
219.833     6085.53
219.992     6073.866
219.358     6074.028
220.208     6059.772
219.801     6058.962
218.352     6061.554
219.434     6046.569
219.326     6046.812
219.414     6036.687
220.001     6031.179
219.571     6031.179
219.633     6019.353
219.24     6020.487
220.136     6008.094
220.763     6001.371
219.554     6004.773
218.149     5997.969
218.836     5993.919
218.541     5988.816
219.24     5980.068
220.182     5969.943
220.498     5962.248
220.387     5961.033
218.84     5955.12
219.381     5952.042
218.21     5951.394
217.281     5946.21
218.291     5937.948
218.246     5930.658
218.448     5927.904
218.284     5917.293
216.769     5920.857
218.356     5911.218
218.033     5902.713
217.717     5901.093
217.768     5890.32
216.848     5891.211
216.884     5883.273
215.377     5885.217
216.176     5872.905
216.235     5869.098
218.759     5857.515
216.618     5853.951
217.305     5851.035
216.527     5845.122
217.267     5837.427
217.393     5835.888
216.559     5827.14
215.789     5828.517
216.218     5820.498
216.836     5811.669
217.816     5801.544
218.304     5793.606
217.782     5793.849
217.105     5784.858
217.83     5781.132
217.422     5776.434
217.312     5768.82
216.044     5773.437
215.362     5763.96
215.779     5760.72
215.714     5756.913
214.565     5751.81
216.162     5742.171
216.841     5731.965
216.504     5730.75
214.876     5725.728
215.694     5720.463
214.93     5720.382
215.942     5705.964
215.386     5707.746
213.812     5703.21
214.918     5695.434
214.499     5694.948
214.615     5683.527
214.758     5680.692
215.404     5666.841
214.599     5669.433
213.903     5663.358
213.644     5659.551
214.153     5656.635
213.13     5648.373
212.539     5648.616
212.012     5643.999
213.349     5632.497
215.306     5618.322
212.512     5622.21
212.555     5621.562
213.045     5607.63
213.857     5602.851
213.523     5598.963
213.933     5589.243
213.561     5585.922
212.867     5581.386
212.767     5579.685
211.712     5571.747
211.73     5570.208
212.578     5563.08
212.443     5554.008
212.285     5551.335
211.674     5545.827
212.572     5536.836
211.132     5531.328
210.393     5533.839
208.164     5531.976
209.432     5523.633
208.884     5523.633
209     5511.888
209.678     5507.271
207.43     5508.081
210.4     5492.448
210.033     5484.834
209.525     5482.404
208.901     5482.89
208.056     5474.223
208.3     5472.684
210.286     5457.618
210.164     5451.705
209.495     5453.487
209.872     5439.879
209.517     5439.798
208.779     5436.882
208.874     5429.268
209.993     5419.305
210.467     5409.585
209.215     5413.716
209.938     5398.812
209.82     5398.002
209.065     5396.139
208.098     5390.631
208.265     5385.771
208.124     5378.481
210.092     5368.68
207.848     5366.007
207.365     5365.521
209.334     5355.153
209.947     5341.869
209.445     5343.408
209.555     5332.797
209.132     5331.015
209.511     5319.756
209.138     5317.407
208.26     5318.703
208.793     5308.983
208.4     5305.743
209.263     5293.836
208.821     5290.272
208.699     5289.462
206.213     5286.708
207.187     5281.443
207.357     5274.153
206.625     5270.832
207.994     5258.601
208.007     5252.526
208.073     5250.906
208.709     5236.407
207.668     5239.161
207.751     5233.167
206.643     5229.198
207.162     5226.768
205.227     5221.908
205.332     5219.478
206.217     5211.945
205.704     5204.979
205.845     5200.038
205.233     5194.368
204.653     5194.206
204.499     5183.433
204.81     5179.95
205.024     5176.062
205.254     5163.993
203.198     5161.482
205.243     5150.709
204.608     5150.871
203.446     5147.388
205.66     5134.752
201.287     5141.637
202.767     5131.269
203.012     5128.92
203.08     5116.851
203.519     5113.53
201.951     5112.477
203.2     5102.028
203.004     5095.305
202.773     5090.445
201.83     5092.389
202.86     5076.351
204.362     5069.628
202.313     5070.924
203.699     5058.531
204.212     5055.939
200.863     5055.939
202.113     5049.54
202.761     5042.331
203.204     5031.882
204.025     5024.025
204.012     5016.654
203.459     5016.654
203.268     5005.638
203.923     5001.345
204.511     4995.27
203.087     4990.491
204.166     4983.201
203.036     4979.313
200.712     4984.983
202.361     4968.54
203.079     4961.979
202.73     4961.007
201.518     4954.122
201.751     4952.988
203.031     4938.651
201.908     4938.327
202.507     4927.473
201.746     4925.691
202.429     4921.155
200.851     4914.999
202.282     4909.086
202.216     4901.715
201.408     4898.394
202.02     4894.992
201.424     4885.11
201.232     4883.814
201.471     4877.253
200.703     4872.717
201.121     4865.103
201.161     4858.137
200.624     4858.137
201.729     4841.937
201.763     4840.56
202.148     4837.401
200.516     4831.245
201.577     4825.656
202.481     4815.369
201.582     4812.129
200.889     4807.836
200.453     4803.3
200.752     4800.708
200.573     4788.72
202.983     4778.271
203.389     4771.548
200.354     4774.059
199.534     4772.196
200.047     4761.342
198.033     4764.177
198.665     4752.432
198.903     4751.379
197.567     4744.98
199.461     4735.017
199.341     4732.02
199.029     4723.191
197.953     4723.758
197.449     4717.845
198.906     4709.259
195.9     4709.988
197.524     4700.673
198.283     4694.922
197.412     4686.498
198.325     4682.772
197.234     4677.588
197.829     4670.703
197.361     4670.784
197.97     4656.366
198.21     4653.612
197.873     4647.699
199.089     4637.493
197.689     4634.658
198.324     4625.829
199.135     4622.022
198.226     4612.95
197.472     4614.408
196.113     4613.76
197.996     4599.099
196.184     4599.666
196.008     4593.348
197.35     4586.544
198.121     4571.154
197.345     4572.774
198.776     4562.649
197.367     4558.518
198.263     4551.066
197.533     4545.963
196.181     4548.393
195.93     4537.863
195.333     4537.863
196.304     4530.897
193.882     4529.196
194.698     4525.47
195.763     4511.214
195.428     4508.622
195.775     4497.039
194.797     4497.201
195.021     4493.637
195.457     4480.191
195.226     4480.272
196.446     4466.907
196.436     4461.804
196.57     4452.894
195.464     4451.841
196.795     4445.037
196.518     4433.535
196.044     4434.426
195.745     4428.675
194.225     4427.298
194.334     4426.083
194.198     4414.014
195.447     4407.858
195.751     4401.378
194.989     4395.87
194.313     4385.664
194.282     4384.287
193.371     4382.667
193.549     4372.866
193.603     4372.299
191.933     4366.629
192.935     4360.473
191.173     4355.37
190.808     4354.236
191.077     4350.267
191.529     4340.628
192.711     4332.69
192.038     4324.509
192.247     4320.135
192.142     4318.272
191.967     4307.175
193.574     4298.994
192.784     4294.134
194.285     4283.847
193.147     4278.744
193.616     4272.507
192.242     4275.504
191.311     4267.08
192.651     4261.329
191.489     4257.603
193.69     4243.023
190.923     4245.696
190.742     4240.269
192.315     4232.655
191.612     4223.259
191.721     4221.882
192.053     4214.187
192.689     4203.171
192.69     4202.847
192.251     4191.993
191.298     4193.775
190.443     4185.108
190.866     4181.625
191.444     4175.064
191.089     4166.235
191.3     4165.263
191.546     4152.789
191.831     4148.496
190.619     4150.035
191.313     4136.508
190.318     4137.237
189.609     4131.972
190.494     4124.763
190.42     4114.8
190.436     4110.345
190.833     4106.943
188.508     4104.189
190.234     4095.279
189.973     4088.718
187.793     4091.31
189.29     4084.992
189.526     4071.789
189.301     4070.898
190.135     4061.826
187.163     4065.633
189.13     4052.187
188.282     4046.76
188.342     4045.788
188.076     4034.61
188.37     4032.099
190.228     4019.949
188.976     4015.089
189.948     4006.989
189.882     3999.537
189.036     3996.702
188.547     3987.63
188.277     3988.44
188.21     3977.505
188.894     3971.673
188.222     3963.249
188.657     3958.389
189.179     3954.096
189.258     3942.027
187.879     3944.538
187.683     3937.572
188.433     3930.363
188.364     3921.129
187.959     3917.808
186.482     3921.453
187.058     3906.954
187.788     3903.633
186.54     3900.312
186.256     3895.047
185.782     3895.857
185.889     3882.978
186.577     3878.523
184.84     3879.171
185.054     3870.585
186.212     3860.055
185.885     3854.466
185.229     3854.79
183.689     3848.148
184.377     3843.531
184.68     3838.104
184.518     3829.356
184.902     3823.362
184.128     3818.421
185.989     3808.863
183.632     3806.271
183.474     3803.841
183.553     3800.358
183.928     3788.046
183.81     3787.884
183.493     3778.65
184.578     3770.631
185.072     3758.076
184.023     3758.238
184.253     3754.998
184.775     3740.985
183.849     3742.362
184.133     3733.776
184.718     3726.405
185.209     3715.713
185.496     3709.314
185.844     3706.317
185.276     3696.03
185.682     3693.357
184.47     3690.684
185.111     3681.369
185.722     3678.291
184.69     3669.462
183.736     3671.082
183.918     3658.122
183.51     3658.284
182.739     3655.53
183.97     3641.679
185.294     3636.171
184.185     3628.314
183.703     3627.504
184.3     3613.491
184.027     3612.357
186.43     3599.478
184.209     3599.964
182.705     3599.316
182.826     3587.976
181.339     3590.163
181.02     3583.44
182.234     3575.097
182.267     3565.134
183.309     3557.196
182.988     3555.9
181.88     3547.638
182.482     3543.183
183.096     3533.382
181.671     3533.625
181.018     3527.145
181.872     3518.802
182.058     3516.21
181.15     3506.814
180.81     3507.543
181.289     3498.147
182.189     3487.698
182.23     3480.57
181.413     3475.791
181.7     3474.09
181.002     3464.37
180.508     3464.289
181.146     3456.837
181.632     3445.983
180.687     3444.768
180.197     3436.911
180.278     3435.939
178.965     3428.892
181.566     3416.175
181.585     3413.016
181.388     3402.891
182.008     3397.383
181.947     3389.364
180.639     3390.66
181.106     3378.429
180.215     3377.457
180.379     3374.622
180.059     3364.011
178.933     3365.874
179.439     3356.316
180.282     3348.135
178.711     3345.057
179.835     3335.418
179.055     3336.309
178.271     3326.832
178.05     3327.156
178.464     3318.246
176.62     3317.922
178.098     3305.286
178.548     3297.024
176.294     3303.504
178.237     3283.74
179.233     3277.665
178.915     3273.696
178.823     3265.353
179.229     3258.387
178.007     3255.39
177.751     3253.932
176.966     3245.184
176.829     3242.835
177.709     3235.788
176.739     3228.741
177.78     3221.208
177.104     3215.781
177.227     3211.974
178.271     3197.232
179.251     3186.864
177.457     3185.649
178.326     3178.521
175.293     3179.736
176.701     3170.502
175.128     3173.823
175.839     3159.081
176.607     3155.355
176.693     3146.202
176.436     3141.099
176.824     3131.622
176.55     3126.843
176.579     3124.737
176.967     3110.967
175.505     3115.26
176.005     3106.431
173.848     3106.917
174.812     3096.711
174.858     3089.826
175.401     3085.533
175.443     3072.816
174.878     3073.788
174.89     3068.118
174.118     3061.719
174.971     3053.862
175.289     3044.628
173.192     3049.893
174.453     3033.45
173.566     3033.774
173.332     3031.425
173.448     3019.842
173.49     3016.359
172.98     3006.801
172.965     3006.396
172.863     2996.595
174.203     2987.118
175.118     2981.529
173.604     2975.373
172.749     2976.021
173.892     2959.335
173.92     2958.687
173.785     2950.182
173.56     2945.079
172.87     2946.456
174.344     2928.231
172.321     2934.063
173.8     2915.757
174.179     2913.489
174.944     2903.121
173.187     2902.149
173.458     2900.448
172.647     2890.728
172.968     2887.569
173.817     2879.307
172.834     2873.799
172.625     2869.425
173.206     2859.462
171.681     2862.702
172.1     2849.418
171.559     2848.446
172.222     2842.371
170.506     2838.402
171.537     2830.464
170.786     2825.199
169.521     2826.738
170.122     2813.616
168.907     2814.345
168.99     2811.672
169.767     2796.363
167.381     2795.634
169.758     2781.378
170.052     2778.543
169.969     2766.636
170.458     2762.424
169.598     2758.455
170.447     2749.464
169.798     2743.794
170.265     2735.451
169.975     2735.37
170.066     2722.41
171.386     2715.282
167.287     2717.955
168.859     2710.827
169.807     2700.702
168.408     2697.624
168.831     2689.929
168.921     2682.396
169.307     2678.913
167.669     2672.919
167.601     2671.056
169.924     2657.529
169.034     2650.968
169.1     2649.834
170.604     2633.067
168.156     2638.818
167.98     2628.774
168.335     2623.914
168.614     2620.35
168.099     2610.225
168.608     2607.714
167.641     2602.044
166.379     2601.315
168.248     2585.034
167.125     2584.386
166.318     2585.196
166.279     2572.56
167.972     2564.46
167.727     2558.223
167.864     2551.095
168.424     2541.294
166.348     2542.671
166.647     2539.755
167.931     2522.502
164.526     2533.356
165.505     2524.122
165.769     2514.483
164.491     2513.349
164.581     2505.573
165.918     2498.202
165.095     2489.616
165.238     2486.457
165.367     2482.002
163.647     2477.628
163.993     2471.958
164.067     2463.939
164.011     2461.104
162.842     2454.462
162.685     2451.141
164.389     2441.988
163.906     2432.187
161.906     2437.128
162.676     2422.224
162.915     2420.685
162.549     2412.018
162.253     2407.887
162.73     2404.566
161.374     2396.385
159.938     2393.145
160.782     2384.073
160.411     2384.073
159.746     2373.786
161.098     2366.82
159.713     2365.767
159.452     2359.125
158.823     2354.427
159.524     2343.897
159.876     2341.71
159.735     2329.398
160.899     2322.675
160.338     2319.921
159.895     2312.307
160.517     2304.855
159.495     2300.967
159.347     2299.104
160.166     2284.2
160.601     2279.745
159.794     2271.321
161.045     2263.95
160.342     2262.978
160.934     2249.208
161.728     2245.806
159.333     2243.538
160.283     2236.248
159.469     2228.958
160.376     2221.425
157.906     2227.824
159.492     2209.761
159.036     2208.951
158.603     2202.957
159.792     2193.237
160.888     2180.439
158.362     2184.732
158.861     2180.439
157.904     2171.448
158.268     2169.018
160.188     2154.195
159.544     2149.335
159.335     2149.011
159.015     2137.752
159.956     2132.568
159.551     2121.39
158.985     2122.119
158.955     2115.963
158.631     2108.349
159.669     2099.115
157.702     2098.629
158.834     2091.582
157.52     2084.535
156.988     2084.616
158.063     2075.787
156.175     2072.385
157.232     2064.852
156.411     2059.587
156.215     2056.914
157.729     2040.39
157.464     2037.393
158.353     2031.723
156.779     2025.891
155.989     2025.891
154.756     2018.277
155.119     2016.252
155.33     2006.289
155.153     2001.429
155.057     1987.659
155.166     1986.363
154.306     1981.341
153.937     1975.833
153.171     1977.696
153.354     1964.412
156.456     1950.561
154.838     1950.804
154.13     1945.215
155.261     1934.604
154.909     1927.557
154.948     1926.747
152.673     1922.535
153.616     1916.865
155.321     1897.992
155.841     1894.266
152.219     1902.933
153.203     1889.244
153.662     1883.25
152.856     1878.228
150.851     1882.278
151.508     1868.427
153.59     1857.897
152.66     1857.897
153.554     1843.074
151.576     1847.61
150.705     1842.75
154.55     1823.958
152.294     1822.257
152.57     1816.83
152.54     1814.643
151.092     1807.677
151.638     1805.004
152.588     1792.53
152.477     1786.617
151.699     1781.028
152.176     1773.576
151.719     1773.414
152.01     1759.482
151.764     1758.834
150.529     1757.214
150.582     1748.871
151.632     1738.908
150.147     1735.425
150.915     1731.861
151.442     1717.605
152.352     1712.178
150.672     1705.941
150.831     1702.701
153.051     1690.146
151.61     1685.61
152.739     1676.7
152.349     1669.977
151.381     1670.787
150.941     1660.662
151.512     1655.316
151.651     1651.914
149.991     1646.325
151.803     1636.686
150.23     1630.611
150.323     1629.558
150.568     1618.38
149.218     1618.461
151.159     1609.389
149.738     1602.18
150.583     1596.591
149.756     1587.357
148.104     1592.784
148.391     1578.042
147.681     1578.528
147.338     1573.101
148.427     1561.761
147.658     1557.549
147.629     1549.854
147.749     1548.72
146.409     1540.863
145.283     1543.131
146.065     1527.417
146.882     1522.8
145.317     1523.529
147.306     1506.276
147.42     1505.304
145.274     1501.416
148.291     1486.998
145.685     1485.864
145.819     1481.895
146.395     1476.954
148.078     1458.729
145.765     1464.561
145.942     1455.975
146.191     1450.062
145.187     1444.311
146.44     1434.996
146.47     1432.566
144.828     1425.843
144.706     1424.142
143.537     1421.793
143.875     1413.612
143.047     1409.319
142.784     1404.135
143.262     1400.328
142.824     1389.312
143.318     1385.262
143.994     1377.324
143.94     1368.9
142.143     1369.872
142.887     1359.504
144.024     1352.7
143.628     1341.927
142.427     1343.871
142.491     1339.578
143.427     1325.889
142.595     1324.755
143.737     1309.77
143.889     1308.555
141.904     1304.829
142.627     1298.511
142.538     1296.081
143.249     1281.987
142.119     1282.959
143.397     1266.435
141.527     1270.404
142.454     1258.983
141.526     1257.606
142.277     1245.375
141.371     1243.026
142.664     1236.789
141.469     1228.689
141.023     1228.446
138.539     1225.044
139.987     1218.483
142.404     1202.769
138.747     1208.601
142.335     1188.189
141.134     1185.759
138.108     1189.728
138.589     1178.955
137.866     1176.606
137.94     1168.587
138.365     1164.294
138.039     1153.764
138.371     1150.038
138.36     1145.826
138.249     1135.782
139.215     1128.249
138.506     1122.822
138.235     1120.068
138.373     1108.323
137.859     1106.865
136.615     1108.728
138.076     1091.556
137.862     1091.232
136.794     1085.4
137.572     1077.462
135.272     1076.733
135.592     1069.848
136.431     1065.231
135.415     1056.402
136.233     1051.299
135.404     1047.411
135.682     1039.473
136.081     1029.996
134.507     1028.862
134.627     1027.323
134.983     1013.391
133.824     1015.983
132.589     1014.849
132.432     1006.83
132.547     1000.755
134.853     983.177999999998
133.579     987.227999999998
131.316     982.772999999998
132.885     974.429999999998
132.376     964.304999999998
132.751     960.740999999998
134.317     950.453999999998
131.452     950.291999999998
131.494     946.322999999998
132.449     934.577999999998
132.654     930.122999999998
132.375     920.564999999998
132.401     917.081999999998
131.665     916.595999999998
132.537     901.610999999998
132.832     897.965999999998
131.956     893.591999999998
131.725     889.136999999998
131.374     881.198999999998
131.531     875.933999999998
132.29     870.668999999998
132.845     855.845999999998
131.374     859.328999999998
130.854     848.717999999998
131.115     846.773999999998
130.632     840.941999999998
133.158     824.093999999998
133.11     823.283999999998
130.939     818.504999999998
129.927     820.043999999998
131.569     808.622999999998
132.487     796.796999999998
132.202     791.936999999998
131.183     785.861999999998
128.854     782.621999999998
129.623     777.599999999998
129.926     771.686999999998
129.328     763.748999999998
129.928     760.994999999998
132.313     740.177999999998
128.083     752.975999999998
130.068     734.183999999998
131.043     727.622999999998
129.157     731.348999999998
129.268     719.846999999998
129.35     718.874999999998
129.174     708.992999999998
128.785     705.590999999998
127.031     702.269999999998
126.351     700.568999999998
128.692     689.228999999998
128.291     678.374999999998
127.986     677.078999999998
128.238     668.735999999998
129.018     659.987999999998
128.288     654.398999999998
127.313     651.563999999998
127.487     649.781999999998
126.925     639.089999999998
127.392     635.363999999998
126.662     625.238999999998
127.107     622.241999999998
127.271     615.518999999998
126.66     609.362999999998
126.79     607.985999999998
124.586     604.340999999998
125.906     596.726999999998
125.791     584.981999999998
125.454     584.252999999998
124.882     581.498999999998
124.456     573.236999999998
125.218     565.946999999998
123.883     562.868999999998
123.174     562.301999999998
124.041     547.802999999998
124.504     542.294999999998
124.238     540.512999999998
125.256     525.122999999998
124.126     526.337999999998
124.033     519.047999999998
124.8     511.595999999998
122.884     508.679999999998
123.911     499.769999999998
125.848     484.784999999998
123.701     486.809999999998
122.585     488.996999999998
123.75     472.391999999998
123.163     473.444999999998
123.269     466.073999999998
122.798     459.593999999998
123.486     450.926999999998
122.674     446.876999999998
122.633     444.770999999998
121.817     435.455999999998
121.976     432.539999999998
122.494     426.302999999998
120.951     422.009999999998
120.26     420.146999999998
119.917     410.750999999998
119.853     410.183999999998
120.05     398.357999999998
119.733     393.335999999998
118.343     387.422999999998
118.387     386.855999999998
119.247     373.166999999998
119.69     367.010999999998
116.494     369.116999999998
118.405     358.019999999998
118.776     353.807999999998
115.907     352.349999999998
116.736     346.841999999998
116.853     339.227999999998
116.174     335.663999999998
117.826     321.569999999998
117.1     317.357999999998
117.695     313.793999999998
116.479     305.693999999998
116.919     302.048999999998
117.085     289.088999999998
116.649     289.493999999998
116.549     283.499999999998
117.142     272.969999999998
117.457     270.863999999998
115.646     265.517999999998
116.562     259.685999999998
116.285     248.588999999998
116.293     246.239999999998
116.623     240.326999999998
115.593     234.170999999998
115.636     229.796999999998
115.499     222.587999999998
115.606     219.023999999998
116.213     205.901999999998
114.953     207.035999999998
114.946     204.281999999998
113.394     199.016999999998
113.835     193.994999999998
112.877     186.137999999998
112.824     185.732999999998
112.242     177.956999999998
113.457     168.479999999998
113.675     165.887999999998
111.757     161.027999999998
112.834     154.547999999998
112.585     143.126999999998
112.894     141.101999999998
111.829     137.051999999998
110.659     135.026999999998
111.867     123.038999999998
110.994     120.122999999998
109.674     122.957999999998
110.564     107.405999999998
110.247     107.162999999998
111.361     96.8759999999983
109.314     96.3089999999983
109.342     90.3149999999983
108.735     85.5359999999983
109.36     80.4329999999983
109.607     67.4729999999983
107.077     74.2769999999983
106.216     66.0959999999983
106.451     62.9369999999983
107.79     53.9459999999983
107.57     44.3879999999983
107.755     42.8489999999983
106.785     35.9639999999983
105.725     36.5309999999983
105.884     25.1099999999983
105.759     21.4649999999983
104.503     16.0379999999983
104.751     10.6109999999983
103.614     12.7979999999983
102.802     4.13099999999831
103.221     0.161999999998311
101.923     -6.88500000000169
102.049     -8.26200000000169
100.282     -9.96300000000169
100.997     -18.7110000000017
99.851     -22.2750000000017
99.83     -27.7830000000017
97.171     -19.7640000000017
95.89     -27.2970000000017
96.674     -31.1850000000017
93.82     -27.2970000000017
93.181     -32.4810000000017
89.679     -25.5960000000017
89.543     -33.1290000000017
89.479     -33.7770000000017
86.405     -34.4250000000017
85.884     -34.8300000000017
82.469     -33.6960000000017
81.996     -33.7770000000017
80.474     -32.6430000000017
77.947     -32.7240000000017
77.996     -33.5340000000017
74.932     -33.4530000000017
74.078     -33.7770000000017
71.385     -34.0200000000017
70.882     -35.6400000000017
70.059     -35.0730000000017
66.006     -31.2660000000017
66.328     -35.3160000000017
63.572     -36.1260000000017
62.287     -31.9140000000017
58.961     -28.9170000000017
59.658     -36.2070000000017
59.331     -36.6930000000017
55.079     -32.4000000000017
54.024     -31.1040000000017
51.662     -33.6960000000017
52.435     -37.5030000000017
50.182     -36.6930000000017
47.047     -31.5090000000017
45.576     -32.9670000000017
44.049     -32.8860000000017
43.323     -32.6430000000017
40.805     -34.9920000000017
39.825     -33.4530000000017
38.475     -33.5340000000017
35.688     -31.1040000000017
34.674     -32.9670000000017
32.994     -35.2350000000017
32.828     -35.2350000000017
29.126     -32.4810000000017
28.244     -31.8330000000017
27.352     -32.5620000000017
25.117     -33.8580000000017
23.983     -33.7770000000017
21.564     -34.1010000000017
20.424     -33.6150000000017
18.252     -32.8860000000017
17.554     -33.6150000000017
15.114     -34.2630000000017
14.195     -34.1010000000017
13.167     -33.3720000000017
9.649     -31.6710000000017
7.166     -31.4280000000017
6.533     -32.9670000000017
6.196     -34.0200000000017
