Distance_nm     Force_uN
0.739     -1.458
1.356     -0.324
3.592     -0.243
3.565     -0.081
5.589     1.701
6.246     1.134
6.913     1.053
8.994     0.081
9.629     -0.324
9.869     0.972
12.24     1.134
12.677     -0.567
15.329     -2.025
15.558     -0.405
15.686     0.567
18.244     0.972
18.174     1.134
20.346     0.81
21.438     0.243
21.507     0.972
24.011     1.863
24.017     1.782
26.158     0.486
27.642     -0.081
28.014     -1.134
30.448     0.243
30.253     1.053
31.365     2.349
33.955     -1.539
34.149     -2.106
36.081     0.891
35.756     2.754
37.133     1.944
39.889     -1.215
39.857     -1.377
42.323     -0.405
42.371     0.324
44.014     -2.349
45.998     -3.321
45.079     1.539
47.195     3.078
48.219     0.891
49.646     -1.701
51.15     -0.243
50.727     2.916
54.015     0
55.275     -2.349
55.16     -0.486
56.731     3.321
57.028     2.106
59.961     -0.81
60.605     -0.162
60.798     0.648
62.448     1.053
63.529     0.567
64.1     -0.405
66.539     0.891
66.404     1.215
68.486     0
69.819     -0.405
69.878     0
72.506     0.81
72.44     1.377
75.613     0.405
76.077     -1.053
77.481     -1.296
78.515     1.296
78.191     2.592
81.537     0.81
81.94     0.162
83.534     -1.62
85.204     -0.243
85.085     0.081
87.077     2.592
87.459     2.349
88.659     0.891
90.816     -0.324
91.278     -0.243
93.244     1.62
93.608     2.187
94.653     0.567
96.81     -0.243
97.374     -0.324
99.07     2.187
99.715     2.43
100.604     0.567
103.491     0
103.76     0.081
105.475     0.324
106.328     1.053
106.765     0.324
108.658     -0.324
109.625     0.081
110.572     3.483
111.15     5.508
110.971     6.723
113.458     8.424
112.815     11.097
114.866     9.315
116.23     9.72
115.879     11.664
116.232     21.384
116.869     19.602
117.457     22.113
117.919     27.378
116.795     31.59
117.506     39.528
117.937     38.718
117.797     43.092
118.788     46.413
120.018     43.011
120.2     52.488
120.349     53.46
120.389     55.971
120.775     61.56
121.825     59.535
122.176     67.716
122.087     70.308
121.296     75.087
120.971     86.346
120.328     88.533
120.98     87.723
122.722     91.53
122.801     92.745
122.842     99.306
123.194     101.817
122.134     106.758
123.865     111.132
122.816     116.073
122.56     123.282
123.575     124.011
123.812     123.606
123.593     135.675
124.036     134.298
123.176     143.37
121.819     154.062
122.915     150.093
123.829     158.517
124.104     157.707
126.527     159.408
125.646     163.215
125.97     166.293
127.21     168.237
125.988     173.988
127.433     179.01
126.179     185.085
125.791     189.864
126.803     193.104
126.31     196.425
127.495     194.805
127.753     203.148
128.374     200.799
130.242     203.391
130.088     206.226
128.887     212.787
129.234     218.862
127.935     226.314
128.224     227.043
129.147     233.361
128.735     236.277
128.326     245.187
129.931     242.757
129.727     251.262
129.425     256.365
128.344     261.468
128.601     266.976
129.654     267.705
130.034     273.375
131.351     273.375
131.161     274.752
131.068     280.827
131.844     283.338
131.887     283.743
131.338     297.189
130.522     300.672
130.776     304.56
132.134     306.342
131.896     307.557
132.114     318.006
132.038     319.14
131.59     324.648
133.686     325.053
133.135     327.564
131.977     342.225
132.672     341.091
133.311     341.496
134.1     347.571
134.267     346.842
133.748     358.749
132.411     366.12
133.709     364.014
134.302     371.628
134.891     369.279
134.156     381.105
134.309     383.535
134.048     385.965
134.375     395.28
134.143     396.009
134.878     401.679
135.824     402.165
135.299     405.243
135.388     411.48
136.187     413.019
135.72     421.443
135.536     427.032
135.675     427.761
136.402     430.677
136.655     435.213
136.286     442.584
137.002     445.905
137.325     450.198
137.102     457.002
136.598     460.242
137.586     461.214
138.852     462.915
138.073     466.884
139.156     473.688
137.934     479.601
139.231     478.305
139.95     484.218
139.498     489.24
140.402     493.128
139.282     498.798
139.538     500.58
137.717     516.942
139.632     512.001
140.133     520.02
139.522     522.288
141.893     522.693
141.343     528.12
141.401     529.335
141.712     538.65
140.511     544.644
141.233     552.663
141.476     551.934
143.356     552.825
141.99     562.302
141.33     565.623
141.02     578.016
141.392     576.801
139.796     589.599
140.567     592.272
141.057     591.462
141.947     593.568
142.512     597.78
142.684     597.294
143.076     607.014
142.156     611.469
140.871     621.027
143.113     620.46
143.086     620.46
142.23     634.878
142.207     636.012
142.046     640.224
144.012     641.439
143.764     642.492
144.82     649.053
143.949     654.075
143.713     657.558
144.333     664.929
144.252     665.496
143.998     675.945
145.198     674.406
144.823     677.727
145.199     686.88
145.084     688.743
144.449     698.301
144.175     702.837
143.552     706.482
144.29     714.744
143.597     718.308
143.108     727.218
143.092     731.916
143.483     737.262
144.082     740.016
144.21     740.664
143.576     749.169
144.849     750.303
144.21     758.565
145.126     760.833
145.546     760.266
146.208     769.014
146.196     769.905
146.878     778.977
146.834     780.111
147.79     780.678
146.733     792.828
146.846     792.747
147.712     800.604
147.127     804.33
147.528     805.95
148.03     813.24
148.122     812.997
149.627     817.452
148.134     825.309
148.611     826.2
148     838.593
148.559     838.431
149.835     841.104
149.021     847.179
149.354     847.422
149.277     858.438
149.141     859.086
150.313     863.46
148.397     874.719
148.92     873.585
150.332     879.498
149.824     881.523
152.407     879.498
149.997     893.754
150.767     897.48
151.414     900.639
150.775     903.879
151.978     905.013
150.237     918.216
150.145     918.783
150.946     927.126
150.346     930.123
153.44     923.4
152.557     933.444
150.557     942.192
151.326     950.697
151.46     951.426
150.786     957.825
150.079     969.003
150.545     970.461
151.119     975.645
153.006     970.704
152.036     977.346
154.395     978.318
152.28     988.686
152.142     996.786
152.964     996.543
153.061     1005.615
153.181     1008.207
150.971     1017.846
152.291     1020.276
154.149     1016.874
153.057     1022.058
153.357     1032.345
153.961     1030.482
153.126     1040.769
153.729     1044.009
153.582     1045.629
152.603     1055.025
154.005     1056.321
151.66     1070.334
153.721     1068.714
153.164     1071.954
152.278     1080.054
154.628     1079.001
153.812     1086.615
154.679     1090.341
155.206     1089.855
154.766     1102.572
155.245     1102.167
156.02     1110.186
154.819     1116.666
156.025     1114.803
155.565     1126.224
154.442     1130.355
156.428     1133.271
155.539     1139.508
157.189     1135.377
156.641     1147.77
157.206     1147.446
158.288     1150.605
157.636     1156.68
158.084     1164.132
158.182     1167.858
158.348     1168.263
158.102     1180.575
158.107     1180.575
159.016     1184.625
158.059     1193.859
158.852     1191.591
158.06     1206.09
158.324     1206.09
158.522     1210.869
157.855     1220.346
158.281     1219.131
156.912     1235.736
157.796     1233.711
159.717     1231.443
158.963     1242.054
159.524     1244.565
159.608     1251.288
159.233     1254.204
159.417     1257.363
159.315     1266.354
159.959     1267.083
160.069     1274.049
159.872     1277.046
161.431     1281.663
160.839     1286.28
160.302     1290.492
159.803     1302.723
161.067     1298.268
161.876     1304.667
161.343     1309.77
161.649     1310.337
160.037     1327.509
161.801     1322.73
163.115     1324.836
162.327     1331.964
161.869     1341.765
161.669     1347.273
162.121     1346.868
161.524     1360.476
161.972     1359.018
160.224     1372.869
161.842     1372.95
161.377     1375.137
163.68     1378.053
161.778     1386.315
162.176     1389.879
163.469     1392.066
162.388     1401.462
163.022     1406.079
162.864     1408.185
163.331     1417.743
163.345     1419.039
161.699     1428.921
162.625     1432.728
163.875     1429.893
164.694     1437.75
164     1442.286
164.252     1451.439
165.594     1449.09
164.467     1455.813
165.826     1461.321
166.045     1462.617
165.172     1473.309
165.141     1476.873
166.721     1472.823
167.183     1482.057
167.764     1481.166
168.031     1487.484
167.107     1495.746
167.534     1502.388
168.436     1503.522
166.993     1510.083
168.422     1511.217
168.966     1514.619
169.206     1520.694
168.756     1528.065
168.863     1528.794
168.211     1543.05
167.989     1544.832
168.77     1547.262
167.849     1558.035
167.254     1565.487
168.061     1569.294
169.021     1566.783
168.476     1573.182
168.169     1582.821
168.33     1582.335
168.09     1594.809
167.288     1599.426
167.9     1600.641
168.104     1609.389
167.483     1611.819
168.874     1617.165
168.715     1619.919
168.204     1624.698
167.59     1634.661
168.407     1634.58
167.876     1646.649
167.932     1649.484
168.864     1648.026
168.467     1660.5
169.453     1658.556
169.833     1664.793
168.942     1672.083
169.489     1678.32
169.926     1681.398
169.152     1685.529
169.807     1694.925
170.363     1693.305
168.729     1706.67
168.911     1711.53
169.676     1709.91
169.435     1722.465
169.98     1721.088
171.074     1723.275
170.396     1732.833
170.444     1733.157
171.142     1742.229
170.958     1743.768
170.844     1749.033
170.877     1757.376
171.434     1759.158
171.466     1768.392
170.207     1773.495
171.1     1781.595
170.558     1785.645
170.624     1788.561
173.383     1787.994
173.046     1799.739
174.193     1798.281
173.445     1803.384
173.431     1814.319
174.028     1814.157
172.961     1825.416
172.843     1829.628
173.983     1834.083
172.914     1842.021
173.75     1840.239
174.335     1845.261
173.605     1852.875
175.264     1854.657
173.4     1867.05
173.917     1866.078
175.237     1872.963
173.966     1879.2
173.71     1886.247
174.237     1890.945
173.684     1898.883
174.389     1902.447
174.123     1904.634
173.083     1920.591
174.097     1917.756
175.074     1918.971
173.958     1930.23
174.021     1931.526
175.211     1938.654
176.316     1936.386
177.197     1936.629
176.554     1948.779
176.182     1953.558
176.481     1960.038
176.133     1963.44
175.789     1967.571
175.814     1978.263
176.567     1978.182
176.503     1986.201
176.111     1990.656
176.125     1992.438
176.586     2002.239
176.768     2002.887
177.494     2011.554
178.806     2006.937
177.759     2019.411
178.146     2023.137
177.754     2032.29
177.483     2038.284
178.13     2037.069
178.369     2048.004
177.963     2050.11
178.835     2053.593
178.968     2059.749
179.392     2064.528
180.043     2068.497
178.734     2075.22
179.465     2084.13
179.512     2085.345
178.931     2099.277
180.155     2096.199
180.646     2098.872
180.344     2108.754
179.841     2110.86
181.426     2116.368
180.467     2122.281
179.751     2128.113
180.765     2134.188
180.907     2136.699
182.32     2141.883
182.533     2143.665
182.952     2152.575
182.917     2155.086
184.053     2162.052
182.443     2168.613
182.951     2175.579
181.213     2186.271
181.07     2188.215
182.476     2194.614
181.908     2198.178
181.99     2209.842
182.389     2208.951
182.764     2215.026
182.341     2222.316
182.494     2229.039
182.681     2234.628
183.328     2232.927
183.491     2245.158
182.485     2249.532
181.739     2257.875
182.237     2263.95
181.577     2271.726
183.053     2273.346
182.631     2276.262
182.487     2288.574
182.96     2288.25
184.008     2288.331
183.37     2300.238
182.41     2307.366
183.017     2312.631
183.846     2311.902
183.984     2322.27
184.58     2322.756
184.333     2326.563
184.477     2336.769
185.116     2336.769
184.454     2346.813
184.66     2349.81
183.785     2362.284
184.422     2363.985
183.702     2368.683
185.005     2375.325
184.757     2376.459
182.997     2391.444
183.682     2393.793
182.876     2398.248
183.43     2402.703
184.405     2405.214
183.517     2415.258
183.569     2421.009
182.957     2424.816
184.384     2431.458
184.717     2431.782
184.1     2439.234
184.339     2446.443
183.977     2452.599
184.324     2458.593
185.353     2456.973
185.199     2469.042
184.77     2472.444
185.305     2474.226
185.331     2483.703
184.257     2487.996
185.037     2496.177
185.034     2498.931
184.533     2503.629
187.129     2504.439
188.212     2511
185.853     2523.474
186.758     2522.016
186.917     2532.708
186.196     2537.568
187.392     2540.565
185.34     2552.715
188.564     2549.313
188.358     2554.902
186.515     2563.326
188.747     2566.647
188.73     2567.295
188.818     2574.423
189.977     2576.448
190.295     2575.962
190.815     2586.087
189.906     2590.866
189.988     2603.097
189.501     2605.689
190.542     2607.228
188.021     2624.967
189.008     2621.808
189.869     2630.232
189.98     2631.933
189.613     2637.441
189.321     2647.485
188.517     2654.775
188.924     2660.931
189.288     2661.822
190.56     2667.735
190.163     2671.866
188.917     2679.642
189.098     2689.686
188.061     2693.979
189.847     2697.543
188.082     2707.587
186.665     2715.039
188.692     2718.765
188.506     2721.519
188.989     2727.27
191.635     2721.762
188.859     2741.04
188.287     2747.763
189.829     2743.551
188.837     2759.589
188.933     2760.075
189.583     2765.178
190.358     2768.337
188.975     2774.412
189.586     2784.294
188.37     2790.126
188.638     2794.824
189.288     2800.089
187.877     2811.105
190.248     2810.376
189.908     2812.077
190.417     2821.797
190.437     2823.579
190.455     2835.162
190.701     2836.134
189.891     2843.424
192.213     2844.315
192.932     2845.125
192.507     2854.359
191.898     2859.543
192.08     2869.506
191.18     2876.229
191.722     2876.796
192.47     2885.22
193.662     2890.647
192.55     2898.342
192.358     2901.663
192.803     2911.788
192.548     2913.813
193.555     2916.405
191.441     2931.309
190.846     2934.306
192.262     2941.515
193.902     2936.655
194.905     2938.194
194.123     2949.534
196.12     2947.347
195.447     2957.148
191.93     2971.89
194.367     2974.482
193.398     2979.828
195.424     2976.426
194.759     2988.495
194.763     2988.9
195.592     2997.243
194.909     3002.265
194.824     3005.424
195.745     3012.876
194.97     3018.546
195.667     3023.811
195.145     3029.238
196.698     3033.612
194.853     3044.142
195.304     3044.466
194.42     3059.532
194.078     3062.529
195.619     3064.311
194.418     3074.355
195.791     3077.595
195.115     3085.209
194.843     3088.125
194.526     3101.409
194.746     3101.247
194.192     3110.319
194.632     3115.341
194.014     3124.413
195.491     3125.142
195.473     3126.762
197.743     3130.488
197.893     3131.055
196.076     3143.691
196.347     3151.224
195.958     3153.006
196.051     3164.427
195.412     3168.882
194.311     3177.063
196.438     3178.44
195.283     3186.135
195.184     3197.394
195.777     3195.936
195.554     3207.276
195.344     3211.569
195.288     3213.918
196.78     3219.831
195.794     3225.906
197.562     3230.928
197.34     3232.224
196.984     3242.349
197.874     3244.212
197.187     3248.181
198.927     3253.932
197.667     3260.412
197.576     3272.886
198.206     3272.157
198.251     3284.307
199.166     3282.687
199.138     3288.519
198.583     3297.996
199.786     3299.616
199.545     3307.473
198.987     3311.199
199.847     3319.947
198.64     3326.67
199.256     3328.695
199.731     3336.228
201.772     3333.069
200.634     3345.138
199.416     3352.023
199.558     3354.696
200.09     3363.444
200.333     3362.877
201.201     3369.924
200.819     3374.298
201.874     3373.326
202.048     3380.616
201.195     3388.23
203.203     3390.255
200.503     3404.511
201.151     3411.315
201.448     3414.474
201.505     3416.337
200.983     3425.814
200.717     3432.132
201.409     3437.478
200.917     3444.687
200.812     3446.631
201.485     3450.681
200.677     3460.644
200.622     3461.535
201.407     3470.931
200.897     3474.738
201.179     3485.835
201.474     3486.564
201.937     3489.804
199.611     3506.976
199.993     3506.247
203.375     3505.518
202.682     3509.73
203.282     3511.836
202.573     3524.634
203.404     3522.123
202.493     3537.027
201.173     3544.479
202.266     3551.526
202.814     3552.093
201.481     3560.436
202.968     3562.623
203.747     3563.028
203.475     3574.692
204.08     3575.988
201.41     3588.462
201.952     3597.777
202.281     3597.048
201.53     3609.36
201.054     3616.083
200.865     3625.641
201.788     3627.018
202.218     3627.423
204.044     3632.931
203.216     3637.467
203.159     3644.595
203.788     3649.212
203.126     3658.365
204.42     3659.823
205.518     3663.306
205.477     3670.191
203.774     3678.372
203.125     3685.824
204.778     3688.254
205.641     3690.36
204.406     3702.429
204.388     3704.535
204.524     3715.956
203.858     3720.411
205.813     3717.09
204.467     3731.994
204.191     3733.614
205.446     3740.418
205.491     3743.415
205.499     3746.088
206.053     3754.836
205.76     3756.456
203.777     3774.276
205.029     3774.114
203.965     3787.803
202.631     3796.794
205.62     3787.884
205.492     3795.903
202.139     3813.156
206.469     3805.947
206.734     3809.673
205.473     3816.396
205.789     3822.147
203.939     3835.431
205.145     3838.752
205.834     3842.316
205.675     3844.827
204.658     3854.547
206.847     3853.899
206.947     3859.569
205.843     3870.666
206.002     3872.205
206.025     3884.436
205.64     3887.19
206.595     3889.053
204.262     3906.873
204.25     3907.359
206.59     3910.599
206.685     3912.138
207.047     3914.892
207.664     3920.643
206.959     3925.908
206.427     3939.192
207.196     3938.868
206.155     3946.401
206.692     3955.392
206.629     3958.551
206.053     3968.595
205.988     3972.726
207.121     3978.639
206.798     3983.661
208.274     3980.745
205.83     4001.886
206.551     4001.238
208.264     4002.21
209.964     4001.319
206.876     4021.002
207.631     4023.594
207.089     4027.563
209.439     4031.37
209.546     4031.775
207.998     4044.654
208.983     4048.542
207.864     4053.321
209.473     4060.854
209.607     4061.259
209.808     4072.923
209.627     4075.839
210.048     4079.079
209.438     4090.095
210.814     4090.176
210.494     4101.111
209.619     4104.756
210.295     4114.395
211.179     4113.099
211.184     4117.149
210.799     4129.056
210.957     4131.81
211.05     4139.829
210.667     4144.689
210.329     4148.496
210.694     4158.621
211.64     4158.135
211.518     4170.204
211.912     4169.232
212.299     4177.899
211.71     4184.622
212.043     4185.027
212.029     4197.177
211.871     4198.311
211.677     4207.788
212.107     4212.324
211.091     4217.184
212.685     4223.583
212.558     4226.013
212.442     4232.817
212.147     4241.241
212.422     4241.079
211.748     4255.983
212.76     4254.444
212.101     4262.22
211.847     4271.616
213.622     4270.725
213.981     4276.8
212.882     4282.956
213.067     4294.62
212.589     4298.508
214.026     4297.455
213.654     4306.689
213.506     4313.493
213.313     4322.16
215.032     4318.92
216.572     4316.328
215.111     4333.014
214.825     4334.472
214.288     4347.189
213.781     4353.183
213.362     4356.909
212.679     4371.165
212.849     4372.785
213.233     4379.184
212.406     4387.365
213.335     4392.954
213.859     4395.708
213.64     4398.867
214.801     4407.291
215.152     4406.481
215.072     4414.662
215.49     4419.927
215.586     4420.494
215.053     4434.993
213.992     4441.068
214.76     4450.788
215.59     4448.925
215.312     4456.377
214.934     4466.583
215.603     4469.094
216.17     4476.303
214.122     4488.939
213.568     4498.578
215.287     4495.095
216.293     4503.195
216.171     4505.949
215.638     4511.862
215.312     4523.526
216.337     4520.043
216.383     4530.735
215.255     4538.997
217.413     4541.751
217.474     4545.072
216.552     4551.066
216.203     4564.35
216.505     4563.783
216.104     4575.528
217.497     4574.961
217.151     4585.41
217.032     4590.513
216.796     4593.834
217.656     4602.987
217.947     4602.582
216.603     4616.109
217.654     4618.539
218.095     4618.134
217.378     4633.119
217.917     4631.742
218.06     4638.384
217.305     4648.914
217.067     4650.615
218.298     4659.039
218.144     4661.712
218.829     4664.304
219.834     4669.488
219.741     4670.379
217.78     4691.601
216.451     4697.19
217.641     4704.966
217.508     4708.125
216.79     4714.767
217.156     4723.839
218.366     4722.948
219.204     4727.97
219.438     4730.319
219.068     4742.469
219.518     4744.089
219.8     4746.6
218.953     4757.778
219.65     4759.236
220.48     4766.283
220.816     4768.794
219.678     4775.922
219.793     4787.667
219.874     4787.91
219.96     4796.739
220.617     4800.303
219.535     4805.649
220.222     4815.774
220.408     4817.151
219.291     4834.161
218.631     4837.725
218.898     4843.719
220.694     4843.395
221.285     4843.152
220.876     4857.003
221.203     4857.975
223.828     4861.134
222.356     4868.829
223.757     4875.228
222.075     4883.895
222.648     4885.677
223.956     4888.836
223.109     4895.316
224.759     4900.095
223.172     4910.139
224.076     4909.248
223.716     4922.37
223.891     4924.476
224.216     4931.199
221.656     4945.779
223.241     4941.729
223.912     4951.287
222.83     4957.362
221.999     4973.238
221.426     4976.154
222.663     4979.556
223.618     4981.662
221.579     4991.706
223.151     4998.672
222     5003.937
222.31     5010.012
225.303     5006.529
225.161     5007.744
224.168     5024.268
224.361     5025.159
224.219     5031.639
225.59     5035.527
224.606     5039.901
224.235     5053.671
224.135     5056.668
223.578     5063.31
225.365     5066.307
224.565     5074.083
224.35     5082.831
224.558     5084.856
226.12     5090.607
226.252     5092.632
225.584     5098.869
226.283     5107.455
225.332     5111.586
226.863     5116.527
226.859     5119.929
225.365     5128.11
225.971     5138.478
225.441     5141.151
223.529     5158.08
223.91     5162.373
223.503     5165.532
224.32     5174.847
224.08     5177.844
223.607     5186.835
225.543     5186.106
223.643     5200.929
225.11     5201.496
226.533     5198.175
225.063     5209.92
225.21     5217.129
224.721     5225.472
225.165     5232.195
225.206     5233.167
226.471     5241.186
226.512     5243.049
226.133     5249.367
227.158     5254.875
225.602     5265.891
225.485     5273.829
226.394     5273.505
228.102     5278.932
226.306     5288.895
228.479     5292.459
227.783     5298.615
227.45     5302.746
227.998     5311.899
228.084     5312.061
230.371     5314.41
229.616     5321.376
230.131     5321.862
229.582     5335.551
229.6     5338.467
229.958     5345.028
228.472     5355.801
230.324     5358.069
229.087     5367.627
229.186     5369.652
230.387     5372.325
229.619     5381.235
231.196     5383.503
231.967     5386.581
229.966     5396.22
230.679     5406.507
231.051     5406.183
232.046     5409.504
231.356     5420.277
230.47     5424.327
230.854     5435.262
229.955     5441.337
228.912     5450.166
229.981     5455.35
229.245     5458.914
229.085     5471.712
228.931     5474.385
228.002     5482.728
229.334     5487.912
228.73     5494.311
228.708     5502.897
230.756     5498.442
230.418     5502.897
230.528     5514.075
230.357     5517.639
230.191     5526.225
231.989     5523.795
230.912     5538.78
231.214     5542.425
229.689     5549.877
230.134     5560.326
230.233     5562.189
231.455     5569.803
231.389     5570.856
230.693     5582.52
229.751     5592.402
230.467     5590.944
230.803     5602.77
231.118     5603.985
230.981     5610.951
231.469     5616.702
231.089     5619.051
232.402     5627.07
232.923     5627.313
233.761     5636.952
233.824     5638.491
232.623     5648.697
233.233     5655.987
233.297     5656.23
232.418     5671.782
232.156     5675.346
231.854     5680.449
233.04     5686.362
233.679     5696.163
233.303     5700.456
234.156     5701.347
234.947     5709.69
234.32     5712.768
235.608     5718.924
235.203     5724.675
236.118     5723.622
235.499     5737.716
234.621     5743.791
235.778     5747.355
235.264     5754.24
236.101     5760.639
234.981     5770.683
234.92     5772.627
235.406     5783.481
234.325     5788.422
235.655     5791.581
234.766     5801.787
234.554     5803.974
234.981     5815.071
234.509     5818.878
235.482     5827.869
235.426     5829.813
235.452     5835.078
236.473     5839.209
235.941     5843.745
237.001     5851.845
235.432     5860.269
236.172     5861.808
237.644     5866.911
239.216     5865.048
240.184     5869.422
237.452     5883.759
238.297     5891.292
236.954     5900.04
238.429     5897.691
237.875     5911.704
237.825     5912.919
236.523     5927.661
237.029     5931.063
236.163     5936.004
235.57     5951.232
235.907     5952.528
235.319     5967.513
234.481     5971.644
233.554     5981.85
235.018     5985.009
235.627     5988.654
236.277     5993.352
236.743     5994.405
236.458     6007.608
236.931     6007.932
235.597     6017.976
238.197     6018.948
236.259     6030.369
238.134     6031.503
238.059     6035.067
238.396     6045.516
238.674     6047.379
237.525     6055.155
238.434     6063.174
237.998     6068.034
238.409     6074.676
238.172     6080.103
236.581     6088.365
239.499     6089.823
237.594     6099.624
239.945     6103.188
241.056     6108.777
240.601     6115.743
240.458     6118.74
241.107     6129.27
240.333     6132.915
240.567     6140.205
241.665     6143.445
240.929     6147.414
241.421     6158.511
240.819     6163.047
240.134     6178.356
240.251     6179.409
241.091     6182.406
239.872     6194.394
239.502     6198.444
241.031     6205.491
241.8     6205.41
242.442     6207.192
241.528     6221.205
240.269     6230.682
241.366     6234.894
240.876     6239.997
241.574     6240.645
241.663     6251.904
241.718     6255.387
241.655     6267.213
241.012     6270.291
241.917     6277.5
242.845     6278.715
241.952     6284.223
241.985     6296.454
241.318     6301.314
242.043     6311.034
242.296     6311.115
241.561     6323.022
240.613     6333.147
241.368     6331.77
243.047     6338.655
240.993     6348.537
241.509     6352.83
241.947     6359.067
242.457     6364.251
242.54     6371.055
243.915     6367.977
243.472     6382.719
244.183     6381.504
244.03     6387.984
243.56     6398.838
245.439     6397.218
244.516     6408.72
244.842     6410.583
243.266     6428.727
243.544     6430.023
242.956     6436.422
244.967     6440.31
244.113     6444.441
243.527     6457.968
241.292     6470.361
241.986     6478.866
242.515     6480.891
241.152     6488.424
244.976     6486.318
242.634     6498.225
243.035     6504.543
244.266     6505.029
242.688     6520.338
243.232     6524.388
242.625     6528.357
243.813     6536.7
245.115     6540.75
245.226     6546.339
244.894     6550.065
245.639     6560.352
244.677     6565.374
246.143     6566.589
246.062     6575.661
244.629     6587.244
244.328     6595.83
245.437     6594.453
246.686     6601.986
246.613     6604.335
246.979     6608.142
246.384     6620.778
245.789     6623.856
247.038     6630.984
247.644     6632.199
248.941     6630.822
247.772     6646.536
247.535     6650.991
246.938     6664.761
247.9     6664.599
249.332     6667.353
246.831     6681.771
247.418     6690.276
247.272     6695.217
246.912     6699.51
247.81     6708.177
248.995     6706.233
249.586     6711.174
249.422     6718.059
249.247     6720.327
249.409     6732.639
249.499     6734.421
249.372     6741.549
248.504     6752.565
248.786     6758.883
248.577     6767.955
248.673     6768.603
248.922     6780.429
248.942     6781.806
249.355     6786.423
247.66     6801.813
248.036     6806.187
248.156     6813.639
249.297     6812.343
249.044     6825.87
248.82     6828.867
247.649     6837.615
246.901     6851.385
247.046     6851.628
248.938     6856.083
248.814     6860.619
247.791     6875.442
247.274     6880.869
249.165     6877.305
246.99     6897.717
247.824     6897.474
247.614     6906.303
247.802     6910.839
249.351     6914.646
247.589     6926.796
245.731     6943.482
247.339     6942.834
247.352     6944.94
248.594     6953.769
248.307     6955.713
247.407     6966.972
249.432     6968.025
249.767     6979.608
250.494     6978.393
249.919     6987.303
249.909     6996.213
249.751     6997.752
250.281     7008.606
250.089     7011.846
250.262     7023.915
250.832     7023.753
249.978     7031.853
251.305     7037.199
250.92     7039.629
252.105     7047
251.755     7051.536
250.029     7070.085
250.204     7072.353
250.405     7075.026
249.915     7088.472
249.682     7090.335
250.619     7097.787
250.819     7101.756
249.865     7107.831
249.354     7122.006
250.393     7120.791
248.882     7138.773
248.114     7142.58
249.804     7145.577
250.757     7148.493
250.188     7151.976
250.712     7163.235
250.974     7164.531
250.067     7180.893
251.249     7177.491
251.866     7182.675
251.91     7190.775
251.039     7195.23
249.809     7212.483
251.307     7209.405
251.335     7221.96
251.856     7221.96
253.199     7222.77
253.624     7231.113
253.667     7236.216
252.842     7247.232
254.123     7245.369
253.406     7260.354
252.9     7265.376
252.482     7278.012
253.682     7277.364
253.548     7281.009
253.533     7293.402
253.699     7293.726
253.18     7305.795
253.114     7310.817
254.359     7308.792
253.792     7323.534
253.514     7327.179
254.034     7332.849
255.581     7333.335
254.378     7346.295
254.516     7351.965
254.135     7355.61
255.453     7363.71
256.05     7363.953
255.514     7371.81
256.367     7376.994
255.199     7387.848
256.359     7392.789
257.184     7395.381
256.108     7409.313
255.708     7415.874
256.162     7422.111
254.225     7432.803
254.524     7443.576
254.953     7444.71
253.662     7453.62
254.221     7463.178
254.187     7463.988
253.655     7477.191
254.952     7476.543
255.797     7475.895
254.723     7492.176
254.487     7496.064
254.974     7502.382
254.531     7509.024
254.708     7518.015
255.074     7522.308
255.601     7522.146
256.595     7531.38
255.026     7539.804
256.011     7543.206
257.59     7544.097
256.705     7555.761
257.767     7558.11
257.126     7563.213
257.332     7575.525
258.787     7572.447
259.099     7577.145
260.292     7581.519
259.07     7592.13
259.185     7599.096
258.76     7603.389
256.86     7623.477
258.001     7622.181
258.477     7624.53
258.702     7633.845
259.76     7634.655
259.264     7644.618
258.682     7650.45
261.703     7651.017
258.803     7665.759
258.287     7670.781
259.768     7676.937
259.748     7680.501
260.451     7686.009
259.57     7694.028
259.401     7704.801
260.703     7704.153
260.181     7708.77
260.172     7721.487
259.739     7723.836
260.656     7729.911
260.346     7737.363
259.631     7741.656
260.112     7752.672
260.871     7752.024
261.125     7764.255
261.291     7765.065
260.99     7773.408
262.065     7777.944
261.513     7781.022
260.142     7799.166
260.749     7799.49
261.153     7803.216
261.148     7812.288
260.589     7820.631
261.771     7825.896
262.051     7830.108
261.207     7843.716
260.806     7845.822
261.634     7854.894
260.047     7864.371
263.02     7864.695
262.238     7870.77
261.602     7877.088
261.863     7887.699
261.382     7890.372
263.388     7893.45
259.91     7911.189
260.896     7909.893
260.292     7924.797
260.753     7925.85
261.574     7935.408
261.422     7936.623
263.058     7939.944
262.542     7948.449
261.634     7953.147
261.964     7964.811
261.766     7968.294
261.518     7982.145
261.727     7982.469
260.309     7995.024
260.85     8001.261
260.168     8004.825
260.909     8015.031
262.827     8010.738
262.853     8016.003
261.995     8028.315
262.263     8032.932
262.815     8038.845
262.731     8041.761
262.986     8053.344
262.567     8057.313
261.773     8064.927
261.846     8075.457
261.301     8082.099
262.295     8086.473
261.999     8091.333
261.385     8096.679
262.343     8104.698
260.746     8114.175
262.075     8117.253
263.317     8117.577
262.111     8132.319
263.076     8134.02
262.113     8139.69
263.172     8148.114
262.499     8153.622
263.326     8163.666
263.449     8164.152
262.169     8177.598
262.539     8183.025
262.138     8185.617
261.469     8201.25
260.791     8206.272
260.934     8212.104
261.648     8217.45
259.334     8232.921
262.363     8230.491
262.46     8230.977
261.748     8246.124
261.69     8249.121
261.636     8254.062
261.851     8263.134
264.783     8265.807
263.754     8272.206
265.762     8269.128
264.907     8282.979
264.793     8284.194
266.08     8290.836
265.26     8297.883
264.506     8303.715
264.334     8316.675
262.9     8325.18
264.121     8328.501
263.548     8335.386
263.806     8344.944
262.828     8352.963
262.215     8358.147
263.755     8364.87
263.538     8366.652
265.314     8369.163
264.906     8377.101
264.906     8377.101
263.34     8378.073
264.013     8368.839
264.489     8366.328
265.139     8352.801
264.261     8354.745
263.472     8354.097
264.551     8341.947
264.966     8340.651
265.103     8329.797
265.24     8327.691
265.394     8324.451
265.848     8313.678
265.465     8315.055
263.095     8314.083
264.081     8308.17
264.941     8303.715
265.305     8291.727
265.144     8291.241
263.899     8289.297
265.443     8279.253
265.787     8270.991
265.317     8268.075
264.708     8269.452
264.596     8264.187
265.105     8256.735
265.279     8250.174
265.589     8243.37
264.845     8245.314
265.835     8230.491
265.361     8231.787
265.988     8224.335
266.427     8216.478
266.04     8216.883
264.136     8213.319
264.321     8211.618
266.626     8199.387
264.658     8199.549
266.857     8190.234
266.006     8182.863
264.24     8185.293
264.664     8176.707
265.784     8170.308
265.269     8170.065
263.661     8166.177
263.377     8165.367
263.218     8158.644
262.876     8157.105
262.427     8150.139
263.139     8144.064
262.509     8144.955
261.173     8142.93
262.354     8135.073
263.249     8123.814
263.557     8118.468
264.092     8115.957
263.695     8111.178
262.184     8111.421
262.516     8103.645
262.344     8099.109
262.837     8096.274
262.839     8085.096
263.531     8082.018
262.393     8080.722
262.007     8075.295
261.872     8075.781
262.436     8062.659
262.621     8061.12
261.665     8060.31
261.945     8051.4
261.437     8053.425
260.839     8045.163
261.813     8040.141
261.601     8037.549
260.764     8031.474
262.636     8022.078
261.565     8018.757
262.188     8014.302
262.367     8004.258
261.684     8004.42
261.876     8001.666
262.11     7990.407
262.347     7989.354
261.958     7982.226
261.358     7981.011
262.558     7975.017
262.371     7964.973
263.178     7960.68
262.964     7954.929
261.911     7954.119
261.134     7956.549
262.936     7938.405
262.461     7939.782
262.226     7934.355
262.869     7926.417
262.445     7921.962
262.668     7915.32
263.095     7913.214
263.825     7905.438
263.093     7901.226
262.499     7898.958
262.281     7893.207
262.8     7890.21
260.978     7885.998
260.213     7887.213
260.228     7883.973
261.005     7871.904
261.335     7870.689
261.244     7861.05
261.203     7859.268
260.219     7860.159
258.75     7856.271
260.22     7841.043
259.662     7840.314
260.62     7834.806
261.11     7825.572
259.521     7828.164
258.337     7824.276
259.244     7816.986
258.241     7819.335
257.979     7809.372
258.406     7807.833
258.22     7801.191
260.009     7789.203
259.653     7789.77
258.403     7783.452
257.783     7784.991
257.547     7779.807
257.49     7773.975
259.7     7760.043
259.61     7754.292
259.384     7754.292
257.826     7748.865
258.691     7744.815
259.944     7735.5
259.727     7728.372
260.354     7725.861
259.584     7718.166
258.932     7718.976
259.045     7715.007
259.125     7705.854
257.693     7708.041
258.301     7698.321
258.676     7694.919
258.82     7692.003
258.486     7683.093
258.225     7681.716
257.78     7675.884
257.141     7675.641
258.194     7662.681
258.155     7659.441
256.909     7663.086
259.303     7643.079
259.606     7642.026
258.849     7636.275
258.428     7633.683
258.391     7632.873
259.247     7618.293
259.582     7616.673
258.468     7613.838
256.763     7614.81
256.612     7615.134
256.577     7603.713
256.098     7604.442
256.309     7598.286
256.857     7589.7
255.638     7588.809
255.986     7581.114
255.161     7583.139
255.286     7578.117
257.19     7563.132
256.272     7562.646
254.79     7561.188
256.676     7552.521
257.003     7540.614
256.519     7540.695
256.333     7538.346
255.33     7532.595
255.556     7531.785
254.926     7524.09
254.562     7523.118
256.622     7512.831
254.912     7508.943
254.358     7509.186
256.515     7490.07
254.854     7495.011
253.015     7494.768
254.494     7485.534
253.34     7488.45
253.305     7477.353
254.106     7473.141
252.683     7471.764
254.709     7459.047
255.498     7455.645
254.54     7447.626
254.065     7448.76
252.868     7447.383
254.75     7433.856
255.14     7426.647
254.451     7423.164
254.145     7423.002
253.705     7413.12
253.993     7411.095
254.317     7405.344
253.581     7400.241
253.538     7400.241
253.524     7389.306
252.716     7390.764
253.126     7385.742
253.844     7374.24
253.858     7370.919
252.944     7366.869
252.423     7366.383
253.074     7361.361
252.303     7354.557
254.822     7342.893
253.735     7339.248
253.42     7337.547
254.03     7326.288
253.802     7323.696
253.28     7324.263
252.295     7316.649
251.766     7318.431
251.63     7310.736
252.013     7305.228
252.852     7300.368
251.618     7293.807
252.348     7290.81
253.102     7280.766
252.061     7279.146
251.737     7279.794
252.173     7266.267
251.753     7266.51
251.487     7255.98
251.434     7255.494
252.671     7245.855
251.74     7241.643
252.065     7240.023
251.803     7229.736
250.401     7233.867
251.61     7225.362
250.2     7222.041
249.984     7222.608
249.554     7213.536
250.977     7206.489
251.207     7202.682
250.312     7196.04
250.931     7190.937
251.178     7182.351
251.127     7180.083
250.566     7172.307
250.132     7171.092
250.506     7160.238
250.645     7156.269
250.117     7156.836
250.795     7143.39
250.808     7141.608
249.299     7140.312
251.545     7127.514
249.541     7126.947
250.016     7120.467
250.903     7115.931
249.485     7110.18
249.925     7107.102
249.543     7102.404
250.355     7093.17
250.815     7090.983
249.733     7083.288
249.34     7083.774
247.273     7086.366
249.652     7069.842
249.291     7066.764
249.52     7058.988
248.631     7060.77
249.374     7047
250.45     7041.492
248.802     7043.679
249.049     7035.336
249.24     7032.825
247.968     7026.912
249.18     7020.027
248.552     7019.298
248.423     7010.226
249.061     7007.877
248.646     6999.21
249.082     6994.755
248.625     6994.512
247.602     6987.546
248.225     6983.334
248.233     6976.125
247.828     6973.533
247.59     6966.081
247.152     6963.489
248.158     6958.386
247.94     6947.694
248.011     6946.965
247.603     6941.376
247.73     6934.815
248.011     6932.952
246.206     6928.254
246.255     6927.606
246.813     6919.344
246.087     6914.889
247.654     6903.549
247.473     6897.798
246.692     6899.337
247.291     6892.695
246.815     6886.296
245.8     6885.648
244.551     6882.975
245.746     6876.9
244.377     6871.311
244.292     6870.015
245.986     6860.457
245.688     6853.734
245.723     6851.304
245.266     6842.718
244.2     6844.176
245.542     6836.643
244.831     6829.029
245.819     6825.222
246.463     6813.153
246.472     6809.832
244.081     6809.346
243.994     6805.62
242.729     6801.894
243.955     6792.903
243.325     6793.794
243.62     6780.915
243.648     6780.51
242.685     6776.703
243.161     6769.656
243.276     6768.117
242.728     6758.559
242.783     6757.749
242.606     6752.484
242.647     6745.356
243.01     6743.493
242.505     6733.692
245.477     6721.299
244.327     6721.056
241.221     6724.458
240.54     6722.757
241.381     6712.146
242.592     6706.071
242.352     6695.946
242.878     6692.139
241.662     6693.192
242.271     6683.067
243.164     6677.721
240.677     6676.506
241.522     6671.079
241.147     6669.864
242.094     6655.608
241.754     6656.742
240.923     6650.424
241.149     6645.969
242.517     6639.165
241.921     6629.85
241.338     6631.875
239.739     6629.283
241.857     6616.566
241.539     6616.809
241.375     6605.955
242.197     6601.5
242.61     6593.4
242.342     6588.621
242.814     6580.359
242.103     6577.119
242.607     6573.879
241.849     6564.645
241.499     6565.131
244.125     6549.66
242.923     6547.635
243.378     6544.8
242.739     6535.323
242.276     6536.133
244.01     6525.117
242.589     6521.634
243.329     6518.556
244.039     6504.948
241.012     6514.425
242.204     6506.568
241.433     6499.602
241.639     6498.63
241.614     6488.019
240.877     6488.262
241.165     6477.246
241.341     6473.52
240.01     6476.031
239.053     6472.224
238.609     6470.118
239.727     6456.672
239.068     6455.052
238.279     6449.706
237.88     6446.385
237.292     6447.519
239.504     6427.431
239.635     6425.811
237.532     6427.269
236.816     6423.867
237.547     6414.633
239.175     6402.402
239.764     6399.243
239.447     6394.869
239.666     6386.85
239.176     6383.124
239.926     6372.513
239.148     6375.186
238.649     6365.466
238.279     6365.142
237.857     6362.874
236.604     6358.5
237.7     6350.562
237.665     6343.272
237.22     6342.381
236.985     6332.661
237.328     6329.016
236.197     6330.474
236.663     6318.324
236.512     6318.81
237.156     6306.417
238.321     6298.803
237.724     6298.965
237.538     6288.84
237.427     6287.058
237.927     6277.824
238.375     6271.668
236.355     6270.777
237.246     6263.082
236.697     6263.973
236.539     6252.39
237.717     6246.72
237.569     6240.807
236.842     6237.243
235.543     6235.218
236.528     6225.903
238.414     6217.56
237.054     6217.236
236.653     6211.161
234.424     6214.077
235.253     6204.114
236.556     6197.958
236.516     6186.375
236.842     6183.864
235.708     6183.378
235.686     6174.711
236.998     6165.963
235.209     6164.91
235.525     6161.508
235.641     6149.844
235.363     6148.71
237.526     6137.856
234.763     6137.856
234.704     6138.018
235.024     6126.921
234.315     6126.435
237.045     6113.556
234.688     6111.288
234.436     6110.235
233.414     6106.671
233.009     6103.674
234.841     6095.655
233.133     6090.39
234.671     6076.458
234.601     6071.841
233.663     6074.028
233.251     6063.417
233.927     6060.339
234.475     6051.429
234.116     6046.083
234.275     6039.198
234.747     6031.179
235.219     6027.777
234.444     6019.029
235.013     6015.627
234.56     6012.306
234.1     6005.664
233.976     6005.826
232.835     5998.536
232.362     5998.779
230.725     6000.966
231.633     5988.006
232.258     5981.931
232.889     5971.806
232.103     5972.373
232.742     5959.656
233.388     5954.553
233.003     5953.095
232     5946.129
231.353     5948.316
233.913     5928.957
232.19     5931.306
232.246     5929.362
233.378     5913.729
233.267     5912.433
232.298     5908.707
232.774     5901.984
233.51     5897.772
233.946     5884.407
234.034     5882.625
231.845     5879.142
232.38     5876.55
232.712     5868.369
231.511     5866.101
231.528     5865.372
231.731     5853.141
233.893     5843.34
233.257     5840.505
232.397     5835.726
231.718     5832.972
232.401     5823.333
234.055     5815.638
232.914     5808.024
232.884     5806.647
232.791     5802.921
232.703     5795.793
232.253     5795.064
232.649     5782.833
232.927     5779.35
232.282     5779.674
231.788     5770.359
231.556     5770.845
230.59     5765.175
231.54     5757.48
231.456     5756.103
230.444     5748.246
231.229     5743.629
232.371     5732.37
230.871     5732.694
229.746     5729.292
231.286     5718.114
231.747     5715.036
229.861     5709.852
229.141     5705.316
229.467     5697.945
228.384     5700.294
229.613     5683.608
230.198     5680.449
230.55     5673.807
230.878     5664.168
231.111     5662.71
230.078     5654.934
230.701     5650.641
230.602     5639.382
230.07     5639.463
229.993     5636.142
229.546     5628.123
230.322     5621.724
230.34     5611.194
230.168     5611.68
230.062     5601.636
229.985     5598.639
230.15     5595.48
229.186     5588.109
228.994     5586.246
229.889     5575.311
229.208     5574.015
229.435     5563.89
228.555     5562.999
227.736     5564.133
228.701     5548.905
229.362     5544.531
229.327     5537.889
230.673     5527.035
230.99     5518.368
229.911     5516.91
228.795     5519.421
228.897     5506.866
229.648     5503.221
230.287     5494.878
229.627     5489.856
228.677     5492.934
227.434     5485.32
228.909     5478.354
229.307     5465.232
228.164     5468.067
228.099     5463.936
229.503     5449.437
229.909     5447.736
228.653     5441.013
228.171     5440.284
227.856     5438.34
228.495     5425.542
228.657     5424.57
226.062     5423.598
226.903     5417.442
226.587     5416.227
227.891     5400.189
227.991     5397.759
228.146     5389.497
228.21     5385.042
228.545     5374.593
227.26     5375.16
227.77     5371.11
227.385     5360.499
226.284     5364.225
226.256     5356.368
226.663     5348.835
227.036     5346.729
227.386     5333.283
227.739     5330.529
227.4     5325.831
225.763     5324.13
224.023     5318.298
225.585     5310.846
224.722     5309.064
225.871     5296.671
226.547     5293.755
224.212     5290.353
227.876     5274.639
226.664     5267.754
227.158     5264.109
227.346     5259.411
225.727     5255.442
225.954     5254.389
225.763     5244.021
224.659     5245.236
225.602     5238.918
226.231     5225.715
225.961     5226.444
226.595     5213.889
225.908     5212.755
225.59     5204.169
225.784     5199.633
226.737     5193.882
226.427     5187.564
226.46     5182.704
226.869     5173.389
226.191     5169.906
225.636     5171.04
226.126     5157.108
226.333     5154.678
225.357     5152.248
225.274     5145.444
225.508     5138.883
225.079     5133.699
223.277     5138.802
223.707     5125.113
223.974     5122.764
225.438     5112.153
225.2     5104.377
223.878     5108.913
222.822     5101.299
222.889     5099.193
224.471     5089.23
223.231     5083.722
222.452     5083.317
221.927     5077.404
220.899     5078.538
221.409     5074.002
221.99     5060.556
223.759     5051.322
223.369     5045.004
222.709     5043.951
223.968     5029.533
223.352     5027.751
223.1     5026.779
221.922     5019.084
221.609     5019.651
219.81     5018.112
219.904     5012.118
220.915     5007.258
220.941     4994.703
221.083     4992.759
220.304     4983.525
219.862     4984.254
219.838     4977.612
219.975     4970.646
221.138     4964.49
220.316     4955.499
221.517     4949.181
221.274     4945.212
220.06     4940.757
220.065     4936.545
220.276     4926.42
219.336     4925.934
220.358     4911.921
220.974     4909.167
218.968     4905.522
220.705     4896.207
220.374     4894.344
220.678     4882.68
219.736     4883.409
217.5     4883.814
219.594     4872.231
218.758     4865.184
218.595     4862.511
218.425     4860.891
218.207     4849.956
218.575     4848.255
217.176     4844.205
218.781     4833.432
218.016     4834.89
218.144     4822.092
218.13     4820.472
217.555     4815.774
217.94     4808.241
218.241     4799.736
217.465     4796.901
217.467     4794.795
217.908     4781.106
217.991     4779.729
217.319     4779.648
217.209     4768.551
216.254     4771.548
217.097     4758.993
216.649     4755.753
216.294     4755.834
215.326     4747.329
216.138     4742.55
215.407     4733.235
215.813     4731.129
216.8     4719.87
216.596     4714.929
217.186     4711.203
217.682     4696.947
215.977     4701.888
214.732     4700.754
215.216     4691.196
216.773     4679.289
216.523     4673.214
214.726     4678.479
215.244     4664.142
215.423     4662.117
217.33     4650.291
214.361     4651.911
214.231     4651.992
215.104     4637.169
215.172     4634.415
214.057     4627.368
214.654     4622.751
215.382     4616.595
213.559     4612.626
213.165     4613.76
213.793     4600.8
214.522     4594.077
214.908     4590.594
214.284     4581.522
214.649     4577.958
214.242     4571.64
215.28     4562.892
215.291     4549.284
214.899     4549.122
213.379     4547.583
213.672     4540.698
212.623     4536.972
212.673     4531.059
213.508     4525.794
213.463     4513.563
214.933     4507.002
211.631     4513.158
212.574     4501.98
213.153     4499.064
212.428     4489.668
214.18     4481.163
213.014     4480.758
213.478     4470.147
212.08     4470.228
212.815     4458.159
212.53     4458.564
210.503     4454.352
211.402     4448.925
212.022     4442.85
212.834     4429.485
211.622     4430.781
210.412     4427.46
212.02     4417.902
210.305     4413.609
211.389     4406.319
211.014     4405.266
210.385     4396.032
210.488     4395.222
209.895     4387.932
211.58     4376.997
212.078     4373.757
211.121     4364.847
211.232     4362.579
211.467     4354.641
209.946     4354.317
211.813     4339.818
210.783     4337.874
210.483     4337.388
209.683     4327.587
210.322     4323.78
210.501     4317.3
210.009     4311.387
209.66     4306.689
208.469     4304.097
209.908     4296.888
210.49     4282.47
210.303     4281.66
210.616     4275.666
209.505     4270.32
209.862     4268.376
211.248     4251.447
210.678     4251.447
211.751     4243.752
211.478     4234.032
210.791     4233.708
209.099     4231.926
209.843     4225.689
208.873     4218.804
209.202     4213.944
209.744     4209.975
206.956     4208.76
208.255     4201.065
208.696     4191.75
208.367     4188.429
209.868     4173.768
208.805     4173.039
206.429     4172.553
209.223     4156.515
208.822     4150.197
208.877     4144.365
207.395     4147.929
207.83     4134.159
208.258     4131.648
207.132     4129.218
207.919     4118.364
207.899     4117.797
207.233     4108.077
205.831     4111.398
205.13     4109.13
206.528     4094.955
205.411     4094.307
205.895     4085.073
206.439     4080.294
204.973     4074.219
205.462     4070.25
205.008     4067.82
204.837     4057.857
204.514     4058.586
203.89     4049.919
204.957     4042.629
204.502     4041.738
204.672     4029.912
205.059     4025.619
204.754     4015.008
204.814     4014.603
204.572     4005.855
204.961     3999.375
204.801     3998.16
204.53     3987.144
205.688     3980.826
205.773     3968.352
205.65     3967.947
203.851     3966.408
205.592     3953.691
205.409     3953.286
205.457     3940.731
205.918     3937.248
204.84     3935.142
204.065     3931.011
202.686     3929.229
203.245     3920.4
204.43     3914.163
203.483     3905.82
202.729     3907.116
204.95     3893.265
204.323     3886.461
204.475     3880.872
204.139     3874.554
203.575     3874.392
202.919     3865.563
202.83     3863.538
203.504     3857.544
201.341     3854.466
203.888     3841.749
202.402     3839.238
202.99     3833.406
203.299     3822.147
202.223     3822.633
204.198     3812.589
202.376     3807.648
202.171     3807.81
202.895     3795.984
202.243     3792.987
203.141     3788.127
201.958     3780.027
201.029     3774.681
200.21     3771.684
200.875     3768.201
200.912     3755.646
200.914     3753.702
200.134     3750.3
199.711     3744.468
199.885     3737.583
200.25     3729.321
200.674     3725.676
199.096     3719.196
199.034     3717.252
198.677     3714.174
199.585     3701.376
199.721     3700.404
199.297     3690.441
199.182     3688.173
198.581     3678.534
199.14     3673.917
199.344     3669.543
199.821     3656.988
198.634     3660.876
199.009     3648.483
199.348     3643.866
198.45     3644.433
199.004     3630.663
199.018     3628.233
198.633     3621.753
197.958     3619.485
197.322     3612.519
197.927     3605.229
197.913     3603.69
199.11     3586.923
197.255     3592.188
196.767     3587.004
198.329     3575.016
197.523     3570.237
198.443     3560.76
198.078     3560.274
197.747     3549.258
197.538     3548.853
196.298     3547.476
196.843     3537.108
197.168     3530.142
197.069     3523.338
195.992     3524.796
195.749     3521.232
197.267     3506.247
197.338     3501.144
195.816     3496.932
195.79     3496.608
196.009     3484.377
196.271     3480.651
195.811     3478.95
196.219     3466.314
195.343     3466.233
195.352     3458.133
194.93     3456.351
197.481     3436.263
195.234     3440.394
197.564     3429.54
197.017     3419.82
196.375     3421.602
197.629     3407.103
196.906     3404.592
196.042     3399.165
195     3397.95
196.558     3389.688
194.23     3386.205
194.016     3385.152
194.809     3369.6
193.293     3373.569
192.687     3363.444
192.684     3362.067
193.257     3354.534
192.172     3349.431
191.601     3350.889
192.274     3335.985
193.757     3327.966
193.513     3324.969
193.358     3315.816
193.487     3311.361
193.151     3304.638
193.695     3299.13
193.795     3287.871
194.139     3283.335
193.316     3283.659
193.757     3270.051
193.196     3271.671
193.413     3260.817
195.266     3248.91
193.576     3246.075
193.231     3242.673
193.412     3240
192.482     3230.685
194.617     3220.803
194.275     3215.295
194.504     3207.924
194.4     3200.553
194.532     3193.992
194.096     3193.749
194.705     3179.088
192.85     3183.948
192.101     3181.518
191.7     3174.714
192.177     3167.343
191.424     3162.888
191.886     3159.162
192.16     3145.554
192.255     3142.962
190.721     3144.42
190.161     3135.996
189.655     3137.13
191.623     3118.5
191.53     3115.827
190.788     3115.665
190.364     3106.107
190.697     3101.49
190.437     3094.443
190.939     3088.287
190.087     3081.564
189.709     3078.648
190.3     3074.274
189.446     3064.878
190.907     3057.426
190.177     3047.544
189.362     3049.974
190.425     3037.581
190.702     3031.182
190.369     3030.372
190.595     3017.169
189.976     3017.412
189.66     3012.228
190.209     3002.751
189.774     2998.215
189.669     2991.573
189.088     2991.573
189.8     2976.75
189.149     2976.831
190.109     2961.117
188.093     2965.977
187.185     2965.005
188.255     2951.316
187.991     2947.914
189.002     2933.982
189.1     2933.091
188.865     2922.48
188.805     2919.402
188.322     2918.025
188.082     2907.981
189.28     2899.962
189.613     2890.566
188.911     2889.432
187.098     2885.868
188.788     2875.581
188.601     2873.961
188.06     2863.674
188.954     2858.085
189.346     2849.58
186.912     2853.063
187.154     2843.505
188.55     2831.76
187.899     2832.732
186.807     2824.227
187.533     2819.691
186.881     2816.127
186.247     2811.105
186.428     2803.815
186.156     2798.064
188.032     2788.587
185.985     2783.97
185.814     2782.998
185.977     2776.923
185.46     2769.147
184.893     2770.605
185.405     2756.754
185.591     2753.595
185.164     2751.408
185.43     2740.23
185.365     2736.423
184.797     2730.429
184.391     2728.242
185.447     2713.014
185.904     2708.154
186.14     2704.266
186.073     2693.007
184.067     2697.948
183.888     2690.658
184.607     2682.882
183.852     2676.078
183.344     2673.567
184.858     2665.953
184.798     2653.965
183.918     2656.395
185.203     2643.111
184.552     2638.98
183.997     2639.952
184.661     2624.886
183.243     2628.045
182.778     2617.191
183.519     2613.384
184.461     2603.016
183.429     2598.966
183.208     2598.885
184.941     2580.012
184.43     2579.85
184.901     2572.965
183.665     2567.7
181.568     2563.569
182.857     2555.874
182.16     2554.578
182.993     2541.051
182.706     2538.459
182.192     2532.222
183.444     2524.203
181.221     2521.449
181.517     2517.156
181.721     2513.187
183.122     2496.339
183.574     2492.127
183.2     2485.404
182.731     2482.326
183.455     2470.095
183.58     2464.263
183.798     2461.752
182.372     2454.867
182.73     2451.546
183.587     2441.097
182.369     2439.477
182.848     2429.676
181.992     2426.679
181.556     2426.517
182.878     2408.94
182.799     2407.968
182.137     2404.08
181.672     2397.357
182.202     2394.603
181.164     2386.098
181.718     2381.643
181.549     2369.898
180.796     2370.87
180.952     2365.767
180.997     2355.156
180.447     2356.614
179.203     2349.729
180.06     2343.411
181.114     2329.479
180.525     2327.535
181.36     2321.784
179.912     2314.899
180.134     2313.279
180.139     2304.369
180.32     2297.727
179.646     2298.699
180.418     2282.904
181.004     2278.773
180.38     2274.642
179.697     2269.944
180.392     2260.305
179.994     2255.526
180.073     2252.934
178.467     2246.697
178.167     2246.373
179.611     2234.547
179.179     2227.581
180.249     2218.023
179.551     2212.92
177.783     2217.132
179.131     2199.879
179.14     2197.287
180.446     2188.458
179.724     2180.52
179.951     2175.822
179.912     2167.965
180.094     2163.672
179.999     2153.142
179.945     2149.497
178.316     2145.042
178.732     2139.048
177.336     2142.045
177.787     2128.761
178.649     2122.848
176.396     2118.636
175.895     2119.851
175.755     2111.103
176.696     2101.95
176.401     2101.626
177.043     2086.56
176.726     2085.831
175.357     2084.211
177.31     2070.117
176.617     2065.257
177.526     2055.294
178.221     2050.353
176.907     2042.82
177.773     2038.446
176.16     2038.122
176.532     2028.321
175.983     2024.757
175.674     2018.196
177.151     2010.258
176.566     2000.214
175.986     2000.052
176.649     1993.653
176.36     1984.338
177.909     1974.375
176.941     1970.001
176.422     1968.462
176.705     1956.312
174.782     1959.633
175.347     1954.773
176.209     1939.707
177.298     1932.498
176.946     1925.856
175.472     1927.152
177.115     1910.79
176.062     1910.223
177.501     1902.69
173.925     1903.338
175.175     1896.696
175.465     1888.515
174.171     1887.057
174.499     1877.823
174.128     1873.611
174.979     1867.86
174.017     1859.031
174.64     1854.333
174.604     1848.582
174.171     1842.345
174.465     1834.893
173.501     1831.491
173.159     1830.519
172.596     1820.313
171.291     1823.229
173.338     1810.674
172.913     1802.25
172.611     1798.767
172.07     1792.773
171.512     1791.963
171.828     1779.084
171.557     1776.897
172.657     1769.607
172.46     1759.077
171.103     1760.859
168.773     1758.267
169.279     1753.164
171.346     1733.562
169.545     1737.774
167.838     1736.316
169.372     1725.057
167.504     1723.032
168.79     1713.15
170.019     1706.346
169.294     1696.626
169.626     1693.386
168.959     1688.931
169.2     1681.074
167.373     1680.426
167.305     1674.432
168.89     1666.332
169.229     1651.995
169.734     1648.269
169.055     1645.515
168.299     1639.44
168.349     1633.446
168.12     1626.723
167.901     1625.508
168.521     1611.171
168.222     1609.308
167.481     1608.255
168.207     1595.133
167.812     1592.622
169.246     1576.26
168.917     1576.989
167.651     1570.428
167.564     1566.702
167.119     1565.811
166.733     1555.524
166.904     1551.96
165.953     1547.505
166.488     1540.944
166.964     1529.604
168.331     1518.993
167.631     1519.884
164.919     1517.859
167.4     1506.033
169.596     1490.643
167.946     1490.562
168.069     1482.057
164.794     1487.403
166.804     1478.898
167.343     1464.237
165.694     1468.287
166.184     1453.869
166.51     1451.115
164.509     1452.33
166.02     1438.236
166.431     1436.049
167.375     1419.849
166.212     1421.874
164.326     1416.852
163.983     1415.88
165.651     1405.998
164.19     1400.166
163.418     1402.515
164.274     1388.583
165.067     1381.536
165.426     1369.548
164.394     1369.548
164.1     1368.009
161.593     1365.417
163.219     1358.694
164.3     1340.388
164.044     1338.93
162.774     1330.992
162.667     1330.668
161.472     1326.861
163.23     1313.577
162.298     1315.764
162.399     1302.642
162.105     1301.589
160.125     1302.804
160.653     1293.165
160.807     1285.956
160.929     1278.423
161.73     1273.401
161.8     1260.684
162.364     1256.148
161.219     1255.986
161.198     1246.509
160.827     1242.621
160.493     1233.873
160.332     1234.035
159.558     1225.287
159.681     1221.237
158.259     1223.505
159.201     1209.087
159.842     1203.093
160.277     1190.052
161.132     1186.164
158.801     1184.139
159.795     1175.958
159.376     1175.148
159.574     1162.593
159.513     1160.163
158.814     1155.303
159.464     1147.122
158.265     1142.424
159.632     1132.38
157.955     1136.916
158.634     1121.769
158.453     1120.23
157.003     1119.015
158.082     1107.594
157.469     1102.572
157.484     1095.12
157.426     1094.391
156.35     1085.643
157.66     1078.515
157.207     1075.113
156.846     1067.256
157.397     1060.047
157.349     1050.732
157.771     1048.545
158.272     1034.613
158.076     1032.264
158.318     1027.647
156.646     1023.516
157.979     1014.687
158.97     999.702000000001
158.954     999.216000000001
157.92     992.088000000001
156.148     994.842000000001
155.632     986.175000000001
155.161     984.474000000001
158.188     970.137000000001
156.502     964.386000000001
155.585     966.978000000001
156.536     953.694000000001
154.723     955.476000000001
153.406     946.647000000001
154.438     941.706000000001
153.86     935.469000000001
154.133     927.531000000001
154.145     926.154000000001
154.522     912.060000000001
154.849     908.658000000001
153.45     901.206000000001
153.98     898.128000000001
152.411     897.399000000001
153.718     883.872000000001
152.521     882.495000000001
152.346     875.529000000001
153.402     869.535000000001
153.887     855.279000000001
154.899     849.528000000001
153.339     850.500000000001
153.681     838.998000000001
152.482     839.241000000001
152.589     830.655000000001
153.105     825.633000000001
150.306     824.499000000001
151.389     817.695000000001
150.67     816.723000000001
149.074     811.701000000001
151.767     798.417000000001
152.188     788.778000000001
151.61     786.348000000001
149.424     784.809000000001
150.089     777.519000000001
151.057     772.092000000001
150.441     761.643000000001
149.526     763.020000000001
149.54     755.811000000001
149.034     751.356000000001
149.239     742.527000000001
150.159     732.321000000001
149.394     734.022000000001
148.858     723.492000000001
148.181     723.573000000001
147.724     719.280000000001
150.19     702.513000000001
148.852     701.703000000001
148.745     692.955000000001
148.578     692.631000000001
148.923     678.861000000001
148.548     677.808000000001
148.001     668.007000000001
147.118     668.979000000001
146.259     667.764000000001
148.005     650.673000000001
148.179     649.458000000001
146.076     645.975000000001
147.63     636.255000000001
147.54     626.211000000001
146.826     625.401000000001
147.257     620.865000000001
148.4     604.665000000001
147.477     607.581000000001
147.084     599.400000000001
147.214     593.568000000001
146.47     586.683000000001
146.616     581.175000000001
148.384     572.751000000001
145.122     572.346000000001
147.052     563.112000000001
147.471     554.769000000001
145.751     554.202000000001
144.726     544.320000000001
144.538     543.915000000001
143.833     539.946000000001
144.076     530.631000000001
144.083     524.394000000001
143.665     518.967000000001
142.48     521.235000000001
142.77     507.627000000001
143.697     501.795000000001
141.843     496.692000000001
141.533     494.991000000001
140.579     484.137000000001
141.982     474.984000000001
141.439     466.236000000001
139.661     469.152000000001
139.361     459.432000000001
141.185     448.983000000001
140.47     440.235000000001
140.361     437.562000000001
140.359     425.493000000001
140.511     424.440000000001
142.283     403.704000000001
140.988     407.997000000001
140.939     398.844000000001
141.324     391.716000000001
141.561     382.482000000001
141.607     375.759000000001
138.512     379.242000000001
139.314     369.279000000001
138.279     372.114000000001
137.058     363.852000000001
138.831     355.185000000001
137.923     346.275000000001
138.638     341.577000000001
138.389     338.823000000001
138.087     330.075000000001
137.919     326.754000000001
136.957     322.623000000001
138.5     313.227000000001
136.732     308.448000000001
137.244     302.940000000001
136.799     301.806000000001
136.948     289.656000000001
137.432     284.796000000001
136.145     277.992000000001
136.424     274.023000000001
136.082     267.786000000001
135.392     265.437000000001
135.041     257.337000000001
135.561     249.561000000001
136.042     239.112000000001
136.513     231.822000000001
135.462     233.847000000001
135.612     220.887000000001
137.24     212.706000000001
136.162     210.600000000001
135.442     205.740000000001
137.14     192.780000000001
134.855     193.104000000001
134.149     194.805000000001
133.932     183.465000000001
133.918     181.278000000001
133.784     176.661000000001
133.465     168.804000000001
131.65     163.053000000001
133.689     152.685000000001
132.576     152.766000000001
133.707     138.105000000001
132.259     139.482000000001
132.266     129.033000000001
132.629     127.170000000001
131.783     119.394000000001
131.502     116.802000000001
131.369     106.596000000001
130.569     105.786000000001
130.803     94.6890000000009
129.901     93.2310000000009
129.853     83.9160000000009
129.439     79.8660000000009
128.975     72.7380000000009
128.813     68.5260000000009
128.327     61.4790000000009
127.572     58.8060000000009
128.628     52.7310000000009
128.141     42.0390000000009
126.945     44.2260000000009
127.005     30.2130000000009
126.786     24.7050000000009
125.332     22.2750000000009
124.912     18.0630000000009
123.746     13.6080000000009
124.614     -2.34899999999913
124.407     -4.61699999999913
122.104     -7.04699999999913
121.481     -11.6639999999991
121.174     -20.7359999999991
119.77     -19.3589999999991
119.195     -28.5929999999991
114.866     -23.0849999999991
114.42     -27.5399999999991
112.512     -31.7519999999991
112.526     -34.5869999999991
109.197     -33.8579999999991
108.747     -34.9919999999991
105.781     -35.7209999999991
105.06     -35.2349999999991
101.387     -33.7769999999991
100.968     -34.2629999999991
97.931     -34.8299999999991
97.502     -35.2349999999991
94.088     -34.7489999999991
93.281     -34.0199999999991
90.288     -35.0729999999991
89.653     -34.9919999999991
86.158     -33.9389999999991
85.523     -33.6149999999991
81.981     -34.2629999999991
80.6     -34.1009999999991
77.867     -32.8859999999991
76.896     -34.1009999999991
73.912     -33.4529999999991
71.074     -34.1819999999991
70.349     -34.5059999999991
67.403     -34.1819999999991
66.192     -33.0479999999991
63.321     -32.7239999999991
62.504     -33.1289999999991
61.936     -34.1819999999991
58.958     -34.4249999999991
58.194     -34.1009999999991
55.271     -34.5869999999991
54.382     -33.5339999999991
52.339     -33.0479999999991
51.152     -33.9389999999991
48.873     -33.8579999999991
47.227     -33.4529999999991
45.271     -33.7769999999991
43.265     -33.2909999999991
43.218     -34.0199999999991
40.128     -34.5059999999991
39.282     -33.3719999999991
36.559     -35.0729999999991
35.589     -33.3719999999991
34.143     -32.8859999999991
32.101     -33.4529999999991
30.557     -32.9669999999991
27.874     -32.2379999999991
26.999     -33.3719999999991
24.645     -33.9389999999991
23.181     -32.5619999999991
21.414     -33.2099999999991
20.851     -34.3439999999991
18.406     -35.6399999999991
16.99     -33.6959999999991
14.134     -32.0759999999991
13.231     -32.7239999999991
12.808     -33.7769999999991
9.46800000000001     -32.5619999999991
9.09300000000001     -33.6149999999991
5.88900000000001     -33.4529999999991
5.72300000000001     -33.5339999999991
4.03000000000001     -34.2629999999991
