Distance_nm     Force_uN
0     2.754
0.449     0.891
2.383     0.972
6.805     1.539
14.403     0.324
22.63     -1.944
30.482     -2.916
38.496     -1.134
45.52     -0.81
52.756     -0.729
60.403     -0.405
67.738     -0.729
75.099     -1.62
83.058     -2.106
90.562     -0.486
97.531     2.187
104.578     5.265
110.841     5.994
118.248     3.321
126.621     -0.648
134.866     -2.754
143.053     -2.025
150.361     -0.081
157.177     -0.324
165.076     -1.944
172.952     -2.349
180.532     -0.081
187.557     0.405
194.766     -0.648
202.587     -2.511
210.824     -3.888
218.552     -3.645
226.336     -1.863
233.344     0.567
239.963     4.05
246.973     2.025
255.122     -0.162
270.802     0.162
277.989     1.377
285.248     2.106
292.951     1.458
300.252     -0.324
308.648     -2.592
317.109     -1.134
323.875     1.944
330.879     1.782
338.789     0
346.725     -0.567
354.728     -0.486
362.243     -0.567
369.605     0.243
377.204     1.539
384.244     2.511
391.568     3.321
399.184     1.62
407.114     -0.567
415.52     0
423.102     0.162
430.431     0.648
438.364     0.81
445.957     0.405
453.455     2.187
461.022     1.134
469.025     -0.324
476.939     -0.81
484.985     0
492.288     0.567
499.969     0.243
507.972     -0.567
515.678     0.324
523.288     1.053
530.876     0.648
538.374     -0.567
546.815     -2.187
555.168     -2.025
562.744     -0.324
570.398     1.944
577.44     2.754
584.808     2.835
592.801     2.268
600.442     2.511
608.078     1.944
616.246     0.162
624.362     0.324
632.284     1.134
639.948     -0.162
647.835     0.162
655.828     0.972
663.476     -0.162
671.467     -1.215
679.782     -2.268
687.554     -2.268
695.355     0.324
702.786     1.944
710.084     2.673
717.869     2.592
725.774     3.159
733.241     5.994
740.442     6.885
748.118     4.05
756.682     1.296
765.341     0.567
773.074     0.243
781.226     0.729
789.225     0.972
796.565     -0.891
805.164     -2.025
813.616     -2.268
821.383     -1.458
829.196     0.729
836.44     1.701
843.699     -0.162
852.331     -2.997
861.044     -2.754
868.779     1.053
875.899     4.617
882.739     5.265
890.497     3.726
899.107     2.592
907.066     4.536
914.457     7.938
921.539     6.966
929.585     2.754
939.08     -2.025
948.251     -3.645
956.324     -3.24
964.328     -2.997
972.245     -2.43
980.172     -0.891
988.019     1.458
995.038     2.511
1002.785     0.567
1011.439     -0.891
1019.666     0.405
1027.759     1.782
1035.304     2.349
1042.968     1.134
1051.656     0.162
1059.751     2.592
1067.029     6.156
1074.478     6.237
1082.256     3.564
1090.909     0.324
1100.06     -2.025
1108.544     -2.673
1116.815     -2.43
1124.912     -2.106
1132.659     -1.62
1140.806     -1.296
1148.963     0.567
1156.393     1.134
1164.486     1.701
1172.496     1.539
1180.653     -0.648
1189.602     -1.053
1197.578     1.782
1204.779     5.994
1212.103     8.1
1219.385     4.779
1228.459     0.891
1237.818     0.891
1245.685     2.43
1253.597     2.673
1261.694     0.324
1270.178     -3.483
1279.597     -4.779
1287.895     -4.374
1295.932     -4.212
1304.364     -3.321
1312.089     -0.243
1319.504     2.997
1327.024     2.673
1335.159     1.053
1343.906     1.944
1351.78     5.184
1358.773     6.318
1366.959     4.455
1375.542     2.835
1384.141     1.863
1393.01     2.997
1400.538     3.969
1408.521     3.321
1424.972     1.539
1433.944     -1.62
1443.106     -4.05
1451.644     -2.592
1459.71     -1.134
1467.579     -0.405
1475.38     -2.025
1484.358     -2.997
1492.75     -1.782
1500.371     1.701
1508.04     5.265
1515.258     6.318
1523.137     4.941
1531.967     3.969
1540.342     3.564
1548.976     4.779
1556.943     6.966
1564.484     7.452
1572.96     4.941
1581.882     2.106
1590.743     -0.972
1600.262     -2.268
1608.691     -2.025
1616.805     -1.296
1625.216     -2.268
1633.476     -3.888
1642.141     -3.483
1650.277     -1.377
1657.757     2.268
1665.167     5.022
1672.868     6.48
1680.752     6.075
1689.419     5.427
1697.823     7.047
1705.318     6.723
1713.996     6.804
1722.4     6.237
1730.765     1.944
1740.414     -0.405
1748.996     -0.486
1757.493     -1.296
1766.138     -0.162
1773.913     -0.648
1782.618     -2.835
1791.518     -3.078
1799.68     -2.025
1808.02     -0.162
1815.911     1.863
1823.594     2.916
1831.802     3.159
1839.883     4.86
1847.883     6.237
1855.971     8.748
1863.358     9.315
1871.763     6.156
1881.106     2.592
1890.082     0.81
1899.153     0.405
1907.688     0.648
1916.032     -0.81
1925.131     -2.187
1933.961     -1.782
1942.261     -1.701
1950.797     -2.025
1958.965     -1.215
1967.321     0.081
1975.71     1.863
1983.261     2.997
1991.348     3.402
1999.698     4.698
2007.627     6.642
2015.825     9.153
2023.492     9.558
2031.414     5.427
2041.217     1.944
2050.367     1.782
2058.738     2.349
2067.39     1.62
2075.799     -0.486
2084.727     -2.268
2093.896     -3.078
2102.343     -1.782
2110.601     0
2118.695     1.458
2126.58     2.025
2135.297     1.782
2143.739     2.916
2151.629     6.399
2159.462     9.963
2166.845     9.234
2175.616     6.804
2184.96     5.103
2193.697     4.131
2202.434     5.589
2210.599     4.779
2219.029     2.997
2228.15     1.458
2237.04     0
2245.661     -0.729
2254.613     -1.782
2263.339     -3.969
2272.47     -3.969
2281.209     -1.215
2288.662     1.944
2296.451     3.726
2304.758     3.078
2313.244     3.807
2321.753     6.48
2329.607     8.505
2337.372     8.829
2346.122     6.723
2355.132     5.346
2363.88     7.452
2372.249     8.343
2380.056     4.698
2389.514     0.486
2399.569     -0.162
2407.906     0.486
2416.125     -0.81
2425.131     -3.645
2434.485     -4.779
2443.546     -3.402
2451.535     -0.324
2459.016     4.374
2466.752     7.938
2474.201     9.477
2482.114     9.234
2491.115     7.533
2500.033     5.265
2509.449     4.779
2518.302     5.184
2526.454     6.966
2534.745     7.128
2543.457     6.237
2552.024     5.589
2561.135     3.402
2570.332     -0.891
2579.816     -3.726
2589.401     -3.159
2597.592     0.405
2605.206     1.215
2614.055     -0.081
2622.88     -1.296
2631.683     0.729
2640.123     5.67
2647.349     7.776
2664.341     5.265
2673.147     4.698
2682.253     7.128
2690.156     7.452
2698.544     4.536
2708.266     2.349
2717.249     3.726
2725.501     5.994
2733.892     5.103
2742.476     -0.081
2752.562     -1.944
2761.935     0.486
2769.772     1.215
2778.347     0.081
2787.078     -0.567
2795.761     -0.324
2804.846     1.701
2813.006     4.131
2820.958     5.427
2829.446     5.589
2837.944     6.723
2846.509     8.343
2854.926     8.181
2863.33     5.994
2872.806     5.346
2881.868     5.427
2890.206     4.86
2899.262     4.131
2908.23     3.078
2917.138     2.997
2926.129     2.349
2934.812     1.944
2943.544     1.863
2952.568     -0.405
2961.721     -0.729
2970.629     1.053
2979.003     3.888
2986.648     5.589
2995.027     5.67
3003.859     7.047
3012.161     6.642
3021.305     6.318
3030.016     7.209
3038.597     6.237
3047.959     3.726
3057.194     2.916
3066.019     3.483
3074.605     2.916
3083.513     3.807
3092.292     4.131
3101.354     1.539
3110.66     -0.405
3120.334     -0.324
3128.952     2.187
3136.784     2.106
3145.808     2.997
3153.928     6.399
3161.651     6.561
3170.741     5.022
3179.911     4.293
3188.945     4.293
3197.93     2.592
3206.782     2.997
3215.51     4.779
3224.016     6.399
3232.384     6.237
3241.627     4.212
3250.928     3.645
3259.523     3.807
3268.481     1.944
3277.607     -2.268
3287.613     -2.754
3296.812     0.648
3304.502     3.483
3312.888     3.483
3321.873     3.24
3330.398     5.994
3338.658     7.047
3347.326     6.723
3356.218     4.455
3365.963     2.673
3375.116     3.726
3383.571     5.184
3392.263     4.698
3401.132     6.399
3409.808     7.371
3418.581     5.103
3427.799     2.592
3437.626     0
3447.425     0.405
3455.89     0.891
3464.893     0.162
3474.026     0.405
3482.798     1.377
3491.834     2.268
3500.316     3.078
3508.952     4.698
3517.665     8.424
3525.449     11.583
3533.797     8.262
3543.694     1.863
3553.96     1.296
3563.148     4.698
3571.217     5.265
3579.786     5.022
3589.232     3.564
3598.463     3.564
3607.3     4.698
3616.359     4.05
3625.239     2.511
3634.722     -0.081
3644.439     -0.405
3653.199     -0.243
3662.174     0.405
3670.968     4.131
3678.62     9.072
3686.57     11.34
3694.945     9.153
3704.536     5.103
3714.926     2.997
3724.414     4.536
3733.1     4.941
3742.223     0.972
3751.998     -3.483
3762.251     0.324
3770.408     5.832
3777.662     5.265
3786.882     4.293
3796.113     4.941
3804.727     3.483
3814.418     -0.972
3824.67     -0.891
3833.601     3.969
3841.408     9.072
3848.805     11.583
3857.294     9.315
3867.105     4.293
3877.066     1.782
3887.008     3.888
3895.64     6.075
3903.74     5.913
3913.082     4.293
3922.619     2.835
3931.817     2.187
3941.405     1.053
3950.597     0.891
3968.695     0.405
3977.877     0.729
3986.989     1.782
3995.839     3.726
4004.136     6.318
4012.769     7.452
4021.646     8.262
4030.101     6.318
4039.791     3.483
4049.673     5.103
4058.254     9.315
4066.582     9.477
4075.195     4.86
4085.458     4.05
4095.089     6.318
4103.349     3.402
4113.482     -1.782
4124.211     -3.888
4133.369     -3.402
4142.454     -3.24
4151.379     -0.486
4159.623     3.888
4167.939     7.209
4176.161     9.72
4184.388     9.963
4193.719     7.452
4203.234     6.48
4212.448     8.262
4221.299     10.773
4229.723     11.178
4238.847     8.667
4248.822     8.1
4257.828     6.48
4267.613     2.349
4277.564     0.324
4286.848     -0.081
4296.387     0.324
4305.379     -0.324
4314.704     -0.486
4324.095     1.539
4332.485     5.427
4340.703     7.452
4349.537     8.1
4358.25     6.642
4367.892     4.86
4377.555     5.832
4386.311     9.234
4394.594     11.34
4403.226     11.34
4412.409     8.586
4422.433     5.994
4432.2     5.994
4441.383     5.67
4450.768     4.212
4459.982     1.377
4470.012     -0.81
4480.015     -0.891
4489.088     0.243
4498.229     2.268
4506.8     5.184
4514.901     5.994
4524.277     6.237
4533.362     5.427
4542.796     5.103
4552.297     7.452
4560.435     10.206
4569.123     11.178
4578.406     10.53
4587.369     9.477
4596.951     8.262
4606.511     5.346
4616.381     4.212
4626.199     4.779
4635.295     4.941
4644.352     1.701
4654.655     -2.916
4665.017     -4.698
4674.681     -4.131
4684.04     -1.944
4692.387     5.103
4699.818     11.745
4707.491     12.555
4716.324     7.614
4727.119     10.935
4735.67     11.745
4744.47     5.913
4755.505     4.941
4765.098     11.016
4772.561     9.234
4782.373     6.075
4792.342     7.371
4800.468     3.159
4810.457     -1.458
4820.769     -0.486
4830.052     -0.243
4839.269     -2.511
4849.112     -1.539
4858.379     2.511
4866.421     3.159
4875.495     4.941
4884.659     9.72
4892.636     9.882
4901.924     10.044
4911.442     12.15
4919.942     9.963
4930.109     7.938
4940.036     9.234
4948.705     9.072
4958.458     5.508
4968.832     3.159
4978.566     2.673
4988.177     0.162
4997.855     -2.268
5007.825     -2.349
5017.458     1.62
5025.653     3.24
5034.597     2.835
5044.285     1.782
5053.867     3.24
5063.134     8.748
5070.981     11.907
5079.444     12.231
5088.902     11.826
5098.375     10.449
5108.077     9.72
5118.082     8.343
5127.62     7.047
5137.333     6.399
5147.053     2.916
5157.191     -1.377
5168.058     -3.321
5178.094     -3.24
5187.223     -2.106
5196.577     0.324
5205.237     1.458
5214.197     0.081
5224.278     -1.296
5233.931     1.863
5242.262     6.237
5250.974     8.586
5259.623     10.368
5268.506     12.069
5277.692     12.474
5286.996     11.745
5296.688     10.611
5306.391     6.966
5326.299     3.483
5336.767     3.321
5346.224     0.486
5356.747     -2.106
5366.678     -2.673
5376.31     -0.567
5385.354     -0.162
5394.51     -2.187
5404.667     -3.159
5414.358     -2.187
5423.164     -0.648
5432.69     3.483
5441.121     5.184
5449.862     3.564
5459.959     5.913
5468.855     10.449
5477.144     11.34
5486.713     8.262
5496.758     5.589
5506.859     3.078
5517.213     -0.81
5527.559     -1.782
5537.498     -0.324
5546.798     -2.511
5556.62     -5.913
5567.181     -5.103
5576.343     -2.997
5585.304     -1.539
5594.769     -1.134
5604.205     -2.349
5614.094     -0.972
5623.35     2.835
5631.54     2.997
5641.074     1.539
5651.259     4.617
5659.843     8.343
5668.565     8.991
5678.133     10.611
5687.093     8.748
5697.355     5.427
5707.581     4.455
5717.158     1.944
5727.561     -3.402
5738.481     -6.48
5748.856     2.268
5756.388     8.829
5763.885     -0.729
5775.941     -8.667
5787.741     -4.455
5795.854     1.863
5803.96     7.857
5812.021     15.633
5819.503     14.823
5829.744     3.564
5842.225     -0.81
5852.916     3.645
5861.721     6.885
5870.146     12.15
5878.141     18.306
5886.142     12.15
5897.28     -2.997
5911.171     -9.396
5922.507     -8.505
5931.631     -7.128
5941.068     -1.134
5948.916     1.458
5957.778     -2.754
5968.722     -2.43
5977.489     1.215
5986.134     0.324
5996.133     0.648
6005.443     5.913
6013.881     7.047
6023.252     2.673
6033.812     1.863
6044.02     3.321
6053.123     2.916
6062.711     5.913
6071.926     7.371
6080.897     -4.293
6093.586     -5.103
6103.596     -8.991
6114.008     -10.206
6124.325     -3.726
6132.354     0.567
6140.528     -0.162
6150.599     -0.324
6160.401     0.405
6169.651     -0.081
6179.788     1.458
6188.968     5.103
6197.745     6.804
6207.341     6.318
6216.672     6.237
6226.272     5.265
6236.507     -0.243
6247.388     -4.617
6258.425     -4.86
6268.25     -4.293
6277.494     -2.997
6287.118     -3.159
6296.838     -6.966
6307.179     -10.692
6318.222     -12.636
6328.341     -12.231
6337.776     -8.019
6346.598     -4.05
6355.205     -2.025
6364.55     -2.511
6374.654     -3.402
6384.455     -4.293
6394.455     -4.374
6404.153     -2.835
6413.432     -0.567
6423.09     0.729
6432.532     0.81
6442.121     -2.673
6453     -7.614
6463.762     -9.477
6473.892     -11.988
6484.508     -14.337
6494.72     -14.742
6504.851     -14.985
6514.84     -15.309
6524.407     -14.661
6534.255     -12.069
6543.118     -9.234
6551.981     -5.508
6561.246     -3.888
6570.404     -7.452
6581.304     -9.963
6592.152     -15.309
6603.039     -24.219
6615.167     -33.129
6627.624     -42.849
6639.855     -54.675
6653.048     -72.009
6667.529     -91.692
6682.396     -109.269
6697.172     -124.011
6710.823     -140.535
6724.97     -154.467
6738.896     -165.726
6751.755     -176.337
6764.539     -195.048
6779.522     -207.846
6802.441     -219.996
6815.771     -236.439
6829.962     -250.452
6843.778     -262.197
6856.736     -279.855
6871.222     -294.84
6885.546     -312.822
6900.087     -330.399
6914.221     -347.328
6928.889     -362.475
6942.5     -377.217
6956.365     -390.42
6970.094     -401.436
6982.724     -418.041
6997.255     -435.051
7011.78     -452.871
7026.21     -466.236
7039.967     -474.984
7052.084     -490.698
7066.128     -506.412
7080.665     -519.372
7093.951     -529.335
7106.445     -546.264
7121.03     -566.271
7135.984     -585.144
7151.291     -603.774
7166.302     -618.03
7179.723     -632.934
7193.977     -646.785
7207.634     -664.605
7222.196     -682.02
7236.962     -697.653
7250.918     -715.23
7265.481     -735.237
7281.06     -750.789
7295.127     -766.584
7309.538     -784.485
7324.385     -798.741
7337.609     -812.835
7351.562     -827.415
7365.58     -843.777
7379.7     -856.899
7393.407     -869.535
7406.704     -880.389
7419.388     -910.845
7437.982     -928.989
7452.747     -942.03
7466.235     -957.825
7480.646     -978.561
7495.698     -999.54
7511.474     -1019.547
7527.153     -1030.482
7539.711     -1044.657
7553.85     -1062.153
7568.506     -1077.381
7582.337     -1090.665
7596.401     -1102.005
7609.463     -1120.554
7624.206     -1138.617
7639.327     -1157.895
7654.529     -1170.693
7667.853     -1183.572
7681.446     -1201.068
7696.003     -1216.296
7710.311     -1231.443
7724.433     -1246.671
7738.362     -1265.706
7753.811     -1283.688
7768.533     -1304.586
7784.023     -1322.406
7799.178     -1339.092
7813.649     -1356.345
7828.437     -1371.249
7842.575     -1382.508
7855.27     -1401.624
7870.544     -1420.335
7885.741     -1436.778
7899.998     -1452.087
7914.377     -1471.608
7929.678     -1489.914
7944.618     -1508.301
7960.107     -1521.747
7973.589     -1533.492
7986.382     -1551.474
8001.449     -1569.699
