Distance_nm     Force_uN
0     -1.6303
-0.036     -0.6584
0.011     -0.0627
0.074     -0.4076
0.094     -0.9405
0.126     -1.8497
0.136     -2.0692
0.11     -1.4735
0.1     -1.16
0.032     -0.5016
0.042     -0.3135
0.126     -0.8778
0.115     -1.1914
0.032     -1.6303
0     -1.8184
-0.015     -1.787
0     -1.3481
-0.015     0.3449
0.047     1.8184
0.032     1.7243
0.011     0.0941
-0.057     -2.226
-0.151     -3.2919
-0.219     -2.226
-0.172     0.0627
-0.13     0.8151
-0.177     0.0314
-0.161     -1.787
-0.177     -3.0725
-0.266     -2.2887
-0.276     -1.066
-0.271     -0.0941
-0.318     -0.1254
-0.349     -0.6897
-0.396     -0.8465
-0.428     -0.9719
-0.402     -0.5016
-0.402     -0.0314
-0.475     0.0941
-0.553     -0.0627
-0.61     -0.0941
-0.616     -0.3135
-0.657     -0.7211
-0.762     -0.8465
-0.736     -0.8151
-0.684     -0.5643
-0.731     -0.627
-0.751     -1.3481
-0.798     -2.4141
-0.845     -2.8844
-0.892     -1.9752
-0.898     -0.3135
-0.898     0.533
-0.866     0.8778
-0.882     0
-0.887     -1.1287
-0.892     -1.2541
-0.95     -0.9092
-0.997     -0.3762
-1.018     -0.2822
-1.028     -0.5643
-1.044     -0.533
-1.012     -1.0033
-1.054     -2.1006
-1.039     -2.7589
-1.075     -2.6962
-1.091     -1.787
-1.075     -0.6584
-1.028     -0.0314
-1.018     0
-1.065     -0.7838
-1.106     -1.3168
-1.101     -1.5049
-1.059     -0.8465
-1.148     0.0941
-1.143     0.5643
-1.133     0.0314
-1.153     -1.0346
-1.143     -1.2854
-1.122     -1.0973
-1.133     -1.0033
-1.112     -0.9719
-1.138     -1.2227
-1.169     -1.6303
-1.227     -1.5049
-1.195     -1.2227
-1.153     -1.4108
-1.169     -1.5989
-1.19     -1.4422
-1.164     -0.8778
-1.185     -0.5643
-1.227     -0.533
-1.258     -0.7211
-1.274     -1.2227
-1.263     -0.4703
-1.289     -0.1254
-1.289     -0.1568
-1.31     -0.2822
-1.357     -0.9092
-1.352     -1.3481
-1.357     -1.16
-1.373     -1.7243
-1.341     -1.693
-1.326     -1.16
-1.289     -1.0346
-1.253     -1.0033
-1.263     -1.7243
-1.258     -1.8497
-1.3     -0.9405
-1.253     0
-1.216     0.627
-1.284     0.0627
-1.284     -1.2854
-1.321     -1.5362
-1.31     -1.2541
-1.247     -0.5957
-1.237     0.0314
-1.237     -0.3449
-1.19     -1.2854
-1.274     -1.7243
-1.279     -1.787
-1.284     -1.5049
-1.268     -1.6616
-1.279     -1.9438
-1.294     -1.8811
-1.305     -1.5362
-1.3     -0.9405
-1.211     -0.7838
-1.206     -0.9092
-1.247     -1.066
-1.279     -0.8465
-1.268     -0.2508
-1.242     0.3762
-1.279     0.1254
-1.274     -0.8465
-1.237     -0.8151
-1.253     -0.8465
-1.263     -1.4735
-1.232     -1.0346
-1.2     -0.8465
-1.216     -0.7838
-1.268     -1.1287
-1.274     -1.8497
-1.258     -2.1946
-1.247     -1.5676
-1.247     -1.066
-1.232     -0.5957
-1.159     -0.4389
-1.169     -0.6584
-1.164     -0.2822
-1.19     0.2822
-1.232     0.3449
-1.216     -0.0314
-1.169     -0.6897
-1.18     -1.2227
-1.164     -1.2227
-1.148     -1.3481
-1.112     -1.3168
-1.164     -1.5676
-1.153     -1.4422
-1.148     -0.8151
-1.143     -0.4389
-1.143     -0.7524
-1.122     -0.9719
-1.091     -1.4735
-1.096     -1.4108
-1.08     -1.2227
-1.059     -1.0973
-1.059     -0.6897
-1.028     -0.4389
-0.945     -0.1568
-0.971     -0.2822
-0.913     -1.1287
-0.887     -1.6303
-0.96     -1.4108
-0.976     -1.3168
-0.96     -1.1914
-0.955     -1.1287
-0.934     -1.4422
-0.851     -0.8465
-0.814     -0.3762
-0.804     -0.3762
-0.778     -0.4703
-0.762     -0.9092
-0.772     -1.5676
-0.751     -1.8184
-0.736     -1.4422
-0.762     -0.9405
-0.778     -0.5643
-0.746     -0.4389
-0.778     -0.3762
-0.778     -0.8151
-0.783     -1.066
-0.778     -1.3168
-0.783     -1.6303
-0.814     -1.3795
-0.845     -0.5016
-0.851     -0.2822
-0.772     -0.1881
-0.767     -0.1881
-0.814     -0.2822
-0.851     -0.9405
-0.819     -1.7243
-0.809     -1.9752
-0.856     -1.0346
-0.882     -0.8778
-0.898     -1.3168
-0.819     -1.8184
-0.877     -1.9438
-0.856     -1.7557
-0.83     -1.5049
-0.767     -0.9092
-0.757     -0.9405
-0.741     -0.9719
-0.778     -0.8465
-0.772     -1.1287
-0.72     -0.4703
-0.71     0.1568
-0.689     -0.533
-0.71     -1.2854
-0.731     -1.4422
-0.715     -1.5676
-0.72     -1.2541
-0.736     -1.0033
-0.741     -1.2541
-0.731     -1.5049
-0.704     -1.9125
-0.736     -2.32
-0.741     -1.5362
-0.689     -1.5676
-0.684     -1.5989
-0.673     -1.0346
-0.725     -1.2227
-0.767     -1.16
-0.804     -0.8465
-0.793     -1.3795
-0.736     -1.7557
-0.783     -1.1914
-0.809     -1.066
-0.845     -1.3168
-0.851     -1.5989
-0.825     -1.2541
-0.809     -0.7524
-0.819     -1.16
-0.83     -1.7243
-0.798     -2.4454
-0.814     -2.9784
-0.861     -2.1006
-0.804     -1.2227
-0.751     -0.9719
-0.783     -1.16
-0.783     -1.0973
-0.83     -0.8465
-0.793     -0.3135
-0.788     -0.1568
-0.772     -0.4389
-0.751     -0.9719
-0.762     -1.4108
-0.788     -1.4735
-0.809     -1.0973
-0.835     -0.9719
-0.809     -1.0973
-0.772     -1.787
-0.757     -2.4768
-0.736     -2.6335
-0.741     -2.4454
-0.72     -1.8184
-0.71     -1.1287
-0.71     -1.2541
-0.699     -1.1914
-0.631     -0.9405
-0.642     -1.2541
-0.673     -0.8778
-0.657     -0.2822
-0.668     -0.3449
-0.673     -0.5957
-0.647     -1.3795
-0.647     -1.8811
-0.642     -1.7243
-0.637     -1.3168
-0.637     -1.2227
-0.6     -1.9125
-0.574     -2.2887
-0.537     -2.226
-0.563     -1.8811
-0.574     -1.5049
-0.511     -1.6303
-0.449     -2.1006
-0.454     -2.1319
-0.454     -1.4108
-0.355     -1.0033
-0.334     -1.0033
-0.313     -1.0033
-0.271     -1.1287
-0.271     -1.1914
-0.287     -1.066
-0.261     -0.8778
-0.235     -0.8151
-0.25     -1.3795
-0.282     -1.6303
-0.235     -1.5049
-0.188     -2.0065
-0.177     -1.8811
-0.229     -1.9125
-0.188     -2.1946
-0.12     -2.2887
-0.109     -2.2573
-0.109     -2.7276
-0.109     -2.3514
-0.088     -1.7557
-0.13     -1.1287
-0.156     -0.7211
-0.141     -0.8778
-0.13     -0.4076
-0.088     -0.2508
-0.031     -0.2822
-0.073     -0.8465
-0.083     -1.4108
-0.057     -1.6616
-0.094     -1.787
-0.099     -1.8184
-0.062     -2.0065
-0.062     -2.226
-0.036     -2.4768
0.011     -2.6649
-0.015     -2.6335
-0.057     -1.787
-0.057     -1.0346
-0.057     -0.9092
-0.01     -1.1914
-0.052     -1.16
-0.078     -0.9092
-0.041     -0.2822
-0.031     0
-0.031     -0.1568
-0.036     -0.9405
-0.062     -1.5049
-0.104     -1.2854
-0.088     -0.9719
-0.083     -0.8151
-0.104     -1.2227
-0.12     -2.0065
-0.094     -2.3827
-0.078     -2.1319
-0.062     -2.1633
-0.114     -2.32
-0.099     -1.9752
-0.078     -1.693
-0.114     -0.9405
-0.099     -0.2508
-0.125     -0.7211
-0.12     -0.9092
-0.104     -0.7524
-0.141     -0.7211
-0.156     -0.4076
-0.193     0.2195
-0.193     0.0941
-0.229     -0.8778
-0.255     -1.2227
-0.235     -1.1287
-0.235     -1.16
-0.261     -2.1006
-0.334     -2.4768
-0.37     -2.7589
-0.328     -2.6962
-0.318     -1.5049
-0.36     -1.0973
-0.422     -1.6616
-0.443     -1.4422
-0.475     -0.9719
-0.48     -0.3449
-0.412     0.3449
-0.428     0
-0.464     -0.9405
-0.496     -1.3481
-0.543     -0.8778
-0.511     -0.4076
-0.506     -0.8778
-0.49     -1.8811
-0.496     -2.5708
-0.543     -2.4141
-0.569     -1.6303
-0.548     -1.5362
-0.563     -2.5395
-0.548     -3.2292
-0.621     -1.9438
-0.605     -0.5957
-0.584     -0.9405
-0.59     -1.7243
-0.6     -1.4735
-0.579     -0.2508
-0.543     0.9405
-0.537     0.627
-0.532     -0.4703
-0.537     -1.2227
-0.527     -1.4108
-0.553     -1.0973
-0.553     -1.4108
-0.522     -1.7243
-0.506     -1.4422
-0.527     -1.693
-0.49     -2.1006
-0.449     -1.9438
-0.48     -1.9438
-0.469     -1.7243
-0.464     -1.5676
-0.469     -1.8811
-0.443     -1.3481
-0.412     -0.4076
-0.428     -0.2195
-0.417     -0.2822
-0.349     -0.5643
-0.365     -0.4389
-0.344     0.1568
-0.323     0.3449
-0.334     0.0941
-0.386     -0.3135
-0.339     -0.9092
-0.339     -1.8497
-0.37     -2.2573
-0.292     -2.5395
-0.271     -2.6649
-0.287     -2.6962
-0.323     -2.6335
-0.297     -1.9125
-0.271     -0.8465
-0.282     -0.7211
-0.271     -1.16
-0.219     -1.4422
-0.208     -1.4735
-0.214     -0.5643
-0.182     0.3762
-0.172     0.9405
-0.214     0.6584
-0.214     -0.1254
-0.198     -1.066
-0.188     -1.5049
-0.188     -2.0379
-0.193     -2.4768
-0.25     -2.9784
-0.235     -3.6368
-0.188     -3.3546
-0.167     -2.4141
-0.177     -1.787
-0.198     -1.5362
-0.167     -1.2541
-0.125     -1.0346
-0.141     -0.3762
-0.094     0.0627
-0.052     -1.1914
-0.067     -1.2541
-0.067     -0.3449
-0.104     -0.2508
-0.13     -0.4703
-0.026     -0.5957
0.011     -0.5957
0.006     -0.8465
0.006     -1.5049
-0.036     -2.5395
-0.062     -3.3546
-0.104     -3.3546
-0.062     -2.6962
-0.036     -2.32
-0.052     -1.693
-0.026     -1.1287
-0.041     -1.0033
-0.052     -0.9092
-0.057     -0.4703
-0.057     0.0314
-0.026     0.1254
-0.005     -0.4076
0.016     -0.9405
-0.026     -0.8778
-0.005     -0.3135
-0.026     -0.4076
-0.015     -0.9719
-0.005     -1.4422
0.006     -1.5362
0     -1.1287
0.053     -2.3514
0     -4.5773
-0.057     -3.5427
0.016     -1.1287
0.047     -1.1287
0.068     -2.0692
0.121     -1.787
0.094     0.0314
0.053     1.3481
0.047     1.0346
0.079     -0.6897
0.074     -1.9125
0.042     -1.3481
0.037     0.1568
0.089     0.4703
0.121     -0.627
0.136     -1.0973
0.1     -1.4108
0.105     -1.4735
0.094     -1.16
0.089     -1.4422
0.147     -2.32
0.194     -3.1038
0.209     -2.8844
0.168     -1.8811
0.136     -0.9092
0.168     0.1254
0.188     -0.0314
0.178     -1.9125
0.194     -1.9752
0.152     0.3135
0.188     0.5643
0.209     -1.5049
0.23     -2.7903
0.23     -1.7243
0.225     0.2508
0.277     0.6584
0.272     -1.0973
0.235     -3.7622
0.225     -4.2325
0.241     -2.0692
0.262     -0.8778
0.22     -1.2227
0.147     -1.6616
0.194     -1.5362
0.262     -1.787
0.267     -1.7557
0.272     -0.9719
0.308     -0.7838
0.329     -1.0973
0.267     -0.8778
0.246     -1.1287
0.314     -1.066
0.34     -0.5957
0.355     -0.7838
0.382     -1.4735
0.361     -2.4768
0.371     -2.9157
0.371     -2.0065
0.402     -1.0973
0.35     -0.8778
0.319     -1.2854
0.397     -2.4768
0.366     -2.0692
0.35     -0.5643
0.387     0.0314
0.361     -0.4389
0.371     -1.5362
0.418     -2.3827
0.402     -1.0033
0.429     1.2227
0.402     1.787
0.46     0.4703
0.47     -1.5049
0.449     -1.9752
0.449     -1.4735
0.455     -1.1914
0.418     -1.2854
0.402     -1.5989
0.413     -1.4108
0.423     -0.6897
0.387     -0.5957
0.329     -1.4108
0.355     -1.1287
0.423     -1.2854
0.402     -1.1287
0.402     0.0627
0.429     0.0627
0.402     -1.066
0.418     -0.7211
0.418     0.5016
0.439     0.7211
0.35     -0.0627
0.34     -1.0346
0.376     -1.5676
0.423     -1.5049
0.402     -1.0346
0.376     -1.16
0.413     -2.1946
0.413     -1.6303
0.418     -0.6584
0.408     -0.533
0.361     -0.533
0.402     -0.9719
0.376     -1.5989
0.376     -1.16
0.413     -0.6897
0.366     -0.8151
0.392     -1.066
0.402     -1.5049
0.434     -1.2541
0.402     -0.9405
0.418     -1.5989
0.413     -1.8497
0.439     -1.8497
0.449     -1.9752
0.455     -2.2887
0.455     -2.32
0.439     -1.9752
0.434     -1.8811
0.434     -2.3514
0.47     -1.8184
0.507     -1.0973
0.449     -0.627
0.418     -0.7524
0.476     -1.5362
0.491     -2.7903
0.517     -2.4454
0.538     -1.4422
0.507     -1.4735
0.512     -1.3795
0.549     -1.5989
0.575     -1.7243
0.575     -1.8184
0.59     -1.5989
0.559     -1.2227
0.564     -1.16
0.549     -1.1287
0.57     -1.6616
0.611     -2.1319
0.632     -1.16
0.601     -0.1568
0.617     -0.5016
0.716     -1.3481
0.7     -1.787
0.7     -1.9438
0.752     -1.4108
0.752     -0.6584
0.773     -1.066
0.773     -2.0692
0.768     -2.8216
0.836     -2.1006
0.862     -1.5049
0.883     -1.6616
0.878     -2.1006
0.846     -2.3827
0.878     -1.9438
0.935     -1.066
0.945     -1.4735
0.951     -1.8811
0.992     0.0314
1.029     -0.2822
1.013     -1.4108
0.951     -1.8184
0.992     -1.2854
1.008     -0.9092
1.066     -1.787
1.05     -2.4141
0.982     -2.6962
1.029     -2.226
1.019     -1.5989
1.024     -1.7243
0.977     -2.2573
0.93     -2.3514
0.893     -2.1946
0.909     -1.5989
0.945     -1.5676
0.919     -1.8184
0.898     -0.9405
0.956     -0.7524
0.972     -1.16
0.93     -1.0033
0.904     -1.6616
0.925     -1.5676
0.945     -0.4703
0.852     -1.1914
0.836     -1.7243
0.836     -1.8497
0.831     -2.32
0.825     -2.4768
0.846     -1.4422
0.799     -0.9092
0.841     -1.4422
0.81     -1.7557
0.81     -1.9125
0.81     -1.1287
0.799     -0.7524
0.815     -1.0033
0.789     -1.4422
0.82     -1.7243
0.846     -0.9405
0.857     -0.6584
0.841     -1.5362
0.773     -1.5362
0.778     -1.1914
0.784     -0.9719
0.752     -1.3795
0.742     -2.0379
0.711     -1.3481
0.726     -1.2541
0.726     -2.1006
0.684     -2.3827
0.721     -2.4768
0.705     -1.4735
0.721     -0.3449
0.731     -0.9719
0.721     -1.9752
0.721     -1.6616
0.679     -1.3168
0.664     -1.2854
0.716     -0.8465
0.705     -1.1287
0.695     -1.2541
0.637     -0.6584
0.69     -0.8778
0.684     -1.5676
0.711     -2.32
0.679     -2.7276
0.653     -2.4141
0.653     -2.1319
0.695     -1.5676
0.695     -1.7557
0.711     -2.1633
0.711     -1.6616
0.726     -0.9719
0.721     -0.3762
0.7     -0.0314
0.721     -0.8465
0.747     -2.4454
0.752     -1.8811
0.731     -0.5016
0.731     -0.2822
0.752     -0.9405
0.737     -2.1946
0.711     -1.9125
0.7     -0.533
0.711     -0.8778
0.705     -2.3827
0.695     -2.6962
0.726     -2.0692
0.695     -1.6616
0.674     -2.0065
0.674     -2.2573
0.716     -1.9125
0.716     -0.8778
0.747     -0.3449
0.726     -0.9092
0.737     -1.8497
0.742     -1.6303
0.726     -0.7524
0.726     -1.16
0.726     -1.5676
0.711     -1.9438
0.768     -2.1946
0.721     -1.4735
0.658     -0.7524
0.648     -1.0973
0.617     -1.9752
0.622     -2.1319
0.57     -2.226
0.543     -1.1914
0.528     -0.9719
0.538     -1.1914
0.507     -1.4422
0.533     -1.1914
0.481     -0.4076
0.444     -0.3449
0.423     -0.8465
0.418     -1.9752
0.434     -2.1946
0.423     -2.0379
0.361     -1.7243
0.345     -1.4108
0.293     -1.7557
0.251     -1.8184
0.194     -1.5676
0.204     -1.6303
0.262     -1.4108
0.251     -1.5676
0.246     -2.1006
0.241     -2.2573
0.152     -1.9752
0.084     -0.9719
0.131     -0.4076
0.162     -0.1881
0.115     -0.4389
0.094     -1.0346
0.089     -1.8184
0.126     -2.853
0.068     -2.2887
0.042     -1.1287
0.089     -2.0065
0.1     -2.5081
0.074     -2.3514
0.089     -2.1319
0.042     -0.7838
0.042     -0.2822
0.021     -1.7557
0.047     -2.5395
0.032     -1.8184
0.079     -1.4422
0.079     -1.3168
0.058     -0.4703
0.11     -0.9092
0.126     -1.8811
0.126     -1.8184
0.131     -1.1914
0.136     -0.5016
0.183     -0.7211
0.194     -1.7243
0.22     -2.6962
0.319     -2.4768
0.324     -1.9438
0.288     -1.787
0.308     -1.3481
0.314     -1.4422
0.335     -2.0692
0.402     -2.1319
0.413     -2.0065
0.413     -1.9752
0.465     -1.0973
0.491     -0.7524
0.523     -1.787
0.575     -2.3514
0.585     -1.5676
0.57     -0.7838
0.643     -1.1287
0.627     -1.5049
0.622     -1.9752
0.711     -1.8184
0.794     -0.5016
0.794     -0.6897
0.763     -1.5676
0.831     -1.6303
0.919     -1.787
0.904     -2.5708
0.898     -2.2887
0.966     -1.3795
1.029     -0.1881
1.05     -1.0346
1.06     -2.1633
1.086     -2.32
1.16     -1.9752
1.165     -0.8465
1.118     -0.627
1.118     -1.3481
1.191     -1.2541
1.186     -1.4422
1.269     -1.3795
1.29     -1.066
1.269     -1.8184
1.321     -2.3827
1.337     -2.0065
1.332     -1.5989
1.337     -1.2854
1.358     -1.9438
1.358     -1.8184
1.395     -1.0973
1.421     -0.0627
1.41     -0.1254
1.447     -0.8778
1.483     -1.5676
1.468     -2.32
1.525     -2.4768
1.525     -2.0692
1.52     -1.4735
1.499     -1.16
1.556     -1.8184
1.515     -2.4454
1.577     -2.5708
1.546     -1.8811
1.541     -1.1914
1.53     -1.6616
1.562     -1.8811
1.577     -1.5676
1.546     -1.2541
1.515     -1.1287
1.504     -1.2227
1.556     -0.9092
1.52     -1.5049
1.546     -2.6649
1.535     -2.4768
1.504     -1.8497
1.473     -1.0346
1.473     -0.6897
1.515     -1.4108
1.473     -2.1633
1.478     -1.9752
1.541     -1.4108
1.504     -1.0973
1.494     -1.1914
1.468     -1.2227
1.395     -1.2541
1.395     -1.4735
1.421     -2.0692
1.421     -2.0379
1.426     -1.787
1.478     -1.4422
1.363     -0.8778
1.363     -0.7524
1.4     -1.066
1.395     -1.5049
1.415     -2.0379
1.431     -1.693
1.452     -1.3168
1.421     -1.9125
1.374     -2.3827
1.426     -1.787
1.405     -0.8465
1.368     -0.3135
1.4     -1.0346
1.426     -2.3827
1.384     -2.6962
1.353     -1.693
1.332     -0.3135
1.358     -0.1881
1.41     -1.0033
1.389     -1.5989
1.421     -1.693
1.431     -1.8497
1.358     -1.6303
1.342     -2.1319
1.41     -2.3827
1.452     -1.5989
1.415     -1.4735
1.4     -1.4108
1.421     -1.16
1.504     -1.3481
1.535     -1.3795
1.52     -1.0973
1.509     -0.9719
1.499     -1.3168
1.541     -2.0065
1.546     -1.5989
1.582     -1.4422
1.624     -1.2854
1.708     -0.533
1.718     -1.2854
1.75     -2.32
1.723     -2.2887
1.703     -2.2573
1.661     -1.9125
1.676     -1.6616
1.708     -1.8184
1.718     -1.9752
1.723     -1.7243
1.791     -1.9125
1.817     -1.9438
1.828     -1.2227
1.786     -0.5643
1.838     -0.3135
1.885     -0.9719
1.88     -1.8184
1.948     -2.1006
1.943     -2.1319
1.953     -1.8184
2.016     -1.2854
2     -1.3795
1.943     -1.7243
1.979     -1.7557
2.005     -2.2887
2.047     -2.8216
2.011     -2.4768
2.005     -2.0065
2.073     -1.4108
2.115     -1.8811
2.162     -3.0411
2.157     -2.7276
2.141     -1.693
2.12     -1.066
2.178     -1.3168
2.24     -1.8811
2.308     -1.8184
2.324     -0.9092
2.345     -1.0033
2.319     -1.8184
2.282     -2.6022
2.277     -1.6303
2.287     -0.6584
2.324     -1.3795
2.313     -3.0098
2.266     -3.7935
2.256     -2.9471
2.261     -1.2541
2.319     -0.3762
2.303     -1.0346
2.272     -2.1006
2.293     -2.3827
2.298     -1.6616
2.293     -1.1287
2.308     -1.066
2.376     -1.693
2.303     -2.6335
2.303     -2.3514
2.371     -1.4422
2.381     -1.7557
2.376     -2.9471
2.355     -2.8216
2.355     -1.5362
2.387     -0.8465
2.376     -1.066
2.423     -1.9125
2.454     -2.4454
2.486     -2.3514
2.528     -1.1287
2.543     -0.7524
2.507     -1.3795
2.533     -1.5049
2.632     -1.1914
2.637     -1.5676
2.601     -1.6303
2.585     -1.5049
2.585     -1.5049
2.627     -0.9719
2.679     -0.9405
2.7     -2.1946
2.71     -2.8216
2.653     -2.32
2.627     -1.5049
2.695     -1.066
2.726     -1.16
2.648     -1.5676
2.658     -1.787
2.642     -2.1319
2.632     -2.226
2.627     -2.1946
2.689     -1.693
2.721     -1.2854
2.726     -1.5049
2.7     -1.3168
2.7     -1.5362
2.663     -2.2887
2.648     -1.8811
2.668     -1.8184
2.71     -2.4768
2.663     -2.3514
2.684     -1.5362
2.627     -0.9405
2.606     -1.0346
2.689     -2.1319
2.663     -3.0725
2.653     -2.6649
2.674     -1.6303
2.71     -0.7838
2.71     -1.7557
2.721     -2.6022
2.726     -2.2887
2.715     -1.4108
2.721     -0.4389
2.731     -0.9405
2.742     -2.1946
2.736     -2.8216
2.804     -2.7276
2.825     -2.853
2.809     -2.7903
2.815     -2.0065
2.83     -1.4422
2.815     -1.3795
2.768     -1.9752
2.804     -2.1633
2.851     -1.693
2.862     -1.8811
2.851     -2.1946
2.815     -2.1319
2.841     -1.693
2.83     -0.7524
2.783     -0.5643
2.778     -1.6303
2.768     -2.1633
2.815     -2.3827
2.815     -2.6022
2.815     -2.1946
2.778     -2.1006
2.799     -2.0692
2.773     -1.9752
2.762     -2.4141
2.815     -2.6962
2.809     -2.853
2.804     -1.8497
2.841     -0.4389
2.846     -0.627
2.841     -1.3481
2.851     -1.6303
2.778     -1.6616
2.747     -0.7211
2.747     -0.3135
2.762     -2.2573
2.768     -2.6022
2.736     -2.32
2.799     -2.2573
2.867     -2.8216
2.836     -3.2606
2.815     -3.0098
2.789     -2.7903
2.789     -2.0379
2.762     -1.3481
2.757     -1.0346
2.825     -0.9719
2.83     -1.3168
2.82     -1.0346
2.867     -0.2508
2.872     0.0941
2.856     -0.6897
2.836     -1.6303
2.851     -2.6022
2.919     -2.5395
2.903     -2.3514
2.903     -2.1633
2.966     -1.7243
2.971     -2.1946
3.024     -2.853
3.018     -2.5708
3.003     -2.6022
3.018     -1.9752
3.071     -1.3481
3.086     -1.2541
3.112     -1.1914
3.138     -1.1287
3.107     -1.0033
3.149     -1.1914
3.243     -1.5049
3.274     -1.5676
3.248     -1.5049
3.238     -1.9125
3.285     -2.0379
3.305     -2.0065
3.258     -2.32
3.321     -2.6962
3.358     -2.853
3.358     -3.2292
3.389     -2.6962
3.384     -2.1633
3.389     -2.2573
3.399     -2.1946
3.431     -2.5081
3.415     -2.1006
3.399     -1.5049
3.394     -1.3481
3.426     -1.5049
3.441     -1.8184
3.436     -2.2573
3.478     -2.226
3.488     -2.0692
3.53     -2.1319
3.598     -1.9752
3.54     -2.0692
3.525     -2.6962
3.535     -3.2919
3.582     -3.3233
3.556     -3.0411
3.509     -3.1979
3.567     -3.0098
3.587     -1.787
3.619     -0.7838
3.582     -1.2541
3.614     -1.787
3.645     -1.8811
3.671     -0.8465
3.687     -0.4076
3.692     -1.5676
3.671     -2.6335
3.655     -2.9157
3.676     -2.1633
3.702     -1.2541
3.64     -1.8497
3.629     -2.7276
3.687     -2.6649
3.723     -2.4454
3.718     -2.1319
3.77     -1.8811
3.765     -1.9438
3.739     -1.7557
3.781     -1.066
3.838     -0.3135
3.89     -0.627
3.864     -1.066
3.911     -1.7243
3.927     -1.4422
3.922     -1.8497
3.88     -2.32
3.885     -1.8497
3.906     -2.1006
3.854     -2.226
3.859     -2.4768
3.911     -2.6022
3.942     -1.8811
3.942     -1.5362
3.927     -1.693
3.911     -1.4735
3.875     -1.2227
3.854     -1.0033
3.848     -1.4735
3.838     -2.2887
3.843     -1.8497
3.848     -1.1287
3.807     -2.32
3.822     -2.853
3.807     -2.7589
3.791     -1.8184
3.775     -1.6616
3.76     -2.4454
3.781     -3.2606
3.77     -2.9471
3.734     -2.2573
3.76     -1.9752
3.76     -2.4141
3.765     -0.5643
3.791     -0.2508
3.781     -1.3795
3.713     -1.4422
3.723     -2.6962
3.723     -3.8563
3.64     -1.2541
3.713     1.066
3.765     -0.1568
3.728     -1.8497
3.692     -2.7589
3.687     -4.1384
3.676     -4.1071
3.65     -2.0065
3.655     -0.6584
3.713     -0.6897
3.687     -0.9719
3.614     -1.7243
3.603     -3.1352
3.624     -2.6022
3.661     -1.7557
3.634     -1.9125
3.614     -1.2227
3.619     0.3762
3.551     0.6584
3.546     -1.0973
3.598     -3.1665
3.582     -2.7589
3.593     -1.3795
3.593     -0.7838
3.535     -0.6897
3.551     -1.4422
3.577     -3.5427
3.603     -3.6681
3.535     -1.9752
3.561     -1.693
3.655     -1.4108
3.614     -1.1914
3.572     -1.787
3.551     -2.4768
3.52     -2.1319
3.52     -0.8778
3.535     0
3.582     0.5643
3.54     0.2508
3.499     -1.8811
3.473     -4.0444
3.446     -3.7935
3.452     -2.6649
3.457     -1.8184
3.436     -1.2227
3.446     -1.4108
3.478     -2.5081
3.499     -3.7622
3.478     -3.6368
3.483     -2.3514
3.493     -0.9092
3.504     0.0314
3.509     0.0314
3.535     -1.066
3.499     -1.1914
3.483     -0.9092
3.467     -1.4735
3.535     -2.4768
3.551     -2.7276
3.54     -1.8497
3.614     -0.9092
3.598     -1.066
3.582     -2.1633
3.593     -3.1665
3.65     -3.7308
3.708     -3.1038
3.718     -1.8811
3.661     -2.0065
3.666     -2.3827
3.728     -2.1633
3.765     -2.1633
3.744     -1.4108
3.739     -0.5016
3.802     -0.2822
3.859     -0.1254
3.911     -1.16
3.911     -2.7589
3.911     -3.7308
3.885     -3.386
3.869     -1.8811
3.848     -0.4076
3.895     -0.2508
3.848     -1.3168
3.864     -1.9125
3.88     -3.0098
3.88     -3.4173
3.838     -3.3233
3.864     -2.1633
3.901     0.0941
3.937     0.5957
3.927     -0.627
3.922     -1.6616
3.875     -1.787
3.895     -0.2822
3.932     -0.6897
3.906     -2.2887
3.869     -2.5708
3.864     -2.0065
3.843     -2.0065
3.864     -1.7557
3.822     -2.1633
3.843     -3.0725
3.88     -3.1038
3.875     -2.1946
3.828     -1.7557
3.817     -2.3514
3.807     -2.3827
3.817     -1.7557
3.869     -1.066
3.875     0
3.833     0.4076
3.838     -1.5676
3.859     -3.3233
3.843     -2.3827
3.906     -0.6584
3.89     -0.0314
3.88     -0.5957
3.906     -1.6303
3.901     -2.7903
3.89     -3.1352
3.895     -2.4141
3.932     -1.6616
3.932     -2.2573
3.885     -2.1319
3.922     -1.066
3.927     -1.0346
3.974     -1.16
4.042     -1.4108
3.979     -2.1946
3.969     -2.0065
3.916     -1.0973
3.953     -0.627
4.021     -1.1287
4.021     -1.9125
4.094     -2.6335
4.146     -3.1665
4.162     -2.6022
4.13     -1.5049
4.136     -1.6303
4.115     -2.3827
4.083     -1.9438
4.11     -1.3168
4.11     -1.4108
4.12     -1.6616
4.157     -2.1946
4.12     -1.7243
4.104     -0.5957
4.115     -0.1568
4.136     -1.2854
4.11     -2.5395
4.11     -2.2887
4.167     -0.8778
4.13     -0.8151
4.104     -1.9752
4.078     -2.1633
4.052     -2.32
4.099     -2.3514
4.11     -1.8184
4.12     -1.9125
4.089     -2.0379
4.089     -2.226
4.089     -2.2573
4.063     -1.787
4.068     -2.2573
4.01     -2.32
4.068     -1.8497
4.089     -2.0065
4.136     -1.6303
4.177     -1.0033
4.172     -1.5362
4.193     -2.4768
4.157     -2.6335
4.094     -1.5362
4.162     -0.533
4.209     -0.8778
4.193     -1.7557
4.251     -2.4141
4.245     -2.5395
4.251     -1.7243
4.292     -1.2854
4.287     -2.0065
4.266     -2.2573
4.245     -2.2573
4.219     -1.8811
4.277     -1.5049
4.303     -1.6616
4.292     -1.4735
4.339     -1.5049
4.345     -1.5049
4.35     -1.1287
4.381     -1.0346
4.407     -1.8184
4.423     -1.9125
4.449     -2.0065
4.438     -2.32
4.423     -1.7243
4.397     -1.5362
4.433     -1.6616
4.465     -1.5049
4.48     -1.7557
4.47     -1.8497
4.485     -1.7243
4.475     -1.2854
4.459     -1.7243
4.47     -2.32
4.527     -2.4141
4.543     -2.3514
4.595     -2.1319
4.606     -1.3795
4.595     -1.066
4.595     -1.5362
4.626     -1.8497
4.684     -1.8811
4.694     -1.8497
4.71     -1.787
4.653     -1.693
4.606     -1.693
4.606     -2.1946
4.679     -2.5395
4.705     -2.3827
4.689     -2.32
4.663     -2.5708
4.731     -2.0065
4.794     -2.1633
4.778     -2.4141
4.747     -2.0065
4.741     -1.7243
4.783     -1.3481
4.762     -1.8184
4.809     -2.1633
4.778     -1.787
4.799     -1.7243
4.851     -1.066
4.82     -0.627
4.799     -1.787
4.888     -2.7276
4.919     -2.4454
4.908     -1.8184
4.882     -1.6303
4.882     -2.6022
4.872     -3.4487
4.851     -3.3233
4.898     -2.8216
4.924     -2.3514
4.95     -2.0065
5.008     -2.4768
5.034     -2.2573
5.013     -2.1633
5.023     -2.6962
5.013     -2.6962
5.023     -2.3514
5.044     -2.4141
5.107     -1.8497
5.117     -1.16
5.102     -1.2541
5.112     -1.2227
5.159     -1.4422
5.159     -1.2854
5.086     -1.7243
5.128     -2.6649
5.164     -2.6649
5.117     -2.3827
5.102     -2.0692
5.107     -2.0379
5.049     -2.9471
5.018     -3.5741
5.018     -2.9157
5.055     -2.1946
5.128     -2.226
5.112     -2.0065
5.081     -1.6303
5.065     -1.0346
5.039     -1.0973
4.961     -1.2854
5.008     -0.6584
5.049     -1.0346
5.034     -1.7557
5.06     -1.693
5.034     -1.9125
4.976     -1.8811
5.039     -2.0379
5.07     -2.7589
4.997     -3.1352
4.955     -3.3233
4.95     -3.0098
4.935     -2.32
4.935     -2.1633
4.914     -2.0065
4.882     -1.5049
4.903     -1.16
4.961     -1.1287
4.924     -1.0346
4.971     -1.4108
4.987     -1.4422
4.966     -1.4108
4.919     -1.5362
4.935     -1.4422
4.945     -1.5989
4.919     -1.5362
4.95     -1.6303
4.94     -2.6022
4.898     -2.8216
4.919     -2.2887
4.961     -2.4141
5.002     -2.4141
5.002     -2.3827
4.966     -2.32
4.945     -1.4108
4.997     -0.7838
5.002     -1.2227
4.966     -1.6616
4.966     -1.787
4.982     -1.2854
4.955     -1.4108
4.95     -1.0973
4.914     -1.4108
4.955     -1.1914
4.971     -1.3168
4.95     -1.8184
4.966     -2.1006
4.997     -2.5395
4.992     -3.0725
4.982     -2.9784
4.955     -2.6335
4.919     -2.6649
4.893     -2.5708
4.982     -2.32
5.044     -1.8497
5.013     -1.2227
5.023     -1.6616
5.055     -1.9752
5.044     -1.4735
4.971     -1.0346
5.002     -0.5643
5.081     -1.2227
5.107     -2.6022
5.07     -2.6962
5.096     -1.693
5.149     -1.2854
5.154     -2.226
5.159     -3.4173
5.164     -3.6054
5.122     -2.4141
5.096     -1.5989
5.117     -1.6616
5.112     -2.1006
5.143     -2.1006
5.164     -1.2854
5.175     -0.7211
5.18     -1.16
5.143     -1.5989
5.216     -1.5989
5.305     -1.3795
5.253     -1.0973
5.185     -1.16
5.216     -1.7557
5.274     -2.1319
5.232     -2.0065
5.222     -2.1633
5.29     -2.2573
5.284     -2.3514
5.258     -2.8844
5.269     -3.4173
5.216     -2.9471
5.243     -2.1319
5.206     -2.0692
5.196     -2.0692
5.206     -1.5676
5.232     -1.2227
5.232     -0.7211
5.232     -1.0973
5.237     -1.5676
5.222     -1.6303
5.253     -1.16
5.305     -0.7524
5.279     -1.0973
5.284     -2.5081
5.279     -2.8216
5.248     -2.4454
5.321     -2.2573
5.331     -2.3514
5.284     -3.3546
5.243     -4.1384
5.248     -3.4173
5.269     -2.3827
5.222     -1.8811
5.216     -1.9752
5.196     -2.1319
5.227     -1.8497
5.263     -0.9719
5.263     -0.6584
5.284     -0.8465
5.337     -1.0973
5.347     -1.2854
5.29     -1.0033
5.3     -1.16
5.316     -1.9125
5.326     -2.6649
5.331     -3.1665
5.373     -3.0725
5.331     -3.1979
5.258     -3.4487
5.31     -2.9157
5.316     -2.6022
5.31     -2.3514
5.331     -2.4768
5.352     -2.6962
5.363     -2.0379
5.373     -0.5643
5.384     -0.1254
5.363     -0.1881
5.363     -0.1881
5.415     -0.8778
5.399     -1.2854
5.436     -1.2541
5.457     -1.5049
5.41     -1.8184
5.342     -2.7903
5.342     -4.4833
5.357     -4.2952
5.368     -2.853
5.389     -3.0411
5.394     -3.3233
5.389     -3.2292
5.394     -2.1319
5.425     -1.0973
5.42     -0.3762
5.399     -1.0973
5.404     -1.0973
5.415     -0.0941
5.431     0.0941
5.41     -0.4389
5.368     -0.9405
5.431     -1.5676
5.467     -1.9125
5.431     -2.226
5.441     -3.0725
5.451     -3.2919
5.509     -2.853
5.462     -2.4768
5.467     -2.9157
5.493     -3.6368
5.519     -3.386
5.535     -2.32
5.53     -1.4108
5.53     -0.8778
5.556     -0.4703
5.618     -0.3135
5.603     -0.3449
5.592     -0.1254
5.613     -0.4703
5.572     -1.2227
5.561     -2.1946
5.608     -1.4735
5.608     -1.0346
5.624     -3.48
5.702     -4.4519
5.692     -3.919
5.624     -4.4519
5.645     -3.5427
5.655     -2.226
5.697     -2.32
5.697     -2.0065
5.665     -0.7838
5.707     -0.5957
5.775     -0.5016
5.707     -0.627
5.754     -2.0692
5.739     -2.6335
5.739     -1.2541
5.77     0.1254
5.827     0.2195
5.817     -0.9405
5.796     -2.1946
5.812     -3.1979
5.822     -3.9503
5.822     -4.1384
5.838     -3.8249
5.869     -3.7622
5.859     -3.0411
5.869     -1.5676
5.843     -1.16
5.885     -1.9752
5.927     -2.6649
5.932     -2.1633
5.869     -1.3481
5.88     -0.3762
5.906     1.0346
5.984     1.0033
6     -0.1881
5.989     -0.5643
5.979     -1.8497
5.963     -3.0098
5.958     -3.0411
5.974     -2.6335
5.994     -2.6335
5.953     -2.5708
5.989     -1.9438
5.984     -1.8811
6.015     -2.4768
6.026     -2.4768
6.021     -2.0692
6.057     -2.5395
6.026     -2.226
6.015     -1.1287
6.047     -0.2195
