Distance_nm     Force_uN
-0.021     -1.215
-0.016     -0.972
0.086     -0.081
0.081     0
0.129     -1.458
0.221     -2.025
0.199     -1.053
0.328     -1.782
0.35     -1.377
0.377     -0.486
0.457     -0.729
0.495     -1.296
0.538     -0.405
0.667     -2.187
0.672     -2.106
0.715     -0.648
0.764     -0.567
0.86     -1.701
0.93     -1.215
0.93     -1.215
1.027     0.162
1.065     0.729
1.156     -0.648
1.237     -1.863
1.247     -0.729
1.376     -1.053
1.371     -1.782
1.484     0.243
1.522     0
1.565     -1.62
1.602     -1.134
1.667     -1.62
1.667     -1.62
1.887     -0.243
1.882     -0.162
1.968     -1.134
2.059     -1.215
2.097     -0.729
2.113     -0.567
2.193     -0.972
2.231     -0.729
2.398     -1.863
2.387     -1.296
2.425     -2.106
2.618     -0.243
2.634     -1.215
2.71     -1.863
2.779     -1.539
2.908     -0.729
2.962     -0.81
3.059     -0.729
3.134     -0.81
3.183     -0.81
3.188     -1.296
3.355     -1.62
3.349     0.648
3.478     0.162
3.521     -1.296
3.666     -1.782
3.779     -1.458
3.801     -1.296
3.871     -1.296
3.978     -0.648
4.053     -1.458
4.15     -0.972
4.182     -1.782
4.225     -1.296
4.44     -0.324
4.435     -0.81
4.575     -1.944
4.586     -1.863
4.698     -1.296
4.849     -0.567
4.876     -0.891
5.075     -2.835
5.155     -3.321
5.198     -0.891
5.279     -0.729
5.403     -0.729
5.58     -0.648
5.623     0
5.747     -1.863
5.854     -1.782
5.865     -0.405
6.059     -0.405
6.123     -0.972
6.166     -1.863
6.311     -1.863
6.462     -2.025
6.596     -0.729
6.709     -0.567
6.72     -1.215
6.827     -1.215
6.929     -0.729
6.978     -0.891
7.268     -1.539
7.386     -0.972
7.591     -2.187
7.639     -1.944
7.843     -0.729
7.886     -1.215
7.913     -2.673
8.176     -1.377
8.23     -1.296
8.327     -1.053
8.515     -0.243
8.542     -0.972
8.875     -0.567
8.902     -1.215
8.999     -1.458
9.133     -1.863
9.209     -1.62
9.493     -1.701
9.547     -2.106
9.692     -1.944
9.891     -1.458
9.983     -0.243
10.058     -0.891
10.268     -2.106
10.364     -1.863
10.633     -1.539
10.746     -0.648
10.789     -0.81
11.176     -0.972
11.165     -1.62
11.396     -1.863
11.504     -1.944
11.601     -1.134
11.961     -1.053
11.988     -1.134
12.289     -1.134
12.434     -2.025
12.525     -2.106
12.724     -1.296
12.928     -0.972
13.133     -2.835
13.348     -2.268
13.482     -1.863
13.638     -1.377
13.934     -0.891
13.971     -1.377
14.385     -2.187
14.423     -1.296
14.622     -2.187
14.885     -1.863
14.971     0.324
15.111     0.081
15.536     -1.053
15.563     -1.62
16.052     -1.458
16.154     -1.782
16.31     -1.215
16.761     -0.972
16.863     -1.782
17.267     -1.458
17.439     -1.539
17.519     -1.134
18.035     -0.81
18.057     -1.944
18.487     -0.567
18.702     -2.835
18.815     -2.187
19.395     -1.944
19.411     -1.701
19.847     -2.025
20.051     -1.377
20.191     -0.648
20.583     -0.972
20.895     -0.81
21.013     -1.377
21.68     -0.891
22.212     -1.944
22.486     -2.43
22.599     -1.701
22.986     -1.782
23.411     -1.458
23.459     -1.701
24.228     -0.486
24.346     -1.215
24.669     -1.134
25.271     -0.405
25.292     -0.162
26.125     -0.891
26.255     -0.405
26.599     -0.81
27.27     -2.025
27.55     -1.863
28.157     -0.648
28.437     -1.053
28.706     -0.972
29.512     -1.701
29.577     -2.106
30.453     -2.916
30.705     0.162
30.899     0.081
31.867     -1.863
32.157     -1.296
32.877     -1.458
33.178     -2.106
33.447     -1.377
34.587     -1.701
34.759     -2.511
35.99     -1.215
35.952     -1.215
36.871     -1.215
37.42     -0.972
37.624     -1.296
38.317     -1.944
39.081     -1.539
39.79     -0.648
40.473     -0.567
40.618     -1.296
41.328     -0.891
42.225     -0.729
42.93     -2.025
43.725     -1.539
43.87     0.567
45.418     -1.296
45.58     -2.025
46.155     -2.106
47.456     -0.648
47.461     -1.053
48.929     -1.215
49.262     -0.486
49.816     -2.916
50.875     -2.511
51.203     -0.81
52.761     -1.053
53.165     -0.81
53.622     -1.377
54.767     -1.701
55.175     -1.701
56.815     -1.539
57.395     -1.863
57.632     -1.053
59.357     -1.944
59.389     -1.944
60.895     -0.972
61.55     -1.539
61.776     -2.187
63.776     -1.944
63.819     -1.458
65.141     -1.134
66.259     -0.81
67.372     -0.648
68.399     -1.863
69.608     -1.782
70.538     -1.377
70.694     -0.648
71.71     -0.243
72.984     -1.377
74.065     -0.648
75.253     -0.81
75.479     -1.215
76.344     -0.648
77.838     -2.025
78.596     -2.268
79.956     -1.134
80.295     -1.863
80.919     -2.187
82.746     -1.863
83.295     -1.296
84.8     -1.782
85.37     -2.349
87.38     -1.134
87.971     -0.891
88.294     -0.567
90.498     -1.377
90.45     -1.458
92.315     9.639
93.078     11.016
93.385     9.234
95.669     11.259
95.658     9.396
97.357     10.692
98.276     16.119
98.454     16.524
100.991     24.138
101.104     23.652
102.448     24.543
103.668     24.462
103.765     29.079
106.286     40.905
106.447     41.148
107.587     44.307
109.076     45.036
109.156     43.254
111.602     54.108
111.801     50.949
112.78     52.893
114.494     54.837
115.441     56.052
117.016     61.317
117.311     63.342
119.768     69.822
120.187     72.171
120.859     74.763
123.031     81.162
122.956     82.296
125.138     86.184
125.708     89.424
126.251     92.421
128.632     95.337
128.605     97.524
130.626     108.054
131.336     107.325
131.696     109.107
134.18     114.615
134.411     116.397
136.98     124.254
137.05     118.665
138.819     125.631
139.846     126.198
139.953     131.544
142.678     137.538
144.264     138.915
145.528     147.339
145.662     151.551
146.92     150.66
148.538     159.489
149.715     161.433
151.193     164.511
151.408     171.153
153.983     172.449
154.295     178.362
155.01     177.957
156.746     181.44
157.273     187.677
159.703     193.347
160.257     195.453
160.708     205.092
162.477     209.871
163.122     210.6
163.606     215.055
166.164     222.669
166.207     218.781
168.266     227.448
169.083     228.906
169.438     222.993
172.045     232.146
172.061     236.115
173.878     247.536
174.943     248.184
175.131     252.396
176.657     259.281
177.942     252.315
179.506     260.01
180.829     262.602
181.103     254.664
183.925     267.381
184.065     269.325
185.382     279.936
187.086     281.394
187.075     286.335
189.801     292.734
190.016     292.572
191.059     299.538
193.042     307.395
193.117     302.373
195.811     315.576
196.176     312.741
197.052     312.012
199.154     319.95
199.127     323.028
201.718     330.48
202.31     330.723
202.815     335.097
204.643     340.119
205.444     341.496
207.728     350.73
208.465     350.649
208.868     350.973
211.48     364.581
211.491     362.961
213.528     371.547
214.512     375.03
214.851     373.572
217.576     378.918
217.888     387.099
219.463     392.283
220.699     393.255
222.409     401.112
223.78     404.352
223.919     405.891
226.785     413.1
227     414.882
229.8     418.203
230.074     420.633
232.875     429.462
233.117     433.593
234.278     436.752
235.993     441.126
236.294     439.911
239.014     451.494
239.406     460.404
240.223     456.759
242.465     460.89
243.067     465.102
244.97     468.666
245.524     469.638
248.126     479.601
248.717     488.673
249.174     488.673
251.845     495.963
251.872     497.988
254.098     497.502
254.904     512.163
255.27     512.163
258.011     519.615
258.049     519.291
260.14     523.422
261.215     534.519
261.398     531.684
264.274     541.323
264.397     541.728
267.3     556.389
267.392     556.794
268.994     562.464
270.595     563.436
270.703     562.788
273.557     569.997
273.729     574.128
275.041     581.094
276.928     581.418
278.105     596.727
279.82     603.126
280.116     594.378
281.099     602.235
283.293     607.662
284.061     614.142
286.276     615.843
286.303     614.709
288.953     628.56
289.453     627.831
290.071     635.85
292.694     639.657
292.63     636.984
295.103     652.536
295.887     651.807
296.339     653.589
298.892     668.493
299.226     665.577
302.166     673.434
302.172     676.593
304.123     686.637
305.252     686.232
305.472     689.958
307.208     695.952
308.45     696.195
310.305     707.778
311.665     705.186
311.831     706.158
314.783     717.498
314.922     714.42
316.422     720.414
318.051     721.872
318.126     725.355
321.271     733.05
322.459     735.885
324.195     743.985
324.502     747.144
327.356     751.275
327.636     753.381
328.619     748.845
330.834     756.783
331.597     771.768
333.49     773.793
334.075     775.17
336.656     783.432
337.338     785.457
337.914     786.105
340.542     800.361
340.478     797.364
342.908     799.227
343.784     807.084
344.122     806.193
347.02     816.075
347.24     827.658
348.982     829.116
350.122     826.362
352.116     834.219
353.325     840.861
353.557     840.051
356.594     853.335
356.744     852.201
358.217     851.31
359.728     867.186
361.319     862.164
363.163     866.457
363.2     872.451
366.098     878.202
366.248     884.277
367.452     891.081
369.57     893.106
370.581     894.645
372.823     905.175
372.753     903.069
375.478     918.135
375.962     922.671
376.838     925.668
378.72     928.017
379.209     935.307
379.897     940.086
382.477     940.005
382.472     944.946
384.928     950.535
385.638     949.563
388.052     963.738
388.874     960.093
389.277     965.439
392.185     975.807
392.212     977.022
394.405     985.608
395.438     991.683
395.701     995.733
398.652     999.216
398.91     1002.456
400.544     1008.531
401.985     1008.531
403.754     1024.407
405.226     1027.809
405.452     1022.058
408.425     1031.94
408.629     1034.856
409.935     1038.663
411.887     1049.193
414.886     1052.595
415.118     1057.455
416.198     1067.904
418.364     1073.169
418.38     1073.169
421.165     1087.506
421.531     1085.562
422.321     1084.347
424.842     1093.986
425.611     1092.69
427.562     1095.687
428.185     1102.491
430.68     1109.862
431.432     1111.644
431.938     1115.37
434.674     1130.598
435.125     1126.548
437.001     1135.782
437.91     1139.022
440.065     1140.075
441.151     1150.848
441.49     1152.063
444.296     1157.085
444.361     1160.325
446.307     1168.83
447.672     1171.827
447.898     1173.042
449.521     1178.307
451.112     1184.787
452.677     1186.812
454.209     1192.563
454.338     1198.962
457.386     1202.526
457.595     1207.548
458.837     1208.52
460.928     1218.321
460.939     1221.561
463.89     1225.125
464.261     1233.306
467.072     1245.699
467.422     1247.967
468.346     1242.783
470.9     1255.743
470.916     1257.282
473.518     1264.896
474.13     1269.999
474.657     1272.996
476.652     1280.934
477.436     1285.875
479.958     1295.109
480.742     1297.296
481.097     1299.726
483.882     1310.418
484.183     1309.365
487.161     1315.278
487.182     1316.007
487.451     1322.892
490.429     1328.886
490.693     1334.232
492.364     1342.413
493.832     1340.388
495.536     1350.513
497.17     1350.918
498.691     1361.286
500.288     1364.364
500.492     1368.738
503.529     1374.732
503.761     1376.109
505.083     1384.938
507.131     1382.103
510.039     1393.686
510.405     1398.303
511.388     1395.873
513.652     1411.506
513.668     1412.802
516.522     1416.528
517.027     1420.578
519.758     1431.837
520.366     1429.488
521.011     1430.784
523.677     1447.875
524.284     1449.09
526.22     1455.327
527.01     1458.162
529.354     1462.536
530.3     1468.044
530.612     1469.745
533.649     1475.739
533.869     1477.278
536.82     1492.344
536.869     1493.073
538.761     1495.503
540.261     1503.279
542.045     1510.326
543.594     1520.37
543.706     1519.236
546.787     1529.28
547.023     1529.847
550.119     1544.589
550.361     1545.075
551.549     1551.636
553.528     1558.521
554.732     1563.3
556.629     1569.294
556.887     1569.213
557.801     1572.777
560.172     1584.279
561.08     1586.709
562.972     1588.896
563.483     1591.245
566.321     1605.744
566.816     1606.554
567.45     1608.66
570.133     1617.732
570.638     1618.137
573.38     1625.427
573.836     1629.315
575.836     1637.253
576.874     1636.848
579.185     1645.515
580.314     1650.213
580.637     1647.864
582.367     1654.506
583.502     1661.472
585.421     1668.6
586.738     1674.432
586.996     1678.644
590.076     1684.557
590.141     1686.744
591.71     1697.274
593.511     1700.919
595.016     1708.209
596.881     1715.337
596.93     1713.717
599.935     1726.758
600.252     1727.082
603.117     1734.291
603.596     1735.344
606.45     1744.254
606.842     1746.441
607.729     1750.005
609.681     1757.214
610.148     1758.996
610.874     1762.479
613.476     1773.252
613.503     1770.417
616.029     1785.726
616.798     1791.234
619.373     1795.689
620.174     1798.605
620.604     1800.306
622.496     1807.353
623.41     1810.269
623.792     1808.649
626.705     1819.26
626.78     1817.883
628.893     1826.631
630.065     1835.865
631.973     1840.725
633.398     1841.697
633.548     1844.451
636.612     1857.735
636.779     1863.567
639.897     1876.446
640.074     1874.664
641.601     1875.231
643.23     1882.197
643.541     1884.06
646.428     1892.16
646.767     1895.724
649.777     1904.391
650.062     1906.821
651.121     1912.977
653.373     1918.242
654.201     1920.186
656.179     1925.289
656.722     1928.61
659.475     1937.196
660.039     1945.701
660.689     1947.483
663.27     1954.611
663.888     1959.471
665.952     1967.814
666.699     1971.54
668.962     1981.584
669.968     1984.743
672.242     1991.79
673.252     1994.139
673.65     1995.759
676.66     2010.339
676.709     2011.311
678.692     2022.651
680.009     2022.894
681.891     2026.215
683.245     2033.829
683.466     2033.424
686.514     2045.007
686.691     2039.094
688.207     2049.138
690.04     2056.023
691.309     2066.715
692.991     2072.628
693.33     2072.952
694.437     2080.728
696.636     2081.619
699.571     2087.937
699.931     2096.604
700.856     2097.09
703.334     2107.782
704.043     2108.916
705.995     2109.807
706.505     2117.502
709.086     2126.574
709.741     2132.082
712.316     2132.649
713.15     2140.587
713.633     2149.011
716.45     2159.946
716.472     2162.052
718.676     2169.18
719.778     2171.367
720.025     2172.501
722.971     2182.464
723.395     2186.352
726.379     2197.125
726.422     2201.094
728.174     2209.032
729.577     2214.297
729.782     2217.699
732.867     2225.718
733.066     2226.852
734.491     2233.575
736.356     2237.544
736.377     2237.463
739.361     2251.8
739.608     2250.099
740.769     2258.604
742.919     2265.975
743.946     2269.863
745.924     2275.614
746.242     2274.156
747.086     2278.611
749.553     2284.119
750.375     2286.144
752.354     2293.353
752.87     2293.515
753.515     2295.54
756.278     2299.185
756.288     2298.942
758.654     2310.93
759.444     2314.008
759.831     2318.868
762.707     2334.42
763.142     2335.959
765.035     2340.576
766.045     2347.056
768.152     2358.558
769.362     2355.885
769.652     2359.449
772.636     2369.979
772.877     2372.004
774.522     2381.157
776.006     2387.07
776.097     2386.746
779.237     2397.924
779.328     2402.055
780.763     2402.865
782.371     2407.239
782.683     2407.158
785.698     2418.174
785.956     2420.523
787.155     2426.598
789.305     2437.938
789.316     2435.184
792.213     2446.767
793.418     2455.839
795.853     2467.827
795.863     2467.26
798.589     2472.525
799.207     2475.603
799.868     2477.223
802.502     2491.317
802.938     2492.127
804.921     2496.582
805.679     2503.143
808.087     2502.9
809.044     2510.433
809.41     2511.243
812.399     2522.664
812.442     2523.15
814.506     2524.851
815.672     2533.518
817.667     2532.06
819.027     2545.425
819.226     2547.693
822.322     2554.173
822.419     2556.441
824.047     2555.55
825.623     2575.638
825.746     2577.501
828.767     2590.542
828.95     2593.377
830.315     2599.452
832.079     2605.203
832.31     2603.34
835.272     2614.68
835.573     2617.11
836.653     2622.699
838.545     2628.045
838.954     2631.528
841.814     2641.248
842.303     2638.008
843.055     2646.594
845.544     2660.04
846.206     2660.769
848.243     2667.897
848.92     2667.492
851.441     2684.745
852.183     2688.714
852.597     2692.602
855.5     2699.892
855.554     2701.35
857.758     2711.556
858.811     2706.048
859.085     2708.721
862.155     2721.438
862.456     2726.541
864.192     2733.102
865.461     2730.834
867.353     2741.283
868.95     2743.956
869.036     2745.252
872.062     2755.62
872.143     2757.564
873.642     2769.228
875.502     2777.328
875.572     2775.384
878.566     2787.615
878.814     2786.4
880.012     2792.07
882.114     2798.631
883.152     2810.538
885.076     2815.884
885.469     2814.507
888.345     2823.903
888.802     2827.386
891.575     2834.271
892.161     2844.072
892.822     2845.368
895.564     2854.359
896.118     2850.066
898.107     2859.381
898.945     2866.428
901.203     2867.886
902.23     2878.74
902.59     2878.173
905.487     2892.348
905.482     2893.239
907.573     2888.784
908.879     2903.931
909.062     2904.174
912.121     2910.573
912.39     2915.352
915.47     2929.527
915.599     2933.901
917.238     2934.225
918.808     2939.895
919.066     2947.509
922.125     2954.07
922.324     2955.771
923.71     2960.307
925.732     2972.214
926.93     2973.591
928.747     2979.909
929.005     2987.118
930.064     2990.034
932.349     2996.19
933.193     2993.679
935.693     3006.153
935.703     3005.829
938.515     3013.686
939.052     3019.518
939.719     3024.864
942.31     3038.391
942.88     3047.382
944.874     3050.703
945.766     3052.566
948.25     3059.775
949.11     3062.853
949.443     3065.85
952.459     3076.704
952.497     3077.919
954.529     3088.287
955.711     3089.34
956.023     3092.499
959.071     3107.646
959.275     3105.459
960.99     3115.26
962.517     3119.715
964.183     3134.052
965.704     3133.242
965.984     3138.345
969.107     3144.987
969.258     3145.149
970.677     3155.679
972.639     3159.486
972.65     3162.726
975.638     3173.094
976.042     3173.661
977.09     3181.194
979.337     3189.375
980.089     3191.238
982.137     3194.559
982.729     3193.101
985.309     3211.326
986.631     3216.915
988.577     3222.504
989.443     3230.604
991.862     3233.196
992.786     3239.919
993.131     3238.137
995.06     3246.075
996.211     3253.122
998.329     3252.798
999.608     3260.169
999.812     3259.764
1002.936     3276.774
1003.07     3275.235
1004.726     3281.958
1006.354     3285.117
1007.946     3289.815
1009.542     3299.454
1009.838     3304.962
1011.16     3310.794
1013.133     3322.053
1013.208     3319.623
1016.208     3329.667
1016.477     3331.854
1017.665     3336.066
1019.557     3345.462
1019.912     3350.727
1022.857     3350.241
1023.379     3356.478
1024.282     3356.802
1026.69     3373.488
1026.701     3372.759
1029.48     3378.915
1030.071     3387.177
1030.722     3387.339
1033.501     3397.707
1034.001     3395.52
1035.947     3402.405
1036.855     3413.907
1039.296     3418.362
1040.215     3422.898
1040.607     3427.839
1042.521     3433.347
1043.682     3440.313
1045.773     3441.528
1047.139     3451.653
1048.891     3459.348
1050.3     3468.177
1050.595     3467.772
1052.084     3472.47
1053.907     3480.894
1055.482     3491.019
1057.191     3495.15
1057.417     3499.119
1060.508     3507.138
1060.809     3510.378
1062.013     3519.126
1064.287     3522.771
1065.362     3532.329
1067.281     3536.703
1067.652     3541.968
1070.528     3547.476
1071.135     3549.987
1071.856     3551.526
1074.463     3564.243
1075.14     3571.209
1077.161     3578.499
1077.866     3580.362
1078.451     3588.381
1081.333     3587.085
1081.714     3596.967
1083.682     3601.584
1085.08     3606.93
1088.16     3623.94
1088.122     3621.348
1090.321     3625.965
1091.659     3637.71
1093.551     3639.249
1094.874     3646.377
1095.191     3651.075
1096.852     3655.854
1098.486     3660.957
1098.642     3658.284
1101.787     3672.945
1101.953     3671.973
1103.351     3676.347
1105.206     3682.26
1106.603     3689.712
1108.431     3699.675
1108.802     3701.133
1111.914     3708.99
1112.232     3710.124
1113.291     3715.956
1115.726     3725.676
1115.699     3724.947
1118.596     3732.723
1119.209     3742.524
1119.994     3744.306
1122.574     3754.107
1123.3     3762.207
1125.38     3768.444
1126.057     3771.279
1128.6     3779.136
1129.492     3784.725
1129.971     3784.077
1132.949     3801.006
1133.331     3800.358
1135.287     3808.134
1136.357     3812.994
1138.62     3815.424
1139.948     3821.499
1140.206     3823.767
1143.173     3834.864
1143.421     3836.727
1145.039     3842.316
1146.737     3853.818
1146.909     3856.896
1150.016     3862.566
1150.285     3870.504
1151.699     3874.797
1153.58     3880.548
1153.629     3876.66
1156.768     3891.321
1157.058     3894.075
1158.295     3897.882
1160.536     3906.792
1160.542     3910.032
1163.525     3916.593
1163.993     3921.858
1164.955     3924.288
1167.605     3933.279
1168.32     3933.117
1170.32     3945.753
1171.035     3950.451
1173.723     3957.012
1174.448     3956.688
1175.169     3965.76
1178.05     3972.807
1178.034     3976.047
1180.496     3986.982
1181.463     3988.278
1181.867     3996.216
1185.087     4000.671
1187.194     4006.017
1188.425     4013.631
1188.785     4016.223
1191.903     4035.177
1191.957     4035.906
1193.811     4042.386
1195.553     4050.729
1197.192     4056.885
1198.762     4059.234
1199.085     4062.555
1202.138     4070.25
1202.498     4077.621
1203.794     4084.506
1205.965     4088.556
1206.003     4087.908
1209.008     4098.762
1209.556     4098.681
1210.556     4100.382
1212.975     4110.75
1213.76     4120.551
1215.84     4127.922
1216.485     4126.302
1219.254     4138.128
1219.899     4141.854
1220.608     4141.611
1223.393     4154.409
1223.404     4158.216
1226.081     4168.017
1226.951     4174.659
1227.441     4177.17
1230.349     4186.485
1230.913     4186.08
1233.854     4199.04
1233.956     4197.744
1236.267     4206.735
1237.536     4213.944
1239.638     4217.022
1240.955     4220.748
1241.336     4227.147
1244.331     4240.836
1244.454     4237.434
1246.239     4247.316
1248.061     4256.469
1248.158     4255.254
1251.346     4271.94
1251.738     4269.591
1253.044     4274.775
1255.162     4285.143
1256.415     4287.006
1258.259     4292.028
1258.614     4293.324
1261.635     4308.471
1262.086     4311.63
1263.113     4312.764
1265.709     4322.322
1265.725     4321.593
1268.521     4330.827
1269.112     4331.556
1269.838     4336.659
1272.703     4348.323
1272.805     4348.89
1275.423     4362.417
1276.321     4362.579
1278.756     4371.489
1279.815     4371.894
1280.213     4376.592
1283.271     4392.954
1283.642     4395.951
1286.776     4401.135
1287.147     4401.54
1290.243     4418.955
1290.324     4420.008
1292.114     4424.544
1293.603     4433.535
1293.915     4433.373
1297.156     4444.632
1297.366     4445.037
1298.898     4446.495
1300.839     4459.212
1302.252     4468.608
1304.059     4474.926
1304.472     4473.792
1305.698     4477.68
1307.886     4486.833
1308.993     4493.556
1310.95     4498.74
1311.525     4499.55
1314.482     4515.102
1315.009     4516.155
1315.928     4521.906
1318.519     4539.564
1318.573     4539.483
1321.325     4542.723
1322.11     4545.639
1324.717     4554.306
1325.695     4558.599
1326.201     4561.92
1329.13     4574.313
1329.195     4571.073
1331.619     4581.846
1332.791     4588.326
1333.189     4590.756
1336.323     4600.557
1336.683     4601.205
1338.462     4612.464
1339.946     4617.243
1340.172     4615.623
1343.289     4630.122
1343.768     4631.418
1345.413     4641.624
1347.197     4646.484
1348.762     4653.531
1350.434     4655.718
1350.778     4662.765
1353.933     4673.862
1354.213     4674.996
1355.503     4674.915
1357.443     4684.149
1357.916     4689.414
1360.975     4709.745
1361.448     4709.34
1362.4     4712.013
1364.915     4723.191
1365.77     4725.54
1368.436     4727.16
1368.538     4730.076
1371.393     4750.812
1372.081     4750.893
1372.705     4755.672
1375.591     4765.23
1375.661     4765.068
1378.247     4778.271
1379.252     4777.461
1379.65     4777.785
1382.692     4789.449
1383.165     4792.689
1385.084     4797.711
1386.401     4807.188
1389.863     4821.12
1390.008     4824.198
1391.971     4823.55
1393.406     4831.326
1393.75     4836.105
1395.363     4839.021
1397.179     4848.417
1398.706     4855.626
1400.373     4861.215
1400.765     4864.617
1403.899     4871.421
1404.173     4878.792
1405.576     4883.814
1407.479     4891.833
1407.936     4897.908
1411.043     4908.924
1411.446     4909.572
1412.484     4916.538
1414.5     4923.261
1415.161     4925.286
1418.026     4938.327
1418.649     4938.894
1419.338     4944.078
1422.219     4950.234
1422.283     4951.125
1424.966     4962.222
1425.885     4966.353
1426.401     4968.459
1429.384     4974.696
1429.874     4979.637
1433.008     4994.298
1432.965     4992.435
1435.292     5002.722
1436.706     5010.66
1436.937     5014.953
1440.076     5022
1440.533     5031.477
1442.227     5042.088
1443.931     5044.356
1445.683     5046.543
1447.516     5052.942
1447.71     5055.048
1450.881     5066.388
1451.139     5064.768
1452.698     5075.703
1454.806     5079.996
1456.015     5089.716
1457.875     5098.626
1458.332     5102.757
1461.434     5112.72
1461.842     5114.421
1462.917     5117.418
1465.546     5125.518
1465.67     5126.49
1468.416     5138.64
1469.126     5144.067
1469.911     5144.067
1472.728     5155.65
1473.362     5162.049
1475.432     5172.093
1476.426     5171.931
1478.974     5179.302
1480.108     5179.464
1480.608     5186.187
1483.678     5197.689
1484.016     5200.2
1485.887     5210.649
1487.274     5212.431
1487.591     5215.104
1490.763     5228.793
1492.913     5233.005
1494.574     5239.404
1494.778     5238.108
1497.998     5248.8
1498.288     5253.984
1501.525     5264.595
1501.815     5270.589
1503.288     5271.804
1505.481     5280.39
1506.83     5278.203
1508.755     5286.789
1509.201     5292.621
1512.27     5302.665
1512.759     5312.061
1513.84     5308.173
1516.426     5325.264
1516.544     5328.099
1519.452     5334.093
1520.21     5342.031
1520.979     5343.327
1523.758     5353.128
1524.462     5349.807
1526.521     5358.636
1527.532     5369.571
1530.123     5381.802
1531.117     5383.341
1531.601     5383.908
1534.649     5402.133
1535.079     5400.27
1537.068     5404.806
1538.412     5410.233
1540.557     5425.461
1541.89     5426.595
1542.298     5433.318
1545.556     5440.689
1545.696     5438.016
1547.604     5451.705
1549.469     5454.216
1549.625     5456.484
1552.807     5474.466
1553.281     5472.441
1556.431     5480.784
1556.764     5481.918
1558.108     5493.825
1560.409     5497.713
1560.543     5498.928
1563.714     5510.106
1564.268     5516.343
1567.198     5524.362
1567.762     5519.178
1568.665     5536.026
1571.38     5538.78
1571.477     5540.319
1574.267     5555.547
1575.138     5554.089
1575.809     5558.139
1578.653     5572.881
1579.336     5576.445
1581.336     5585.517
1582.518     5588.433
1584.932     5598.801
1544.878     5568.669
1525.639     5542.101
1528.064     5556.519
1528.65     5560.245
1530.612     5562.756
1532.423     5566.482
1534.488     5576.607
1536.084     5581.629
1538.353     5588.109
1540.401     5606.415
1542.239     5607.225
1544.115     5612.49
1544.69     5616.945
1548.098     5624.64
1548.529     5628.285
1550.13     5634.846
1552.517     5649.831
1553.958     5649.588
1556.103     5656.959
1556.689     5664.492
1559.935     5667.084
1560.618     5676.318
1561.806     5675.265
1564.666     5687.01
1564.843     5689.278
1567.902     5694.543
1568.966     5706.531
1571.805     5711.31
1572.837     5720.139
1573.638     5722.812
1576.938     5737.392
1577.116     5740.956
1579.744     5746.95
1581.018     5752.053
1581.663     5752.296
1585.039     5763.879
1585.722     5767.443
1587.657     5773.032
1589.372     5779.836
1591.555     5782.59
1593.151     5792.31
1593.775     5798.223
1597.172     5806.242
1597.758     5812.317
1599.387     5815.8
1601.623     5823.252
1601.859     5828.112
1605.208     5835.969
1605.821     5843.016
1609.272     5849.091
1609.729     5849.982
1611.095     5859.945
1613.992     5862.051
1615.245     5875.821
1617.346     5876.712
1618.217     5880.114
1621.346     5898.258
1622.072     5895.909
1623.088     5907.168
1626.189     5911.299
1626.351     5914.62
1629.334     5929.2
1630.366     5930.658
1631.07     5934.951
1634.349     5946.372
1635.086     5952.123
1637.198     5960.061
1638.618     5960.061
1641.069     5966.136
1642.483     5968.242
1643.171     5975.208
1646.563     5984.442
1646.858     5985.414
1649.154     5994.405
1651.024     5991.327
1653.019     6007.689
1655.002     6010.848
1656.873     6014.574
1659.125     6022.026
1659.421     6021.702
1662.786     6033.609
1663.517     6043.896
1664.85     6049.809
1667.414     6056.37
1668.823     6059.448
1670.892     6070.059
1671.661     6075.081
1674.978     6087.312
1675.704     6091.281
1676.838     6095.331
1679.773     6106.347
1680.87     6111.774
1683.057     6115.986
1684.095     6117.039
1686.992     6123.114
1687.976     6131.862
1688.863     6128.703
1692.04     6141.42
1692.282     6140.043
1694.927     6157.782
1696.378     6164.829
1698.888     6175.035
1700.227     6180.057
1700.937     6179.49
1704.366     6192.612
1704.619     6197.31
1706.866     6199.497
1708.801     6209.946
1710.79     6220.314
1712.505     6229.467
1713.187     6231.33
1716.585     6244.29
1716.956     6246.153
1718.611     6251.58
1721.02     6264.459
1722.579     6267.861
1725.175     6276.771
1726.519     6281.388
1728.653     6290.784
1729.535     6293.943
1732.765     6302.205
1733.647     6306.822
1736.716     6315.732
1737.775     6326.424
1740.872     6337.197
1741.893     6343.92
1744.742     6344.244
1745.747     6347.079
1746.554     6353.721
1749.87     6367.815
1750.634     6376.725
1754.042     6376.563
1754.692     6388.956
1756.687     6397.623
1758.305     6398.028
1760.584     6409.935
1762.551     6414.147
1762.911     6417.873
1766.395     6429.537
1766.981     6437.637
1770.502     6448.086
1770.873     6449.382
1774.55     6456.348
1775.221     6460.479
1778.635     6466.959
1779.382     6476.031
1780.602     6479.433
1783.231     6488.991
1784.537     6489.558
1787.29     6498.225
1787.499     6499.683
1790.692     6510.456
1791.703     6511.995
1794.692     6521.472
1795.498     6526.251
1796.525     6535.809
1799.691     6544.476
1800.583     6543.909
1803.803     6558.975
1804.018     6561.486
1806.706     6575.094
1808.249     6579.873
1808.808     6584.247
1812.157     6596.721
1812.802     6592.914
1816.199     6608.466
1816.511     6612.759
1818.833     6618.672
1820.634     6626.205
1822.784     6633.009
1824.505     6641.271
1825.155     6644.754
1828.622     6655.122
1829.289     6650.748
1830.767     6656.823
1833.235     6663.951
1834.901     6674.967
1836.911     6684.039
1837.605     6683.715
1841.029     6696.189
1841.712     6697.242
1845.007     6707.772
1845.83     6715.062
1846.754     6717.087
1849.813     6726.969
1850.909     6734.907
1853.065     6738.309
1854.189     6745.68
1857.124     6750.864
1858.054     6755.076
1858.951     6758.802
1862.209     6773.787
1862.451     6773.22
1865.208     6780.105
1866.654     6787.233
1869.084     6799.626
1870.788     6808.05
1871.234     6810.642
1874.643     6813.558
1875.384     6817.932
1877.174     6826.599
1879.126     6832.026
1881.034     6844.257
1883.2     6854.058
1883.518     6854.22
1886.877     6865.884
1887.587     6866.856
1891.027     6876.09
1891.731     6878.601
1895.226     6897.555
1895.855     6900.066
1899.241     6904.764
1899.822     6909.543
1901.112     6916.995
1903.902     6929.469
1905.1     6933.033
1907.337     6940.242
1908.299     6942.348
1911.347     6953.121
1912.282     6955.632
1913.169     6956.847
1916.362     6967.458
1917.222     6970.374
1919.378     6982.2
1920.754     6992.487
1923.485     7003.422
1924.711     7004.718
1925.512     7006.824
1928.903     7018.407
1929.549     7020.27
1931.564     7027.479
1933.349     7039.71
1935.553     7044.57
1937.187     7048.782
1937.822     7058.259
1941.31     7068.141
1941.88     7069.032
1945.256     7081.749
1945.702     7083.045
1947.406     7088.472
1949.379     7096.734
1950.089     7095.843
1953.411     7104.591
1954.013     7108.236
1955.448     7121.196
1958.195     7129.458
1959.415     7137.153
1961.635     7146.549
1962.646     7142.985
1965.721     7151.49
1966.554     7152.057
1967.554     7157.484
1969.785     7170.363
1970.962     7174.008
1973.838     7185.348
1974.827     7188.75
1975.682     7193.853
1977.826     7204.383
1979.16     7207.704
1981.837     7214.832
1983.363     7228.845
1983.826     7227.063
1987.261     7227.225
1987.927     7232.652
1989.771     7238.97
1991.615     7247.232
1993.803     7256.547
1995.845     7264.161
1996.087     7264.647
1999.571     7280.361
2000.237     7276.23
2001.845     7282.224
2003.903     7291.701
2005.661     7302.474
2007.618     7306.767
2008.279     7313.328
2011.644     7326.126
2013.574     7324.911
2015.638     7330.5
2016.391     7340.22
2019.659     7351.317
2020.304     7359.255
2021.492     7365.654
2024.384     7373.835
2024.492     7373.835
2027.448     7380.801
2028.529     7386.552
2029.233     7385.256
2032.405     7399.188
2032.614     7402.104
2035.302     7409.637
2036.501     7419.681
2039.113     7437.015
2040.248     7439.688
2040.93     7445.439
2044.166     7455.726
2044.403     7450.299
2046.575     7460.667
2048.187     7469.415
2050.354     7476.138
2051.945     7480.269
2052.348     7485.129
2055.708     7500.195
2055.917     7500.681
2057.664     7511.859
2059.782     7518.906
2059.933     7519.635
2063.266     7533.486
2063.658     7529.112
2066.824     7543.935
2067.265     7545.474
2068.485     7556.571
2071.044     7563.942
2071.179     7565.481
2074.296     7584.111
2074.968     7587.108
2075.812     7590.105
2078.683     7601.283
2079.613     7604.928
2081.731     7612.866
2082.634     7616.511
2085.504     7629.876
2086.332     7631.577
2087.069     7633.359
2090.176     7642.431
2090.783     7650.531
2093.987     7659.441
2094.181     7662.924
2096.616     7675.236
2098.164     7677.018
2098.519     7678.962
2101.766     7690.464
2102.362     7688.52
2104.233     7697.673
2106.055     7707.069
2107.921     7712.982
2109.662     7719.462
2110.275     7723.026
2113.436     7735.176
2113.979     7741.737
2115.36     7744.329
2117.629     7750.971
2119.145     7760.448
2121.134     7765.227
2121.806     7770.735
2125.069     7779.483
2125.832     7783.857
2129.004     7805.16
2129.74     7805.565
2132.831     7806.699
2133.557     7815.042
2134.567     7813.584
2137.545     7820.955
2137.712     7825.41
2140.625     7836.345
2141.647     7850.763
2144.437     7851.897
2145.442     7859.916
2146.055     7861.536
2149.329     7872.714
2149.549     7877.574
2151.984     7888.995
2153.516     7894.017
2155.806     7893.207
2157.204     7900.497
2157.763     7913.538
2161.16     7921.395
2161.413     7927.146
2163.391     7928.766
2165.299     7940.835
2165.536     7942.536
2168.944     7951.77
2169.482     7960.275
2172.777     7975.584
2173.132     7972.263
2174.728     7976.556
2177.206     7989.354
2177.357     7992.027
2180.716     8005.068
2181.324     8006.526
2182.426     8014.383
2185.108     8020.215
2186.14     8027.91
2189     8036.496
2189.145     8038.764
2192.269     8053.02
2193.236     8057.232
2196.101     8062.983
2196.956     8065.575
2197.816     8076.591
2200.816     8090.199
2201.67     8093.358
2203.81     8095.626
2205.03     8098.623
2207.465     8111.502
2208.734     8110.368
2209.363     8115.066
2212.663     8130.132
2212.868     8126.325
2215.158     8145.846
2216.878     8152.164
2217.168     8154.918
2220.496     8158.482
2221.076     8161.074
2224.474     8176.95
2224.753     8176.95
2226.446     8191.287
2228.672     8199.468
2228.86     8199.711
2232.134     8206.353
2232.784     8210.403
2236.122     8219.88
2236.73     8228.79
2237.74     8235.756
2240.589     8239.563
2243.654     8252.442
2244.412     8256.492
2245.406     8254.71
2248.357     8265.807
2249.217     8268.723
2252.271     8283.546
2252.453     8283.222
2255.281     8287.596
2256.464     8298.45
2256.974     8304.12
2260.173     8312.058
2260.415     8316.594
2262.791     8326.557
2264.366     8333.361
2266.682     8341.785
2268.091     8347.455
2268.591     8346.888
2272.004     8363.574
2272.252     8364.465
2274.198     8363.898
2276.208     8372.241
2276.488     8375.724
2279.777     8390.061
2280.331     8393.463
2281.804     8397.594
2284.121     8407.962
2284.309     8408.529
2287.615     8416.386
2288.244     8420.355
2291.555     8430.723
2292.19     8434.368
2293.243     8438.661
2295.995     8456.805
2297.071     8460.774
2299.226     8464.824
2300.162     8470.251
2303.107     8479.404
2304.021     8487.018
2304.774     8487.423
2307.897     8496.576
2308.101     8501.436
2310.837     8519.499
2312.154     8524.278
2312.665     8526.951
2315.853     8530.596
2316.562     8534.646
2318.508     8543.799
2320.067     8548.254
2322.373     8562.51
2323.819     8564.94
2324.325     8565.183
2327.647     8586
2327.899     8588.349
2329.926     8599.365
2331.947     8596.206
2332.135     8599.122
2335.533     8615.16
2336.151     8621.235
2339.462     8635.329
2339.785     8633.628
2341.344     8646.426
2343.36     8647.479
2344.031     8649.585
2347.251     8661.735
2347.73     8661.087
2348.966     8671.455
2351.719     8671.05
2351.831     8676.072
2355.621     8696.079
2355.831     8696.484
2358.793     8704.098
2359.75     8710.983
2360.438     8713.413
2363.513     8720.622
2364.405     8727.993
2366.474     8733.42
2367.695     8743.788
2370.248     8748.162
2371.501     8756.343
2372.151     8755.776
2375.479     8766.711
2375.726     8771.247
2377.903     8778.699
2379.693     8794.494
2379.989     8793.036
2383.381     8807.292
2383.95     8811.909
2385.595     8813.367
2387.643     8821.386
2389.369     8824.302
2391.175     8834.103
2391.75     8844.795
2395.142     8851.113
2395.691     8861.643
2397.056     8862.453
2399.54     8877.924
2399.695     8883.027
2402.964     8889.264
2403.727     8893.476
2406.861     8901.009
2407.458     8904.492
2408.554     8913.564
2410.737     8923.122
2411.704     8924.58
2414.666     8937.216
2415.446     8939.322
2416.381     8947.989
2419.44     8956.089
2419.612     8956.413
2422.402     8961.03
2423.644     8965.404
2424.165     8965.647
2427.412     8983.548
2427.611     8988.165
2430.223     8991.972
2431.728     8998.452
2432.046     9001.53
2435.384     9009.549
2435.938     9012.87
2439.287     9030.933
2439.571     9034.173
2441.485     9041.787
2443.641     9048.834
2443.883     9069.003
2447.275     9072.081
2447.909     9073.701
2449.242     9079.614
2451.726     9088.605
2453.069     9098.163
2455.096     9098.73
2455.902     9100.917
2459.181     9114.282
2460.02     9118.089
2460.923     9125.46
2463.928     9135.828
2464.88     9139.959
2467.057     9140.283
2468.04     9146.763
2471.733     9161.91
2471.922     9165.15
2474.873     9173.655
2476.05     9180.459
2476.663     9182.322
2479.829     9195.201
2480.028     9197.55
2482.581     9203.544
2484.06     9211.482
2486.516     9212.94
2487.962     9221.931
2488.57     9225.495
2491.913     9238.536
2492.22     9239.508
2494.322     9250.038
2496.251     9255.06
2496.526     9255.789
2499.858     9268.587
2503.879     9296.208
2503.078     9290.781
2500.665     9285.921
2500.724     9288.513
2498.101     9276.039
2497.563     9271.422
2495.042     9260.973
2494.343     9257.895
2493.934     9254.574
2491.145     9241.209
2490.811     9244.773
2488.892     9238.455
2488.027     9237.969
2486.011     9231.894
2484.861     9228.573
2484.651     9225.657
2481.764     9220.716
2481.592     9213.507
2478.566     9200.871
2478.49     9202.329
2476.851     9197.631
2475.378     9189.612
2475.308     9189.936
2472.325     9176.166
2472.137     9173.736
2470.852     9172.521
2469.003     9171.711
2467.798     9160.452
2466.057     9152.028
2465.831     9151.461
2462.923     9139.311
2462.67     9142.389
2461.729     9136.233
2459.493     9130.968
2458.73     9120.195
2456.284     9118.737
2456.306     9123.516
2453.661     9107.559
2452.435     9103.428
2450.548     9102.294
2449.946     9095.328
2447.473     9093.465
2446.613     9085.932
2446.339     9082.206
2443.544     9071.838
2443.243     9065.844
2441.388     9064.791
2440.356     9060.579
2438.297     9056.286
2437.147     9047.619
2436.911     9047.376
2433.868     9035.955
2433.626     9032.715
2430.664     9027.936
2430.573     9026.64
2429.068     9021.456
2427.32     9013.842
2427.31     9018.702
2424.246     9008.415
2424.009     9003.231
2422.832     9001.368
2420.795     8986.869
2419.768     8984.196
2417.935     8981.685
2417.682     8979.903
2414.763     8968.239
2414.349     8969.373
2411.688     8954.55
2411.194     8953.254
2410.452     8941.023
2408.522     8933.652
2407.845     8935.11
2405.308     8931.303
2404.738     8933.976
2404.238     8930.979
2401.437     8919.477
2401.115     8918.667
2398.298     8910.972
2397.948     8908.704
2396.094     8899.146
2394.976     8889.183
2392.987     8878.329
2391.826     8874.036
2391.616     8874.846
2388.622     8865.45
2388.358     8871.93
2386.73     8864.397
2385.208     8864.073
2383.633     8857.512
2381.935     8849.574
2381.838     8849.25
2378.795     8838.315
2378.661     8838.963
2377.403     8833.86
2375.387     8822.844
2374.296     8817.741
2372.167     8810.856
2372.103     8803.89
2369.216     8793.522
2368.84     8795.79
2367.996     8790.93
2365.512     8786.718
2364.813     8782.101
2362.233     8772.219
2362.287     8773.272
2358.992     8767.116
2358.567     8770.113
2355.815     8756.019
2355.761     8753.022
2353.39     8744.679
2352.358     8737.956
2352.079     8737.227
2349.133     8731.233
2348.864     8730.261
2345.838     8716.977
2345.472     8710.497
2343.843     8711.955
2342.483     8704.017
2340.672     8699.481
2339.242     8689.194
2339.102     8688.951
2336.086     8682.39
2335.855     8679.555
2334.527     8677.206
2332.651     8663.598
2331.345     8661.573
2329.308     8651.529
2329.254     8656.713
2326.292     8650.314
2325.927     8646.669
2323.104     8638.002
2322.696     8632.656
2321.959     8635.41
2319.53     8620.101
2319.454     8621.721
2316.724     8613.945
2316.116     8614.188
2313.402     8608.761
2312.756     8599.77
2312.171     8593.776
2309.407     8586.405
2309.445     8585.919
2307.074     8580.087
2306.177     8572.959
2305.892     8573.445
2302.844     8562.753
2302.419     8555.22
2300.645     8547.363
2299.393     8548.011
2297.436     8540.721
2296.065     8534.889
2295.797     8533.755
2292.781     8522.415
2292.673     8524.278
2291.104     8511.966
2289.389     8509.941
2289.319     8507.592
2286.271     8499.573
2285.922     8496.333
2284.696     8488.719
2282.637     8485.56
2281.573     8482.563
2279.272     8474.787
2278.165     8463.366
2276.272     8462.556
2275.891     8463.69
2275.068     8457.777
2272.563     8449.272
2271.843     8443.359
2269.827     8435.502
2269.193     8435.502
2266.559     8423.19
2265.806     8423.028
2265.247     8420.922
2262.414     8412.174
2260.011     8407.638
2259.06     8400.267
2258.684     8405.046
2255.706     8396.541
2255.652     8395.164
2253.625     8382.042
2252.319     8379.126
2250.421     8370.216
2249.088     8361.225
2248.825     8362.116
2245.718     8350.047
2245.632     8350.128
2244.094     8345.916
2242.347     8341.785
2240.81     8338.545
2239.138     8327.448
2238.875     8320.32
2236.026     8320.563
2235.531     8320.401
2234.66     8316.432
2232.144     8299.746
2231.338     8305.416
2228.731     8292.78
2228.758     8292.78
2226.118     8285.814
2225.393     8280.549
2224.861     8283.141
2222.071     8270.91
2222.044     8269.128
2219.684     8255.358
2218.587     8250.174
2216.373     8241.021
2215.238     8238.348
2214.905     8236.971
2211.852     8234.217
2211.728     8234.217
2209.788     8220.609
2208.368     8213.157
2208.164     8210.97
2205.132     8203.923
2204.869     8201.169
2203.369     8197.038
2201.563     8189.667
2200.187     8192.826
2198.445     8184.888
2198.042     8181.405
2195.085     8166.906
2194.677     8165.853
2193.548     8164.071
2191.333     8152.326
2190.269     8150.706
2188.334     8141.634
2187.952     8135.964
2185.028     8134.101
2184.501     8129.079
2183.829     8119.035
2181.157     8120.412
2180.587     8110.206
2177.738     8103.888
2177.738     8100.162
2175.206     8091.495
2174.298     8090.199
2173.857     8087.04
2170.911     8079.831
2170.578     8078.373
2167.519     8067.114
2167.466     8062.173
2164.095     8056.341
2163.762     8049.213
2158.537     7898.553
2157.768     7712.577
2155.989     7695.891
2154.296     7680.015
2154.145     7679.448
2150.93     7666.731
2150.672     7668.27
2147.662     7663.41
2147.436     7661.061
2146.066     7654.257
2143.937     7649.964
2143.808     7650.207
2140.878     7637.409
2140.416     7636.275
2137.54     7620.804
2137.099     7616.997
2136.239     7614.648
2133.621     7608.411
2133.594     7607.682
2130.831     7597.071
2130.068     7586.784
2129.45     7589.295
2126.681     7582.005
2126.047     7579.899
2124.112     7569.693
2123.182     7566.615
2120.806     7560.297
2119.731     7554.546
2119.387     7553.979
2116.333     7544.34
2116.317     7540.452
2114.215     7536.159
2112.807     7532.028
2110.963     7526.115
2109.571     7517.205
2109.281     7511.859
2106.233     7503.921
2105.781     7501.572
2104.287     7500.438
2102.502     7487.559
2101.088     7486.425
2099.33     7480.026
2098.847     7474.68
2095.836     7464.393
2095.551     7465.365
2094.439     7463.907
2092.122     7461.153
2092.063     7457.265
2089.074     7443.09
2088.542     7445.034
2085.725     7440.984
2085.128     7536.807
2084.263     7408.827
2081.543     7388.253
2081.467     7387.2
2078.898     7380.234
2077.952     7374.402
2077.495     7372.215
2074.571     7358.607
2074.178     7361.685
2072.238     7353.261
2071.001     7348.239
2068.867     7344.594
2067.711     7338.195
2067.34     7333.74
2064.115     7323.939
2063.755     7324.506
2060.659     7311.627
2060.39     7309.845
2057.218     7298.343
2057.052     7296.885
2055.455     7292.268
2053.665     7288.704
2052.257     7280.442
2050.515     7276.878
2050.139     7275.015
2047.032     7264.08
2046.526     7262.865
2045.37     7259.301
2043.118     7251.849
2042.124     7249.176
2039.726     7242.21
2039.694     7243.263
2036.786     7232.166
2036.264     7233.624
2033.335     7225.443
2032.609     7224.471
2031.932     7220.664
2029.099     7210.782
2028.47     7203.411
2026.4     7197.012
2025.535     7196.769
2023.406     7189.317
2022.078     7187.13
2020.057     7178.544
2018.67     7175.628
2018.417     7171.821
2015.326     7160.238
2015.144     7160.886
2013.343     7149.546
2011.607     7143.39
2011.44     7145.982
2008.29     7130.754
2007.881     7133.346
2004.844     7119.414
2004.543     7118.928
2003.221     7114.797
2000.925     7109.613
2000.839     7111.719
1997.845     7101.594
1997.361     7098.03
1996.447     7091.145
1993.889     7080.858
1993.072     7081.83
1991.013     7074.945
1990.33     7072.11
1987.572     7057.449
1986.793     7055.1
1986.245     7047.324
1983.369     7039.467
1982.837     7037.766
1979.837     7031.691
1979.799     7034.202
1977.456     7019.217
1976.289     7013.871
1975.929     7013.79
1972.822     7002.531
1972.483     7000.263
1969.333     6994.917
1969.177     6997.104
1967.312     6984.711
1965.662     6978.231
1965.516     6979.608
1962.081     6964.299
1960.523     6960.33
1958.609     6949.071
1958.501     6953.769
1955.394     6946.641
1954.862     6934.329
1951.83     6931.575
1951.438     6925.176
1950.379     6923.637
1947.847     6914.079
1947.863     6912.459
1944.89     6906.222
1944.218     6895.287
1941.423     6892.614
1940.789     6888.402
1940.069     6877.224
1937.236     6871.554
1937.193     6867.909
1934.532     6859.728
1933.58     6855.516
1931.021     6844.014
1929.957     6841.827
1929.543     6840.774
1926.517     6828.705
1926.2     6831.864
1923.017     6816.393
1922.985     6818.337
1920.765     6814.854
1919.297     6803.757
1919.061     6803.271
1915.927     6796.143
1915.561     6792.741
1913.927     6787.233
1912.164     6779.457
1910.6     6772.167
1908.917     6769.737
1908.476     6765.201
1905.364     6752.16
1904.95     6755.238
1903.665     6747.138
1901.434     6742.845
1901.338     6739.524
1898.29     6727.455
1897.774     6731.991
1894.817     6720.975
1894.279     6719.193
1893.387     6710.769
1890.726     6704.856
1890.022     6702.993
1887.232     6690.519
1886.496     6688.575
1884.426     6685.173
1883.577     6684.768
1881.093     6672.699
1879.986     6668.892
1879.572     6663.708
1876.438     6647.751
1876.024     6647.184
1874.083     6644.106
1872.75     6635.277
1870.665     6628.878
1869.267     6629.121
1869.025     6624.261
1865.805     6617.457
1865.364     6612.921
1863.811     6604.659
1861.978     6600.933
1860.65     6591.132
1858.301     6585.543
1857.107     6586.515
1854.823     6577.848
1853.672     6566.994
1851.243     6562.701
1851.21     6560.676
1848.243     6556.14
1847.474     6553.953
1846.722     6550.713
1843.97     6535.323
1843.233     6532.326
1840.395     6522.687
1840.309     6520.014
1837.712     6519.447
1836.799     6511.671
1836.261     6512.967
1833.288     6495.228
1833.154     6497.334
1830.907     6491.502
1829.601     6485.589
1827.391     6484.05
1826.053     6477.732
1825.644     6469.47
1822.483     6452.784
1822.279     6455.295
1820.365     6448.329
1818.667     6444.036
1818.5     6440.796
1815.307     6425.406
1814.958     6423.948
1811.759     6412.932
1811.485     6413.337
1810.109     6405.723
1807.91     6394.464
1806.658     6387.417
1804.728     6385.797
1804.201     6385.311
1801.116     6372.756
1800.551     6372.756
1799.584     6365.79
1796.906     6355.341
1796.869     6358.095
1794.041     6341.085
1793.262     6340.032
1790.558     6334.443
1789.666     6331.203
1789.064     6327.639
1786.171     6320.106
1785.553     6316.299
1783.494     6306.255
1782.382     6306.741
1780.086     6295.725
1778.732     6294.51
1778.361     6292.89
1775.189     6287.058
1774.888     6284.142
1773.071     6273.936
1771.502     6268.752
1769.647     6259.842
1767.83     6257.817
1767.637     6254.739
1764.39     6243.561
1763.965     6243.966
1760.831     6231.978
1760.471     6234.246
1759.084     6221.367
1756.821     6217.155
1753.66     6210.513
1753.209     6210.027
1752.203     6206.949
1749.623     6191.073
1748.672     6186.699
1745.925     6179.004
1745.779     6182.892
1743     6174.792
1742.167     6171.066
1739.474     6162.966
1738.651     6158.349
1737.942     6149.844
1734.953     6140.529
1734.378     6142.878
1732.351     6142.149
1731.142     6130.404
1728.83     6126.273
1727.529     6116.715
1727.132     6117.12
1724.019     6103.512
1723.578     6102.702
1720.294     6096.222
1719.912     6088.851
1718.267     6089.337
1716.483     6073.704
1714.698     6069.33
1712.999     6064.389
1712.591     6061.797
1709.371     6048.756
1709.059     6046.407
1707.715     6042.843
1705.484     6031.989
1705.366     6033.933
1702.302     6024.861
1701.829     6013.683
1698.7     6004.449
1698.195     6002.586
1697.168     5998.05
1694.54     5993.352
1694.507     5989.788
1691.583     5979.825
1690.847     5975.856
1687.992     5960.142
1687.261     5962.572
1686.595     5959.494
1684.498     5956.011
1683.573     5951.637
1680.832     5938.434
1679.827     5936.085
1679.251     5928.309
1676.118     5920.776
1675.983     5918.913
1673.699     5908.95
1672.312     5910.003
1671.984     5903.685
1668.844     5894.775
1668.473     5895.747
1666.726     5883.759
1664.979     5880.6
1663.076     5871.123
1661.399     5865.777
1661.071     5863.428
1657.884     5857.191
1657.464     5857.515
1656.115     5849.253
1653.976     5842.611
1652.524     5833.782
1650.627     5826.087
1649.987     5821.794
1646.509     5810.859
1645.434     5812.155
1643.38     5803.407
1642.8     5799.438
1639.768     5791.743
1639.107     5787.288
1638.241     5781.942
1635.591     5770.197
1634.785     5773.113
1632.704     5766.228
1631.635     5762.826
1629.178     5752.62
1628.092     5745.33
1627.453     5743.467
1624.345     5736.582
1624.227     5735.772
1621.873     5723.217
1620.658     5720.139
1620.212     5717.142
1617.072     5704.182
1616.675     5704.992
1614.976     5699.889
1613.213     5692.68
1611.347     5689.035
1609.434     5682.96
1609.267     5679.963
1606.031     5667.489
1605.66     5664.168
1604.273     5661.009
1602.058     5655.096
1600.779     5652.18
1598.801     5643.513
1598.22     5638.329
1595.194     5631.282
1594.758     5627.718
1593.64     5625.207
1590.92     5611.599
1589.969     5610.708
1587.862     5605.443
1587.152     5600.259
1584.281     5593.536
1583.534     5585.679
1582.76     5578.794
1579.718     5577.093
1579.105     5575.716
1577.084     5567.373
1575.96     5563.161
1573.589     5556.276
1572.38     5548.5
1571.794     5542.587
1568.504     5531.085
1568.364     5527.44
1566.332     5519.664
1564.865     5518.368
1564.462     5517.153
1561.183     5512.86
1560.989     5511.888
1559.21     5499.576
1557.312     5495.769
1557.103     5488.803
1553.856     5483.457
1553.426     5477.625
1552.033     5466.933
1549.711     5465.394
1548.432     5455.107
1546.405     5452.758
1545.803     5450.49
1542.734     5442.066
1541.142     5440.527
1539.068     5432.751
1538.39     5429.997
1537.541     5425.785
1534.789     5413.959
1533.961     5414.445
1531.827     5403.753
1530.924     5401.647
1528.246     5396.382
1527.349     5391.522
1526.639     5388.282
1523.586     5376.861
1522.925     5376.051
1520.85     5366.088
1519.613     5356.611
1517.372     5349.483
1516.135     5345.757
1515.625     5347.944
1512.319     5336.28
1511.889     5334.093
1510.088     5330.934
1508.325     5328.747
1506.535     5322.105
1504.556     5312.061
1504.384     5309.064
1501.164     5297.886
1500.815     5296.752
1499.493     5293.836
1497.267     5285.493
1497.192     5279.985
1495.004     5276.502
1493.644     5271.642
1493.284     5266.458
1489.956     5251.716
1489.537     5254.551
1487.811     5248.395
1486.075     5237.784
1484.21     5234.544
1482.414     5221.746
1482.28     5222.151
1478.947     5209.191
1478.48     5210.325
1475.152     5202.954
1474.813     5198.661
1473.41     5191.776
1471.131     5181.57
1469.809     5183.838
1467.793     5173.713
1467.126     5172.66
1464.089     5161.158
1463.39     5155.164
1462.557     5153.301
1459.783     5145.606
1458.929     5144.877
1456.8     5135.967
1455.908     5130.216
1452.999     5132.16
1452.22     5128.11
1451.478     5119.767
1448.43     5110.614
1447.871     5103.081
1445.828     5092.47
1444.635     5090.445
1442.125     5080.158
1440.813     5081.94
1440.453     5074.974
1437.174     5069.304
1436.717     5061.933
1434.916     5054.724
1432.927     5051.889
1429.718     5033.34
1429.277     5037.39
1427.691     5035.446
1425.681     5021.595
1424.084     5023.62
1422.192     5022.162
1421.778     5013.657
1418.515     5003.775
1418.09     4999.32
1416.827     4996.08
1414.806     4986.117
1414.177     4980.285
1411.091     4970.241
1410.532     4968.945
1409.468     4960.683
1406.716     4953.393
1406.597     4958.172
1403.625     4949.991
1402.722     4942.863
1402.082     4939.704
1399.061     4928.931
1398.41     4926.339
1396.341     4920.102
1395.174     4917.672
1392.659     4904.388
1391.535     4899.366
1390.917     4900.905
1387.702     4887.783
1387.514     4887.378
1385.332     4882.113
1383.816     4881.87
1381.666     4868.829
1380.214     4862.268
1379.763     4860.486
1376.381     4852.791
1376.145     4855.14
1374.323     4846.716
1372.291     4835.943
1372.119     4834.809
1368.834     4818.042
1368.334     4820.472
1367.06     4815.045
1364.733     4804.272
1363.356     4797.468
1361.324     4789.935
1360.771     4788.801
1359.723     4787.424
1357.062     4776.327
1356.019     4775.274
1353.336     4764.744
1353.17     4764.582
1350.165     4752.675
1349.466     4755.348
1348.627     4748.787
1345.639     4739.634
1345.51     4736.637
1342.779     4724.001
1341.72     4718.169
1339.08     4708.449
1338.005     4701.888
1337.489     4703.265
1334.258     4690.71
1334.119     4689.09
1331.829     4684.311
1330.227     4671.918
1329.958     4670.946
1326.652     4660.011
1326.297     4660.011
1324.577     4653.207
1322.454     4643.325
1319.121     4637.007
1318.841     4634.739
1317.202     4629.798
1314.971     4621.131
1314.777     4619.025
1311.455     4602.582
1310.966     4601.529
1309.741     4595.292
1307.273     4588.974
1306.155     4586.949
1304.091     4575.69
1303.446     4572.369
1300.344     4564.836
1299.651     4560.948
1298.758     4553.415
1295.941     4544.586
1295.861     4547.988
1292.915     4539.483
1291.969     4537.053
1291.356     4532.679
1288.136     4524.012
1287.539     4517.775
1285.529     4508.946
1284.217     4508.298
1281.933     4497.93
1280.718     4495.824
1280.202     4492.341
1276.928     4480.515
1276.299     4483.755
1274.504     4474.845
1272.751     4472.253
1272.472     4472.253
1269.15     4454.271
1268.789     4453.785
1267.198     4449.168
1265.139     4440.339
1263.516     4434.345
1261.699     4433.13
1261.172     4433.373
1257.963     4422.762
1257.517     4420.818
1256.168     4414.5
1253.668     4405.752
1253.512     4405.671
1250.335     4388.013
1249.561     4384.449
1248.685     4378.779
1245.906     4372.866
1244.9     4368.087
1242.809     4359.42
1241.928     4354.803
1239.132     4343.301
1238.251     4339.98
1237.471     4339.575
1234.37     4328.397
1233.778     4327.506
1231.709     4318.677
1230.424     4312.116
1228.021     4296.888
1226.79     4293.81
1226.274     4292.919
1224.36     4286.277
1222.807     4282.389
1220.555     4272.102
1219.028     4271.211
1218.571     4269.105
1215.313     4255.578
1215.066     4256.226
1213.233     4255.335
1211.094     4249.341
1209.648     4246.344
1207.384     4236.3
1205.847     4231.521
1203.874     4220.505
1203.347     4215.807
1200.122     4209.894
1199.611     4203.738
1198.316     4203.9
1195.736     4194.423
1195.601     4191.669
1192.51     4186.404
1191.725     4177.575
1190.86     4179.033
1187.909     4165.911
1187.065     4166.559
1184.99     4162.671
1184.033     4152.222
1181.34     4141.854
1180.34     4137.804
1179.706     4136.265
1176.459     4122.576
1176.217     4119.174
1173.706     4107.915
1172.389     4103.865
1172.013     4103.784
1168.745     4094.712
1168.143     4094.307
1166.315     4083.858
1164.681     4080.618
1162.708     4065.957
1161.031     4060.206
1160.488     4058.91
1157.107     4050.486
1156.833     4048.38
1155.193     4042.062
1153.021     4038.498
1152.801     4038.498
1149.479     4025.862
1148.936     4025.052
1147.737     4017.276
1145.237     4011.363
1143.958     4004.073
1141.786     3996.054
1141.157     3996.297
1138.099     3984.309
1137.47     3984.228
1136.432     3979.044
1133.513     3965.517
1133.39     3967.056
1130.535     3950.856
1129.514     3953.205
1128.923     3951.504
1125.816     3933.441
1125.084     3933.684
1123.101     3923.559
1121.8     3928.743
1119.3     3917.079
1118.048     3916.512
1117.559     3908.979
1115.613     3896.91
1114.038     3899.745
1111.893     3889.863
1110.345     3888.648
1109.834     3888.081
1106.582     3875.202
1106.329     3876.093
1104.415     3861.513
1102.448     3861.432
1102.292     3858.03
1098.529     3847.986
1097.024     3842.073
1095.003     3837.699
1094.487     3830.571
1091.267     3822.795
1090.772     3819.15
1089.504     3816.72
1086.88     3801.654
1086.703     3800.925
1083.66     3789.666
1082.967     3785.211
1081.903     3785.778
1079.086     3773.061
1078.898     3772.089
1076.006     3768.525
1075     3761.397
1074.345     3756.78
1071.2     3747.708
1070.576     3748.113
1068.485     3743.172
1067.195     3735.315
1064.62     3726.648
1063.486     3718.71
1062.852     3719.115
1059.572     3704.859
1059.363     3699.837
1057.191     3699.432
1055.541     3685.176
1055.197     3681.774
1051.789     3674.889
1051.278     3672.054
1047.897     3656.016
1047.58     3654.315
1045.886     3648.645
1043.586     3643.137
1043.392     3640.059
1040.054     3632.04
1039.575     3631.878
1038.366     3622.401
1035.721     3616.893
1034.619     3605.958
1032.496     3601.746
1031.867     3600.855
1028.749     3588.381
1028.023     3588.705
1027.007     3582.63
1024.121     3573.234
1023.884     3571.938
1021.051     3558.978
1020.186     3561.165
1019.455     3554.037
1016.262     3539.7
1015.627     3540.429
1013.622     3533.058
1012.316     3533.382
1009.746     3519.612
1008.521     3516.615
1008.005     3512.079
1006.053     3507.219
1004.403     3505.194
1002.178     3496.527
1000.49     3494.178
1000.194     3492.558
996.872     3477.006
996.302     3476.439
994.732     3468.258
992.668     3465.342
990.894     3458.619
989.04     3450.114
988.54     3450.114
984.75     3434.319
984.567     3431.484
981.277     3428.325
980.67     3421.278
979.487     3417.39
976.805     3407.67
975.681     3410.667
973.58     3401.19
972.805     3388.716
969.736     3382.479
968.967     3377.133
968.032     3373.974
965.038     3364.416
964.839     3364.335
962.173     3357.45
961.017     3348.783
960.415     3345.3
957.27     3332.259
956.528     3332.016
954.469     3328.209
953.174     3321
950.873     3312.495
949.519     3306.339
948.943     3306.339
945.481     3294.594
945.358     3290.868
943.256     3293.622
941.353     3276.936
941.014     3273.858
937.692     3265.758
937.219     3262.437
935.633     3256.2
933.526     3251.34
931.924     3251.34
930.027     3241.782
929.478     3235.626
926.199     3225.744
925.651     3221.613
924.361     3222.585
921.743     3204.522
921.603     3205.737
918.496     3200.067
917.679     3197.88
916.84     3196.098
913.889     3177.711
912.938     3170.421
910.804     3165.561
909.82     3165.561
909.159     3157.623
905.944     3145.149
905.331     3137.13
902.042     3132.27
901.853     3130.083
899.365     3120.444
897.892     3116.718
897.456     3111.291
894.236     3101.409
893.715     3094.038
891.817     3085.938
890.07     3085.938
888.06     3079.62
886.42     3077.919
885.909     3066.012
882.453     3057.912
882.184     3057.345
880.459     3047.787
878.249     3050.46
878.056     3045.924
874.685     3036.366
874.029     3031.425
870.772     3023.082
870.132     3020.814
866.783     3000.483
866.111     2998.053
865.138     2998.62
862.386     2987.037
861.424     2985.66
859.365     2977.479
858.451     2978.613
855.468     2960.874
854.5     2958.525
851.753     2945.97
850.802     2944.755
849.974     2943.54
846.705     2931.795
846.539     2930.499
844.007     2925.72
842.534     2918.592
842.12     2916.648
838.744     2905.065
838.545     2907.252
836.266     2889.918
834.707     2886.111
834.342     2886.354
830.885     2877.525
830.407     2869.506
828.74     2863.755
826.735     2854.602
824.961     2854.197
823.08     2846.745
822.569     2841.885
819.15     2830.464
818.785     2828.52
817.35     2831.112
814.759     2818.881
814.586     2814.993
811.329     2807.298
810.662     2800.008
807.464     2794.581
806.819     2789.883
805.814     2787.777
802.879     2778.057
802.776     2777.895
799.895     2766.555
798.847     2764.611
795.939     2751.408
795.014     2747.115
794.331     2744.199
791.128     2734.56
791.009     2735.775
788.391     2724.03
786.983     2719.332
786.548     2717.307
783.274     2709.531
782.693     2703.213
780.769     2699.163
779.081     2697.948
777.006     2691.954
775.372     2680.209
774.861     2679.48
771.469     2670.732
771.157     2667.33
769.292     2654.208
767.158     2649.672
766.937     2645.055
763.653     2632.014
763.008     2624.643
761.734     2615.49
759.315     2615.328
755.778     2603.988
755.133     2603.745
754.128     2600.1
751.3     2593.944
750.203     2592.324
748.075     2582.766
747.177     2579.931
744.274     2566.647
743.468     2562.759
742.527     2557.17
739.447     2546.721
738.727     2544.048
736.533     2536.839
735.27     2536.272
732.754     2526.633
731.513     2522.664
730.943     2521.044
727.583     2508.246
727.389     2510.757
725.078     2504.601
723.449     2496.906
723.132     2493.099
719.772     2478.762
719.202     2481.435
717.472     2473.902
715.488     2464.587
713.585     2460.051
711.854     2451.789
711.295     2446.038
707.898     2434.212
707.597     2431.215
706     2426.112
703.635     2421.009
702.21     2413.071
700.168     2403.351
699.426     2402.703
696.265     2396.142
695.588     2391.606
694.502     2386.341
691.647     2379.051
691.545     2375.244
688.535     2369.331
687.557     2362.932
686.756     2361.636
683.734     2352.078
682.998     2349.729
680.783     2341.386
679.671     2339.118
677.047     2331.018
675.677     2320.083
675.187     2316.6
671.983     2308.824
671.301     2307.285
669.403     2300.643
667.785     2295.135
665.673     2288.817
664.124     2281.527
663.479     2280.879
660.06     2272.779
659.792     2270.592
657.964     2262.816
655.959     2259.414
654.255     2247.831
652.368     2240.622
651.744     2236.167
648.422     2224.584
647.944     2221.02
646.514     2215.512
643.869     2207.574
640.483     2202.147
639.918     2192.67
638.752     2190.807
635.967     2177.604
635.817     2176.065
632.726     2169.423
631.796     2164.239
631.027     2156.625
627.958     2148.039
627.184     2145.447
625.055     2135.241
623.98     2135.727
621.276     2123.577
620.115     2122.848
619.448     2119.527
616.148     2107.377
615.965     2106.405
613.621     2092.878
612.057     2090.772
611.68     2088.666
608.24     2083.887
607.659     2077.002
605.923     2072.385
603.907     2068.335
602.101     2059.02
600.349     2051.73
599.741     2052.297
596.43     2043.306
595.978     2038.284
594.479     2027.754
592     2023.866
591.823     2021.274
588.56     2006.613
587.845     2010.744
586.759     2008.719
584.141     1997.46
582.916     1994.463
580.792     1984.743
579.862     1979.478
576.97     1967.895
576.11     1966.599
575.186     1967.976
572.138     1954.449
571.95     1954.53
569.192     1941.651
567.993     1940.355
567.461     1935.981
564.23     1927.071
563.574     1927.152
561.532     1915.893
560.075     1909.656
557.694     1899.693
556.28     1894.266
555.646     1893.051
552.248     1888.596
551.985     1883.979
549.947     1871.586
548.093     1865.997
547.835     1869.075
544.411     1855.872
543.825     1853.118
542.346     1850.283
540.046     1839.672
538.444     1835.46
536.035     1825.254
535.853     1821.285
532.686     1812.051
531.939     1806.138
530.853     1803.789
528.203     1795.77
524.801     1790.262
524.123     1783.458
523.107     1777.626
520.188     1773.738
520.07     1770.174
517.087     1764.018
516.13     1757.943
515.409     1761.345
512.329     1749.114
511.598     1741.176
509.405     1736.235
508.077     1723.68
505.416     1718.577
504.287     1709.586
503.572     1710.315
500.326     1698.246
500.137     1694.601
497.804     1695.573
496.203     1685.448
493.827     1678.239
492.332     1672.893
491.821     1668.762
488.472     1656.369
488.128     1654.668
486.166     1647.135
484.156     1639.845
483.898     1637.253
480.608     1620.972
479.995     1623.402
478.576     1620.405
476.195     1617.57
474.743     1614.978
472.808     1605.744
472.115     1596.105
468.846     1587.762
468.104     1584.441
467.051     1575.612
464.256     1569.861
463.186     1561.518
460.976     1551.879
460.046     1551.393
457.138     1539.324
456.289     1541.511
455.434     1534.383
452.354     1518.669
451.499     1518.507
449.403     1511.541
448.215     1509.678
445.618     1503.603
444.361     1500.525
443.71     1494.369
440.458     1488.294
440.135     1486.35
437.969     1477.602
436.098     1469.907
434.088     1458
432.502     1454.274
431.981     1451.115
428.599     1437.912
428.298     1441.557
426.449     1433.538
424.277     1427.625
424.1     1424.142
420.746     1414.827
420.101     1414.584
418.8     1408.995
416.338     1400.49
415.005     1386.558
412.914     1377
412.209     1379.187
408.398     1368.9
408.194     1365.903
405.178     1359.504
404.232     1353.267
403.393     1352.781
400.281     1342.008
399.518     1344.519
397.362     1336.338
396.206     1326.78
393.54     1322.649
392.422     1315.44
391.761     1313.496
388.449     1295.676
388.25     1293.489
385.912     1291.383
384.326     1283.283
383.961     1281.258
380.59     1269.027
380.037     1264.329
376.639     1252.746
376.349     1252.584
374.521     1249.911
372.398     1239.381
372.22     1236.87
368.802     1225.935
368.189     1218.078
366.775     1214.514
364.464     1213.137
363.012     1209.33
360.98     1202.526
360.346     1204.551
357.051     1189.08
356.459     1184.139
355.39     1175.148
352.605     1171.827
352.444     1171.503
349.342     1156.761
348.412     1160.163
345.499     1146.312
344.601     1143.558
343.789     1138.617
340.661     1122.336
340.499     1122.417
337.774     1115.937
336.457     1110.753
335.989     1104.597
332.78     1099.413
332.167     1093.095
330.232     1087.911
328.646     1088.721
326.345     1075.275
324.867     1072.683
324.389     1068.552
320.932     1060.047
320.486     1053.486
318.82     1050.165
316.707     1049.193
314.917     1033.803
313.111     1031.94
312.509     1024.164
309.154     1016.064
308.681     1014.282
307.278     1011.123
304.773     1003.509
304.537     1000.512
301.414     986.661
300.688     982.692
297.506     970.785
296.882     969.732
293.705     958.473
292.764     949.239
291.92     950.292
288.856     944.136
288.109     942.597
285.959     932.796
284.814     930.123
282.212     923.4
281.035     918.135
280.309     912.222
277.17     899.91
276.965     899.748
274.611     893.673
273.052     886.221
272.617     889.299
269.332     881.766
268.762     876.744
266.972     875.367
265.075     867.429
263.177     859.167
261.129     850.338
260.876     848.151
257.673     841.671
257.071     834.948
253.619     821.907
253.265     818.91
251.91     816.642
249.4     797.931
249.125     796.554
245.975     791.451
245.309     787.239
242.191     781.569
241.557     775.98
240.482     778.896
237.595     766.584
237.444     763.02
234.466     752.247
233.488     745.848
232.784     745.2
229.73     737.991
228.978     741.312
226.881     736.047
225.602     728.433
223.059     725.436
221.71     713.448
221.269     715.473
217.979     706.158
217.286     694.494
215.517     688.095
213.872     684.045
211.83     676.269
210.228     676.917
209.696     671.004
206.427     662.823
206.078     663.957
204.256     649.296
202.116     647.514
201.923     640.953
198.627     630.018
197.961     629.775
194.682     621.756
194.198     618.678
192.999     609.606
190.387     607.824
190.15     604.908
187.086     591.219
186.161     591.624
185.301     581.823
182.506     572.589
179.775     569.997
178.625     561.411
177.942     558.252
174.733     546.102
174.088     541.647
172.174     534.519
170.594     533.547
168.422     527.958
166.906     520.02
166.401     520.83
163.068     499.527
162.729     497.907
161.192     503.01
159.079     493.452
157.461     494.019
155.462     488.673
154.86     480.816
151.688     470.691
151.172     467.937
149.979     463.401
147.291     450.36
147.183     451.17
144.211     442.503
143.27     437.724
140.421     433.917
139.636     430.11
138.749     425.412
135.717     416.907
134.943     411.237
132.927     404.757
131.68     400.059
129.121     386.694
127.81     379.89
127.374     382.482
124.197     373.977
123.568     371.952
121.741     367.659
120.106     362.151
118.042     357.291
116.279     350.406
114.403     341.172
112.812     336.555
112.296     338.904
109.022     323.595
108.662     317.925
107.022     315.495
104.818     306.099
103.405     307.233
101.464     301.239
100.722     296.136
97.696     286.983
97.158     285.606
95.976     275.481
93.331     269.325
93.18     267.786
90.272     255.474
89.348     256.446
86.531     249.804
85.735     246.321
84.875     245.916
81.881     231.984
81.682     234.495
79.182     225.18
78.005     222.264
77.468     214.974
74.387     208.251
73.699     201.852
71.85     199.098
69.974     200.556
66.765     184.761
66.216     186.543
64.512     181.926
62.717     173.097
60.905     166.05
58.997     160.704
58.718     161.919
55.637     145.881
55.078     143.856
53.847     141.264
51.536     128.223
50.208     129.519
47.805     120.042
47.633     118.503
44.644     112.509
43.881     110.322
42.908     105.786
40.269     102.303
39.317     98.496
36.592     86.022
36.463     89.019
33.748     79.623
32.678     80.19
32.146     81
29.206     77.112
28.528     70.794
26.679     60.669
25.384     60.588
23.121     56.214
21.637     49.167
19.465     43.254
18.191     40.176
17.664     36.855
14.627     30.132
13.987     32.076
10.929     25.272
10.364     21.303
8.956     20.331
7.08     14.418
5.553     11.097
3.484     4.05
2.113     0.243
0.403     -1.215
-0.398     -3.159
-3.225     -5.67
