Distance_nm     Force_uN
0     0.891
-0.098     0.324
0.17     0.243
1.176     0.729
2.931     0
3.462     0
3.462     0.405
4.097     0.324
5.977     -0.162
6.649     -1.701
7.096     -1.944
7.777     -1.377
9.484     -0.486
9.815     -0.081
9.691     -0.486
10.31     -0.648
12.912     -0.486
12.806     -0.648
13.307     -0.405
15.169     0.567
15.71     1.863
15.275     2.025
15.548     1.377
17.579     0.162
18.793     -0.486
18.929     -0.729
19.267     -0.162
20.864     -0.405
21.945     -1.782
22.302     -1.053
22.329     -0.081
23.733     -0.486
24.963     -0.81
25.075     -1.053
25.251     -0.324
26.667     0.81
27.586     0.648
27.64     0.567
27.73     1.215
29.079     1.62
30.382     1.458
30.536     0.891
30.708     1.215
31.948     0.486
33.601     -1.134
34.133     -1.944
34.397     -1.62
35.605     -0.324
36.85     -0.162
37.001     0.162
36.91     0.162
38.031     -0.081
39.802     0.081
39.98     0.162
39.89     0.729
40.755     -0.324
42.815     -0.324
43.094     0.648
42.772     1.377
43.488     2.43
45.024     1.458
45.609     -1.701
46.41     -1.296
47.149     0.972
48.398     2.106
48.511     -0.324
49.123     -2.673
50.423     -0.567
51.736     2.187
51.517     2.673
51.319     0.648
52.422     -1.377
54.884     -1.134
55.456     0.567
54.955     2.268
54.897     1.62
56.928     0.243
58.169     -0.081
58.214     0.648
58.293     1.62
59.776     2.025
60.674     0.891
60.992     -0.486
61.549     -0.486
63.207     0.729
64.042     0.324
64.16     -0.486
64.508     -0.324
66.044     0.729
67.022     0.405
67.14     -1.134
67.655     -1.539
69.227     -0.81
70.428     0.162
70.242     1.458
69.976     1.296
71.383     1.296
72.894     1.053
73.08     1.458
73.03     1.053
74.37     -0.243
76.332     -0.729
76.593     -0.729
76.609     -0.486
77.707     0.324
79.139     0.729
79.226     0.081
79.388     -0.729
80.61     -0.729
82.432     -0.891
82.791     -1.539
82.911     -0.729
83.564     1.296
84.856     1.782
85.147     0.648
85.366     0.729
86.076     0.81
87.929     0.972
88.407     -0.081
88.698     -0.648
89.56     0.405
91.148     0.567
91.626     1.053
91.512     0.81
92.135     -0.648
94.398     -1.053
95.175     -0.81
95.084     -0.81
95.537     -0.324
97.271     1.377
97.591     1.62
97.442     1.458
97.854     0.567
99.908     -0.405
101.125     0.162
101.28     0.648
102.903     0.648
103.883     1.053
103.769     1.134
103.964     0.567
105.873     0.567
107.021     -0.162
107.205     -1.62
107.689     -1.62
109.294     0.243
110.103     1.215
109.902     1.377
109.932     0.729
111.648     -0.162
113.275     -0.162
113.307     0.081
113.305     -0.162
114.823     -0.729
116.528     0.486
116.288     1.863
115.921     2.187
117.03     1.701
118.823     0.081
119.529     -0.891
119.809     -1.134
120.953     -0.567
122.629     -0.081
122.741     -0.324
122.727     0.324
123.539     -0.081
125.537     -0.162
125.838     -0.243
125.849     -0.81
126.842     -0.486
128.625     0
128.911     1.377
128.497     2.106
129.045     1.377
131.119     1.62
131.57     1.701
131.512     0.81
132.391     1.215
134.179     0.243
135.028     -0.891
135.309     -1.053
135.916     -0.648
137.761     -0.081
138.342     1.701
137.745     2.754
137.896     2.835
139.802     1.377
141.059     0.243
141.356     0.891
141.536     2.754
142.866     3.645
143.519     4.05
143.368     4.131
143.589     4.941
145.158     5.346
146.171     5.589
146.075     4.212
146.695     3.888
148.471     5.184
149.337     5.022
149.448     4.617
149.714     4.617
151.304     4.293
152.728     4.293
152.818     4.212
152.981     4.455
154.37     5.103
155.613     5.346
155.643     5.832
155.587     7.533
156.56     7.695
158.07     7.209
158.347     7.128
158.38     7.857
159.459     7.938
161.144     7.695
161.356     7.047
161.455     7.776
162.382     8.667
163.887     8.343
164.205     7.452
164.453     6.885
165.594     6.237
167.61     6.804
167.874     8.424
167.469     9.558
168.025     11.421
169.386     10.854
169.911     9.558
170.246     9.801
170.987     11.178
172.505     12.312
172.718     12.555
172.585     13.041
173.145     12.96
175.083     11.907
175.943     12.474
175.745     12.555
176.313     12.798
178.217     12.393
179.025     11.583
179.204     13.527
179.149     16.119
180.401     14.742
181.626     12.879
182.081     15.957
181.613     19.845
182.398     20.331
183.19     19.278
183.513     19.683
183.778     23.328
184.618     24.705
185.282     24.948
185.196     24.462
187.211     24.462
188.317     23.247
188.662     23.247
188.904     24.786
190.152     27.216
190.768     25.677
191.252     22.761
192.156     26.244
192.759     32.643
192.464     35.316
191.919     33.939
192.344     33.777
193.783     37.989
194.181     40.176
193.719     41.958
193.312     41.472
194.795     42.606
196.151     44.469
195.844     46.089
195.396     45.927
196.619     48.924
197.515     50.787
197.286     48.195
198.035     48.033
199.169     52.974
199.641     57.996
198.586     58.158
198.59     59.211
199.22     62.451
200.21     66.825
199.438     66.744
199.486     72.333
198.833     74.034
200.254     74.277
200.647     77.76
199.686     81.891
199.275     83.106
200.914     81.729
201.913     80.838
202.093     81.405
202.505     86.913
203.021     86.994
203.684     87.48
203.518     90.315
203.304     93.798
204.292     95.661
204.6     95.985
204.472     99.873
203.798     106.839
203.784     110.241
203.861     108.783
204.265     110.808
204.057     116.154
204.49     113.805
206.138     117.207
205.236     119.475
204.91     123.201
205.686     126.279
206.018     126.522
205.937     124.578
206.577     126.441
207.717     129.114
208.4     131.544
207.81     132.759
207.565     131.868
209.303     136.647
209.582     140.049
208.817     140.616
208.708     145.071
208.825     146.043
210.198     146.691
210.247     152.037
208.868     159.732
208.027     160.299
209.587     154.305
211.459     153.09
211.81     157.302
211.75     164.916
211.536     166.941
211.28     169.614
210.541     173.016
210.671     176.58
211.616     175.932
212.168     175.041
212.395     183.951
210.804     190.593
210.886     187.92
212.067     188.892
211.845     194.157
211.162     195.291
212.76     192.618
214     194.238
213.573     199.989
212.661     205.416
213.182     203.391
214.402     205.011
213.907     208.494
213.557     211.329
214.828     212.787
215.218     214.083
214.867     215.622
214.894     219.105
215.876     217.971
217.042     218.7
216.832     223.965
215.833     231.903
215.649     233.28
216.261     230.445
217.028     231.984
216.891     236.844
217.38     238.14
218.092     236.439
218.625     234.414
219.381     239.922
219.555     244.539
219.635     246.078
219.329     247.05
219.197     251.1
221.044     249.075
221.721     248.184
222.095     257.013
221.236     265.518
220.453     266.166
220.47     264.465
221.018     268.515
221.339     277.911
220.412     280.017
220.019     278.802
220.375     275.643
222.46     279.369
223.188     282.609
222.613     284.715
222.089     284.634
223.3     289.17
223.891     292.572
223.237     295.164
222.546     293.868
223.886     293.058
225.945     293.949
226.06     298.323
224.888     302.535
224.629     310.473
224.423     311.688
224.599     308.043
225.619     306.099
226.922     313.632
226.892     319.545
225.842     315.981
226.75     313.146
228.122     315.09
229.563     321.408
228.546     322.704
228.211     325.944
227.911     328.212
229.243     332.1
228.965     331.533
229.084     331.29
229.597     335.583
230.358     342.306
229.423     344.25
228.947     345.303
229.051     347.409
230.395     348.948
231.011     346.599
231.58     348.219
231.495     356.967
231.079     364.905
230.047     365.067
230.009     364.905
230.352     368.064
231.284     372.357
231.397     367.821
232.623     370.251
232.08     376.407
232.081     379.728
232.591     379.08
232.853     377.865
233.346     387.585
232.296     392.688
232.394     389.529
233.405     388.152
233.861     396.333
233.086     400.545
233.531     402.165
233.273     403.38
233.06     405.81
233.717     407.511
234.949     407.673
235.153     412.938
233.812     420.309
233.036     420.633
234.703     418.122
235.694     419.661
235.289     423.549
235.289     429.462
235.618     429.057
236.053     425.25
237.047     427.356
237.443     430.434
238.523     436.914
237.195     442.989
235.591     445.743
235.668     444.771
237.849     442.665
238.947     441.693
239.28     447.12
238.491     452.628
238.944     453.114
239.43     453.114
239.473     459.432
238.388     462.105
239.623     457.326
241.666     456.192
242.006     461.538
241.049     468.261
241.246     469.476
241.78     468.828
241.984     472.959
241.299     479.358
241.472     480.411
242.118     477.981
242.761     480.411
242.46     487.863
242.274     489.078
243.039     487.215
243.578     488.106
243.588     491.994
244.305     493.452
245.2     495.72
244.664     500.256
243.697     502.362
244.804     500.499
246.575     502.929
246.053     509.004
244.633     516.051
244.35     517.752
245.497     517.995
245.558     521.802
245.949     527.715
245.883     533.709
244.49     532.575
244.892     529.092
247.121     534.033
247.526     540.594
246.066     541.404
245.965     541.809
247.053     547.56
247.241     552.582
246.207     553.878
245.914     553.878
246.988     557.847
247.825     560.358
247.508     563.841
246.569     568.458
246.238     571.05
247.447     564.408
249.661     566.028
249.223     570.645
248.84     575.262
249.573     580.527
248.621     576.153
249.83     574.29
251.106     584.091
250.488     594.702
248.258     594.783
248.253     590.895
249.9     595.188
250.698     603.45
249.164     607.176
248.175     607.581
248.641     606.852
250.836     611.469
250.426     616.248
249.194     618.678
249.009     624.105
249.473     627.75
249.412     624.591
250.323     622.323
251.233     624.348
252.52     628.56
252.497     630.099
252.155     634.068
251.365     640.548
251.37     643.059
251.937     640.305
252.745     640.953
252.82     648.486
252.48     656.262
251.76     653.751
252.582     650.349
253.658     653.913
254.266     661.122
253.744     663.795
253.194     664.443
253.158     663.147
254.968     668.169
255.182     674.73
253.611     677.646
252.923     678.861
253.973     681.858
254.843     681.453
255.225     685.665
254.191     688.014
254.791     690.201
255.946     691.902
255.803     691.578
255.947     695.061
256.045     703.323
255.753     704.619
255.802     705.348
255.66     707.778
255.886     709.398
257.402     708.102
258.217     707.94
258.291     712.557
257.787     717.498
258.465     721.062
258.209     720.09
258.542     722.601
258.483     725.355
259.713     728.19
259.573     731.592
258.739     737.1
257.886     742.689
258.302     745.2
258.385     744.714
258.525     750.951
257.283     755.163
258.166     755.244
259.097     755.082
259.167     758.241
258.662     763.101
259.245     762.777
260.311     766.098
259.499     770.796
258.573     772.416
259.941     778.572
259.511     781.812
258.762     784.971
258.125     788.94
258.836     785.781
260.958     783.837
261.555     788.778
260.422     795.906
260.227     793.071
262.404     792.342
262.694     801.09
260.487     810.729
259.486     808.461
261.633     805.626
262.552     809.919
261.508     821.421
259.83     825.714
260.339     823.527
261.09     822.312
262.831     826.848
263.364     827.172
263.541     829.035
263.07     832.68
263.32     841.266
262.862     843.21
262.66     842.319
262.966     843.21
263.76     847.746
264.42     850.662
264.053     852.687
263.581     855.603
263.746     864.108
263.405     868.806
262.616     864.432
263.798     864.189
264.689     870.021
265.124     874.071
264.571     875.61
264.218     877.149
264.519     882.171
265.212     882.414
265.826     883.791
265.48     887.355
265.103     896.427
264.611     899.343
264.56     896.265
265.423     895.212
266.199     902.988
266.073     905.175
266.338     905.742
266.234     907.524
266.233     910.197
267.489     915.462
267.043     917.001
266.654     919.188
266.402     923.967
266.997     929.232
266.762     929.475
266.797     930.204
266.876     936.198
267.047     943.164
266.463     944.217
266.299     941.22
267.335     944.946
267.963     949.401
268.123     948.753
268.459     951.912
267.832     956.205
268.23     960.822
268.504     964.791
267.588     964.953
267.666     971.838
267.294     982.287
266.166     980.505
266.862     980.343
266.995     982.287
267.751     987.147
268.213     984.96
269.081     985.284
269.094     988.767
269.334     993.546
269.929     994.68
269.963     993.627
270.286     993.465
271.356     998.649
271.917     999.378
272.17     998.325
272.435     1000.35
272.785     1007.397
272.838     1014.12
271.492     1015.983
271.038     1017.603
271.39     1025.379
271.323     1030.563
270.54     1031.211
270.473     1027.89
272.053     1032.831
272.71     1037.934
271.992     1040.121
271.351     1039.473
272.097     1043.847
272.984     1047.249
272.856     1049.679
272.293     1050.894
272.479     1055.997
273.093     1058.427
273.414     1058.67
273.391     1056.645
274.305     1060.857
275.024     1066.932
274.452     1069.848
273.759     1071.63
273.631     1077.138
273.984     1080.135
274.353     1080.702
274.302     1080.054
274.754     1084.995
275.206     1094.877
273.813     1096.74
273.432     1096.335
273.766     1099.899
274.438     1103.949
274.858     1104.111
274.968     1103.382
275.257     1109.376
275.048     1113.75
275.567     1115.613
275.228     1121.202
273.848     1128.087
273.344     1130.598
274.412     1131.489
274.369     1135.296
273.422     1143.477
272.489     1145.502
273.786     1143.153
274.76     1143.072
274.939     1151.496
275.636     1152.711
275.697     1152.549
275.808     1156.68
275.654     1163.565
275.772     1162.674
276.409     1164.051
276.095     1166.076
276.445     1171.179
277.058     1168.587
278.265     1169.073
278.173     1175.067
277.359     1183.248
277.188     1182.357
278.073     1186.65
276.987     1188.675
277.136     1191.186
278.499     1197.18
277.669     1198.152
277.447     1197.747
278.081     1201.716
278.929     1205.037
278.865     1206.576
278.528     1209.492
278.272     1214.028
279.047     1215.972
279.55     1214.595
279.928     1216.053
279.86     1226.583
278.974     1229.823
279.305     1228.851
279.617     1226.907
280.398     1235.25
280.001     1245.051
278.677     1242.702
279.409     1236.627
281.213     1241.811
281.542     1251.936
280.247     1258.659
278.539     1262.871
277.537     1265.625
278.44     1268.865
279.108     1271.943
278.466     1272.348
278.49     1275.264
279.128     1279.476
279.669     1282.554
279.059     1285.956
278.283     1292.112
277.995     1298.187
278.091     1293.813
279.558     1296.567
278.955     1299.24
279.474     1300.779
280.896     1303.047
280.602     1304.505
280.255     1308.474
280.244     1316.088
280.051     1317.222
280.191     1317.951
280.097     1318.761
280.85     1322.163
281.885     1326.699
281.128     1326.942
281.132     1327.266
281.904     1338.363
280.966     1339.74
281.115     1339.092
281.262     1342.251
281.251     1347.678
281.852     1347.273
282.56     1345.653
283.045     1348.245
283.017     1358.451
282.354     1363.635
281.756     1362.663
282.105     1361.286
283.02     1370.763
282.462     1371.654
283.008     1371.411
283.126     1372.95
283.279     1380.888
283.215     1382.103
283.818     1382.346
283.764     1384.371
283.587     1388.745
284.321     1391.823
284.632     1393.038
284.424     1391.418
285.193     1397.979
285.286     1405.431
284.515     1405.836
284.518     1404.945
284.993     1410.858
285.158     1416.609
284.973     1417.662
284.802     1419.525
284.553     1425.681
284.512     1428.921
285.133     1426.005
286.079     1425.195
286.442     1431.837
286.266     1439.937
285.76     1444.797
284.627     1442.691
285.309     1444.473
286.245     1448.28
286.915     1448.928
286.947     1452.978
286.01     1458.648
285.803     1463.103
286.432     1464.399
286.355     1463.67
286.639     1467.72
286.717     1473.309
287.127     1474.929
287.053     1474.119
287.364     1474.767
288.228     1481.652
288.319     1485.783
287.713     1487.079
288.309     1489.428
289.736     1493.478
289.199     1491.615
289.69     1496.556
289.162     1503.684
289.278     1503.036
290.004     1503.927
289.819     1506.438
289.881     1513.728
290.027     1518.345
289.549     1516.887
289.953     1519.398
289.821     1526.85
289.855     1531.143
289.574     1533.492
288.99     1535.841
288.843     1544.589
288.542     1548.396
288.49     1544.508
289.553     1543.536
290.25     1551.798
290.021     1550.178
291.527     1549.692
291.725     1555.605
290.527     1561.68
290.808     1562.895
291.653     1564.677
291.262     1566.621
291.028     1571.724
291.457     1573.911
292.222     1573.344
292.478     1570.752
293.406     1578.933
292.92     1588.653
291.855     1589.706
291.737     1587.357
292.501     1594.89
291.987     1600.803
291.995     1602.099
291.86     1600.965
292.257     1604.043
292.879     1615.545
291.518     1618.299
291.031     1615.302
291.946     1620.324
291.881     1630.368
291.103     1630.692
291.338     1630.773
291.353     1631.583
292.327     1633.446
293.72     1633.527
294.041     1635.957
293.403     1640.331
293.285     1647.297
293.343     1644.867
294.46     1645.029
294.559     1646.649
295.085     1655.073
294.824     1656.936
294.859     1654.344
295.613     1659.771
294.992     1667.709
294.919     1669.248
295.103     1670.625
294.799     1677.348
293.717     1682.208
294.453     1682.775
295.05     1683.747
294.912     1684.881
295.246     1692.414
295.238     1693.062
295.892     1689.903
296.755     1692.819
296.431     1706.265
294.772     1710.963
294.467     1710.558
294.754     1711.935
294.766     1719.063
294.76     1721.736
295.159     1719.711
295.83     1722.141
295.567     1729.188
295.53     1733.4
295.628     1734.372
295.496     1735.182
295.569     1743.282
295.189     1749.276
294.917     1746.684
295.771     1747.251
295.836     1755.432
295.26     1755.108
296.837     1755.918
296.847     1757.457
296.642     1766.853
295.626     1773.738
295.344     1772.766
295.834     1775.682
295.252     1783.62
294.583     1787.022
295.418     1788.075
295.38     1789.857
295.02     1796.337
294.556     1803.141
294.579     1806.057
294.17     1807.677
293.838     1806.462
295.341     1805.814
297.42     1803.546
298.383     1800.873
299.175     1801.845
299.884     1808.244
300.157     1807.92
300.681     1811.16
299.912     1818.693
298.829     1826.793
298.649     1831.167
298.004     1830.843
298.98     1835.055
299.91     1842.507
298.555     1841.94
298.806     1843.317
299.155     1848.501
299.784     1856.52
298.398     1855.305
298.77     1853.361
299.899     1861.299
299.83     1870.371
298.253     1870.128
298.429     1867.698
299.587     1868.67
301.308     1878.876
299.597     1884.789
298.078     1887.705
297.674     1886.814
299.871     1892.484
299.548     1899.207
297.787     1896.696
298.768     1896.129
300.888     1906.659
299.307     1910.871
298.252     1910.061
298.715     1915.245
299.102     1918.485
299.602     1920.186
299.322     1924.074
298.522     1933.47
297.743     1936.629
298.343     1937.115
298.377     1938.006
298.339     1943.676
298.36     1944.567
299.728     1945.458
299.669     1950.885
298.38     1958.418
297.851     1962.387
298.509     1962.63
298.675     1964.574
298.289     1969.839
298.269     1974.132
298.899     1971.297
299.902     1969.92
300.449     1973.241
300.79     1977.615
301.513     1979.559
301.385     1981.908
300.816     1984.257
301.301     1987.902
302.329     1990.089
302.241     1994.625
301.042     2004.345
299.398     2014.065
298.854     2013.093
299.582     2010.663
300.356     2014.146
300.306     2020.545
300.616     2023.38
300.466     2024.352
300.333     2026.377
300.551     2033.424
300.694     2031.642
301.88     2029.374
302.579     2033.748
301.987     2040.876
302.06     2041.767
302.728     2041.281
302.953     2045.007
302.512     2054.646
301.905     2060.964
301.137     2062.422
300.885     2063.799
300.939     2073.357
300.385     2072.628
301.643     2071.008
302.16     2075.22
301.458     2084.94
300.751     2089.071
300.839     2091.825
300.241     2093.526
300.046     2100.006
300.129     2102.679
300.769     2102.517
300.965     2100.816
301.692     2109.321
301.167     2109.807
302.501     2107.296
303.339     2108.835
303.087     2116.611
302.556     2124.063
302.253     2125.116
302.157     2124.63
302.439     2127.789
302.997     2133.621
303.237     2137.023
302.583     2135.241
303.169     2142.855
302.413     2150.388
302.289     2153.304
301.916     2152.656
302.184     2155.896
302.415     2161.809
302.728     2162.862
302.895     2162.862
303.032     2166.588
303.112     2172.825
303.45     2176.551
302.914     2177.199
302.8     2183.112
302.128     2191.455
301.899     2192.103
302.326     2191.374
302.589     2194.614
302.52     2202.471
302.531     2204.982
302.546     2205.225
302.56     2206.197
302.97     2210.571
304.573     2218.023
302.706     2218.752
303.175     2219.481
304.982     2223.531
304.786     2227.257
303.835     2230.578
303.486     2229.282
305.854     2229.849
306.687     2229.363
306.895     2227.095
307.927     2236.086
307.461     2243.052
306.757     2244.348
306.527     2242.242
307.399     2241.027
309.656     2244.51
310.001     2247.588
309.333     2247.993
309.493     2253.258
309.821     2265.651
307.965     2269.539
307.091     2266.542
308.132     2269.863
308.958     2280.555
307.655     2283.633
306.95     2282.499
307.405     2281.77
309.184     2284.362
310.156     2283.876
310.512     2283.795
310.687     2290.68
310.272     2301.048
309.25     2304.126
308.672     2302.263
309.337     2300.319
311.114     2305.746
311.556     2312.712
310.083     2319.921
308.292     2324.052
308.391     2329.074
309.042     2332.152
308.59     2332.8
308.433     2334.258
309.097     2342.52
308.921     2349.162
307.608     2347.785
308.038     2353.86
307.345     2359.044
307.995     2360.34
308.255     2359.125
308.673     2366.496
307.519     2373.705
307.607     2372.004
308.735     2371.356
309.013     2377.512
308.035     2385.45
308.045     2388.204
308.09     2390.067
307.683     2389.662
308.396     2394.927
309.009     2397.6
309.201     2399.868
308.691     2401.893
308.636     2406.915
309.339     2406.186
310.529     2407.806
310.171     2415.501
308.577     2422.71
308.597     2422.467
309.857     2425.95
309.097     2428.38
308.817     2434.698
308.996     2443.284
308.012     2446.281
307.334     2447.172
307.407     2450.979
308.145     2456.406
308.088     2457.297
308.024     2458.998
307.802     2464.587
307.96     2460.456
310.572     2457.135
311.637     2461.833
310.605     2473.254
309.16     2479.248
309.215     2477.79
309.846     2476.089
310.447     2482.488
310.183     2488.968
310.219     2490.993
309.974     2486.457
311.326     2488.644
312.011     2494.233
312.316     2498.283
311.563     2499.741
311.348     2505.168
311.017     2512.62
310.941     2515.05
310.74     2514.159
311.146     2517.156
311.379     2520.558
312.446     2520.963
312.865     2521.854
312.711     2529.549
311.523     2535.624
311.993     2536.11
312.511     2538.54
312.005     2541.699
311.937     2545.668
312.921     2546.64
313.399     2551.176
312.253     2560.41
310.427     2562.678
311.913     2564.703
312.199     2567.7
311.474     2575.071
310.072     2583.009
309.992     2584.467
310.63     2585.601
310.812     2586.978
312.477     2592.81
311.98     2592
312.328     2588.841
313.592     2591.271
314.892     2595.564
314.916     2598.561
314.18     2600.262
314.11     2606.661
314.284     2614.437
313.495     2616.786
313.047     2615.166
313.753     2613.141
316.025     2621.565
315.164     2627.073
313.868     2628.531
313.748     2632.743
314.294     2641.491
313.504     2645.865
312.527     2644.893
313.018     2648.295
313.738     2655.504
313.495     2652.75
314.487     2652.345
314.779     2655.18
315.471     2668.221
313.778     2671.623
313.124     2673.162
312.845     2675.835
313.396     2684.583
312.916     2688.066
312.319     2686.689
312.823     2687.094
313.911     2693.412
314.205     2700.864
312.671     2703.942
311.95     2705.157
312.7     2710.503
313.254     2719.251
311.416     2718.36
311.865     2712.285
314.396     2717.145
315.032     2724.03
313.77     2730.429
312.169     2730.186
313.076     2737.962
313.134     2744.523
312.054     2741.283
313.023     2740.23
314.02     2745.981
314.513     2754.081
313.111     2757.564
312.272     2756.592
313.084     2759.508
314.391     2766.312
313.514     2770.848
312.32     2768.58
313.483     2774.574
313.917     2777.733
314.022     2779.191
313.707     2779.434
314.137     2780.892
315.781     2789.073
314.752     2792.07
314.079     2791.989
314.475     2806.407
312.468     2811.267
312.409     2811.834
312.489     2812.401
312.596     2817.585
313.014     2820.906
313.582     2823.984
312.93     2830.221
311.509     2838.24
310.976     2835.243
313.323     2834.433
313.818     2835.972
313.597     2838.483
314.507     2843.424
314.827     2846.583
314.232     2853.387
312.56     2861.811
311.772     2863.755
313.028     2860.839
314.084     2861.244
314.145     2870.559
312.988     2874.609
313.761     2871.774
314.885     2873.313
314.565     2883.357
313.113     2888.055
313.777     2887.002
314.515     2889.837
313.875     2895.669
313.199     2900.286
314.074     2903.445
313.842     2903.121
314.013     2905.632
314.154     2909.277
315.267     2910.492
315.675     2911.464
315.5     2918.592
314.205     2922.885
315.187     2919.483
316.942     2917.053
317.685     2920.05
317.438     2932.443
316.203     2933.172
316.94     2933.253
317.04     2939.409
315.861     2946.942
315.89     2948.967
316.35     2949.615
316.293     2954.637
315.454     2961.036
315.717     2963.709
316.184     2963.142
316.514     2963.709
318.569     2970.189
318.125     2972.295
317.695     2972.538
317.899     2974.077
319.279     2979.99
319.197     2980.557
319.167     2983.473
318.684     2986.146
319.641     2992.302
319.552     2994.651
319.1     2993.76
319.553     2999.025
319.66     3010.446
318.315     3013.281
317.807     3008.907
319.173     3012.228
319.746     3020.895
319.188     3024.54
318.516     3026.079
318.3     3030.291
318.514     3039.363
317.949     3044.304
317     3044.304
317.105     3048.192
317.268     3053.457
317.855     3056.373
317.503     3055.725
317.797     3053.214
319.52     3060.261
319.557     3064.068
319.037     3067.713
318.233     3071.601
318.155     3078.405
318.457     3080.511
318.464     3080.673
318.447     3081.159
319.192     3086.586
319.824     3090.717
319.433     3090.231
319.742     3089.826
320.518     3097.521
320.541     3101.328
320.305     3103.434
319.891     3105.297
320.02     3110.805
320.552     3116.475
319.972     3116.232
320.174     3117.042
320.479     3129.516
319.201     3137.535
318.105     3135.996
318.6     3137.859
318.587     3140.694
319.763     3145.149
319.749     3143.205
320.442     3141.666
321.278     3149.847
321.05     3161.106
319.332     3163.617
318.8     3161.673
319.597     3163.779
320.841     3171.555
320.174     3173.256
319.915     3168.963
321.333     3170.826
322.495     3182.976
320.792     3187.593
319.772     3188.16
319.805     3190.914
320.624     3199.338
320.025     3205.332
318.701     3208.653
318.036     3207.195
319.852     3212.46
320.217     3213.513
320.278     3215.619
319.969     3217.239
320.927     3224.205
320.965     3226.554
320.628     3225.501
321.02     3228.741
321.367     3237.57
320.913     3242.835
319.92     3245.508
319.37     3250.368
319.153     3253.77
320.231     3256.443
320.013     3261.141
318.839     3265.191
318.691     3268.026
319.999     3266.487
320.989     3265.596
321.342     3275.316
319.64     3282.687
319.812     3279.366
321.403     3278.07
321.838     3285.279
320.653     3289.815
321.523     3289.815
322.281     3287.142
323.12     3294.513
321.876     3301.155
322.237     3300.345
323.274     3305.61
321.923     3315.087
320.028     3318.408
321.216     3318.57
322.158     3320.595
321.713     3325.212
320.929     3331.368
321.298     3327.156
323.506     3327.642
323.492     3335.175
321.994     3342.87
321.869     3344.166
322.687     3345.705
322.451     3353.643
320.702     3357.045
321.643     3357.126
323.149     3357.693
323.297     3360.933
324.176     3371.382
322.853     3374.379
322.281     3372.273
323.09     3373.893
324.311     3380.211
324.2     3382.398
323.875     3385.557
323.206     3393.819
322.498     3394.791
323.945     3398.274
323.322     3400.299
322.955     3405.483
322.984     3413.583
322.677     3413.664
322.982     3416.823
322.308     3418.119
323.2     3424.842
323.324     3425.085
323.669     3422.979
324.357     3428.973
323.923     3440.232
322.889     3440.313
323.378     3436.911
324.444     3438.612
325.08     3446.388
325.002     3447.765
325.166     3444.039
326.291     3448.008
326.128     3461.94
324.424     3468.42
323.281     3468.582
323.369     3470.445
323.73     3481.542
322.809     3484.134
322.876     3481.137
323.791     3480.246
324.734     3488.346
324.675     3491.586
324.621     3490.371
325.098     3489.48
325.983     3496.77
326.103     3503.898
325.134     3506.328
324.665     3507.462
324.879     3515.886
324.586     3519.207
324.811     3517.911
325.304     3519.45
325.315     3524.877
325.831     3529.008
325.941     3530.871
325.644     3535.488
324.829     3546.099
323.805     3550.392
323.982     3547.476
324.938     3549.42
324.71     3556.953
324.517     3563.757
324.119     3559.626
325.384     3557.52
326.209     3570.48
324.401     3579.228
323.663     3578.661
324.057     3574.287
325.518     3575.502
326.816     3583.278
326.4     3585.06
326.215     3584.979
326.4     3592.917
325.704     3602.394
325.02     3603.771
325     3604.5
324.964     3606.201
325.853     3613.977
325.706     3616.488
325.373     3617.379
325.289     3618.756
326.138     3624.264
326.585     3624.183
327.023     3626.694
326.464     3633.741
325.664     3644.109
325     3646.377
324.932     3645.891
325.177     3648.969
325.283     3656.259
325.429     3656.097
326.078     3655.692
326.234     3658.365
326.368     3665.25
326.628     3664.764
327.421     3667.437
326.787     3671.892
326.373     3677.562
327.03     3678.048
327.696     3677.967
327.791     3679.506
327.991     3687.282
328.034     3693.195
327.431     3697.407
326.45     3700.404
326.162     3701.943
327.773     3703.482
328.447     3704.211
328.432     3706.56
328.258     3712.635
328.56     3718.629
328.083     3724.947
326.619     3741.795
322.506     3742.605
324.101     3738.798
326.443     3741.228
326.069     3748.68
324.361     3751.677
325.357     3750.543
327.123     3751.677
327.026     3759.129
327.023     3763.503
327.4     3766.743
326.752     3771.522
325.646     3777.273
325.686     3783.267
325.788     3783.267
326.073     3785.778
325.624     3793.392
325.073     3798.738
325.427     3795.903
326.483     3794.85
326.938     3800.358
326.791     3806.838
326.89     3808.62
326.799     3809.106
326.869     3813.318
326.946     3819.636
327.247     3819.312
327.759     3817.368
328.378     3822.957
327.983     3835.35
326.684     3834.783
327.377     3831.462
328.437     3838.671
327.383     3850.497
326.209     3854.79
325.738     3856.329
325.501     3861.108
325.122     3864.429
326.358     3863.295
327.324     3864.672
327.073     3867.993
326.919     3875.121
327.135     3878.685
326.995     3876.984
327.549     3875.121
328.683     3881.196
329.158     3882.978
329.625     3884.517
329.289     3891.159
328.086     3897.558
328.417     3902.904
328.023     3904.524
327.755     3904.443
328.234     3910.842
328.513     3913.353
328.991     3915.378
328.614     3917.16
328.487     3925.908
328.039     3932.874
327.576     3932.145
327.939     3930.606
328.671     3937.41
328.657     3942.756
328.632     3941.217
329.295     3941.865
329.406     3949.803
329.006     3957.66
328.469     3961.386
327.734     3960.009
328.306     3966.003
328.308     3973.212
328.065     3971.187
328.906     3971.43
328.978     3975.885
329.074     3984.309
328.718     3990.951
327.342     3995.001
326.467     3997.755
326.975     4003.749
327.309     4006.908
326.888     4006.989
326.998     4009.257
327.441     4013.307
328.404     4016.871
327.98     4017.195
327.983     4021.164
327.888     4028.94
327.894     4032.666
327.522     4032.585
327.654     4039.065
326.779     4051.053
325.699     4054.86
325.32     4053.24
325.905     4056.804
325.66     4069.197
324.403     4071.951
324.496     4067.091
325.929     4068.711
326.149     4078.512
325.626     4080.699
325.954     4079.322
326.41     4081.671
326.326     4086.693
327.03     4088.232
327.715     4087.341
328.136     4089.204
328.04     4098.357
327.542     4100.706
328.216     4104.837
327.288     4109.211
326.406     4114.638
326.844     4121.523
326.361     4126.545
325.179     4125.978
325.61     4132.296
325.736     4138.371
325.611     4136.184
326.421     4137.885
326.183     4142.421
326.643     4148.901
326.484     4153.437
325.564     4150.926
326.523     4157.811
326.25     4164.858
326.03     4163.643
326.67     4164.696
326.599     4176.36
326.664     4181.544
325.666     4178.223
326.651     4179.033
327.746     4187.619
327.394     4192.965
326.369     4193.289
326.44     4189.482
328.656     4197.501
328.455     4206.087
326.65     4206.006
326.819     4204.386
328.383     4208.031
329.38     4217.832
327.267     4217.265
327.644     4216.455
328.829     4225.932
328.397     4227.795
328.485     4230.873
327.775     4235.652
327.348     4240.998
327.944     4244.643
327.635     4246.668
327.301     4248.936
327.496     4255.092
327.945     4257.522
328.113     4257.198
328.347     4258.818
328.541     4265.298
328.835     4267.728
329.077     4267.566
329.236     4268.7
329.586     4275.747
329.787     4279.149
329.901     4276.638
330.602     4279.797
330.155     4294.377
328.262     4301.343
327.615     4304.259
326.985     4305.393
327.067     4313.25
326.883     4317.057
327.147     4312.602
328.472     4316.814
327.754     4325.724
327.242     4325.805
328.6     4326.534
328.59     4329.045
328.226     4340.547
326.917     4345.731
327.03     4343.382
327.872     4339.008
329.281     4343.868
329.691     4349.376
329.859     4348.89
330.226     4353.345
329.243     4360.797
328.714     4367.439
328.659     4375.377
326.859     4376.754
326.676     4381.128
326.81     4388.337
326.698     4386.96
327.434     4388.58
327.192     4396.437
326.397     4402.512
326.778     4402.512
327.199     4398.786
328.266     4403.808
328.027     4406.562
329.262     4403.97
330.459     4405.347
330.255     4417.092
328.123     4429.566
326.84     4429.566
327.429     4425.192
328.759     4429.242
328.6     4439.124
328.024     4442.607
327.769     4444.713
327.281     4451.355
326.284     4459.941
326.095     4460.427
326.718     4453.542
328.628     4457.349
328.339     4468.203
327.63     4469.58
328.089     4471.605
327.57     4473.711
327.561     4483.512
327.022     4486.59
327.102     4483.755
327.879     4487.238
327.45     4496.31
327.021     4499.145
327.313     4499.307
327.37     4502.223
326.924     4510.566
326.6     4515.831
326.428     4518.342
325.853     4523.283
324.809     4527.738
325.401     4532.76
325.372     4534.218
325.115     4536.81
324.592     4543.614
324.437     4547.745
324.725     4548.231
324.706     4550.985
324.103     4556.493
324.156     4559.814
324.781     4560.543
324.676     4559.49
325.052     4564.674
325.065     4568.562
325.629     4568.724
325.764     4570.668
325.299     4576.095
325.131     4582.737
325.208     4585.005
324.645     4584.924
325.851     4592.133
325.64     4598.208
324.215     4597.965
324.258     4598.613
325.112     4604.526
325.347     4608.981
324.48     4613.193
323.399     4612.464
324.594     4614.732
325.905     4622.994
324.086     4625.343
323.47     4623.642
324.84     4629.15
325.446     4635.792
324.18     4640.895
322.861     4642.353
323.22     4642.839
325.118     4648.266
324.35     4652.64
323.236     4653.207
323.716     4658.391
324.298     4667.382
322.711     4669.083
322.342     4672.647
321.97     4679.532
322.204     4684.392
321.824     4682.61
322.346     4683.096
322.691     4686.174
323.87     4694.922
322.612     4700.025
321.362     4699.296
321.961     4703.832
322.679     4720.194
319.495     4717.521
320.334     4720.113
319.996     4727.646
319.845     4732.02
319.995     4733.883
319.641     4732.83
320.179     4740.363
319.908     4744.818
320.094     4748.706
319.157     4749.921
319.06     4757.94
318.638     4760.856
319.392     4755.591
321.007     4755.105
321.326     4766.283
319.93     4772.844
319.886     4776.408
319.136     4776.084
319.364     4782.564
319.058     4784.751
320.249     4784.427
320.63     4786.29
320.281     4793.742
319.573     4798.44
320.174     4799.169
320.327     4801.518
319.864     4807.998
319.32     4811.481
320.366     4815.855
319.599     4813.749
320.251     4813.992
321.218     4820.958
321.35     4825.656
320.635     4827.681
320.2     4833.027
319.68     4834.809
321.29     4836.267
321.496     4841.127
320.321     4842.747
320.694     4851.981
320.264     4854.573
320.257     4855.383
320.115     4862.187
319.027     4870.368
318.941     4875.066
318.51     4875.552
318.496     4877.739
318.534     4884.624
318.767     4884.057
319.819     4885.191
319.558     4889.322
318.873     4896.045
319.028     4897.665
319.76     4899.69
319.32     4902.201
318.987     4913.541
317.89     4918.32
317.837     4913.703
319.231     4919.049
318.159     4928.283
317.523     4925.934
319.518     4925.529
319.79     4932.9
318.029     4941
317.57     4940.19
319.292     4943.673
318.579     4943.916
318.719     4948.857
319.023     4955.418
318.911     4954.932
319.257     4957.281
318.799     4968.297
317.335     4979.07
316.158     4978.422
316.599     4975.992
317.447     4982.391
317.126     4984.011
318.505     4982.796
319.155     4987.089
318.137     4995.027
317.236     4999.563
318.001     4999.077
318.652     4998.267
320.016     5002.965
320.69     5012.361
318.653     5017.302
317.398     5016.897
317.564     5013.252
318.605     5010.66
319.312     5011.713
319.12     5015.52
318.184     5015.034
318.282     5010.741
319.432     5014.143
318.436     5017.707
317.375     5015.52
317.958     5013.576
318.487     5013.252
318.599     5015.763
317.93     5017.383
317.514     5017.464
317.545     5018.76
317.173     5021.595
316.422     5026.05
315.329     5027.994
314.789     5022.729
316.104     5022.729
316.109     5025.645
315.247     5024.43
315.587     5022.729
316.046     5018.112
317.235     5015.034
318.103     5017.221
317.52     5018.517
317.211     5015.844
318.019     5018.922
317.209     5020.704
316.681     5019.894
316.981     5017.14
317.594     5015.682
317.93     5019.084
317.086     5019.651
316.877     5020.056
316.769     5019.732
316.882     5018.679
317.131     5017.302
317.525     5014.224
318.288     5014.872
318.104     5019.975
316.812     5020.542
316.703     5024.673
315.57     5024.511
315.613     5019.408
316.91     5016.33
317.731     5021.514
316.344     5023.944
315.643     5022.324
316.196     5022.243
316.244     5025.888
315.219     5027.751
314.859     5028.804
314.547     5029.047
314.472     5027.913
314.779     5028.318
314.555     5025.159
315.361     5024.511
315.508     5025.969
315.061     5024.106
315.531     5021.19
316.272     5021.028
316.399     5022.729
316.072     5025.645
315.337     5027.184
314.958     5027.022
315.012     5025.321
315.423     5024.916
315.568     5020.704
316.686     5018.679
317.168     5024.187
315.673     5021.19
316.44     5017.464
317.402     5018.598
317.147     5022.81
315.966     5024.592
315.496     5027.265
314.789     5027.67
314.649     5023.782
315.76     5022.81
316.066     5023.458
315.92     5026.779
315.034     5028.318
314.64     5027.346
314.904     5027.751
314.796     5028.642
314.548     5026.536
315.052     5026.05
315.16     5027.346
314.773     5026.374
314.969     5023.782
315.765     5029.209
314.386     5033.907
313.091     5035.77
312.563     5036.418
312.338     5035.932
312.499     5034.312
312.915     5030.667
313.882     5027.103
314.869     5024.187
315.631     5023.701
315.755     5025.24
315.345     5027.751
314.659     5027.265
314.826     5025.078
315.477     5024.43
315.613     5025.24
315.366     5027.265
314.815     5028.48
314.365     5027.832
314.559     5026.86
314.844     5023.944
315.564     5024.592
315.47     5024.754
315.453     5022.567
316.079     5024.835
315.468     5025.078
315.393     5024.754
315.511     5022.81
316.003     5021.595
316.369     5020.704
316.549     5019.489
316.889     5019.57
316.894     5017.95
317.283     5018.112
317.282     5015.115
318.076     5013.738
318.359     5017.869
317.258     5019.246
316.922     5020.866
316.527     5021.433
316.376     5021.352
316.413     5020.542
316.661     5020.461
316.698     5025.321
315.37     5025.078
315.456     5022.243
316.128     5021.028
316.368     5022.486
316.021     5024.673
315.37     5026.536
314.82     5019.408
316.805     5016.654
317.666     5019.165
317.059     5019.489
316.984     5018.679
317.194     5017.14
317.61     5020.461
316.672     5024.754
315.485     5022.891
315.961     5019.165
316.944     5017.383
317.403     5021.352
316.355     5025.726
315.157     5022.486
316.005     5016.33
317.589     5019.651
316.651     5026.212
314.98     5028.561
314.417     5024.835
315.39     5020.218
316.605     5022.486
316.032     5023.377
315.889     5021.352
316.497     5022.081
316.219     5027.103
314.89     5032.044
313.62     5029.29
314.259     5026.293
314.99     5027.508
314.65     5028.966
314.204     5030.181
313.848     5027.427
314.567     5025.321
315.118     5026.455
314.852     5025.24
315.282     5021.838
316.31     5019.327
316.985     5016.006
317.854     5015.925
317.918     5019.165
316.944     5017.221
317.43     5013.495
318.461     5014.305
318.145     5019.327
316.779     5022.81
315.866     5022.81
315.845     5017.707
317.143     5017.059
317.321     5027.832
314.459     5023.863
315.591     5019.732
316.74     5015.52
317.895     5015.844
317.871     5017.464
317.418     5019.165
316.907     5015.358
317.948     5014.791
318.057     5019.327
316.869     5019.894
316.791     5017.302
317.514     5020.704
316.533     5026.941
314.838     5029.209
314.228     5025.24
315.318     5024.187
315.583     5024.268
315.551     5022.405
316.08     5019.894
316.733     5015.763
317.867     5013.657
318.497     5013.738
318.38     5013.171
318.437     5010.417
319.192     5010.822
319.032     5008.392
319.695     5007.339
320.039     5010.417
319.166     5015.682
317.757     5016.978
317.443     5019.651
316.746     5017.95
317.247     5016.249
317.748     5016.573
317.651     5020.056
316.696     5023.944
315.58     5022.324
316.017     5021.19
316.314     5019.894
316.644     5018.031
317.099     5017.95
317.168     5018.517
316.995     5014.872
318.031     5013.171
318.505     5011.794
318.904     5010.822
319.174     5009.769
319.486     5008.716
319.777     5012.604
318.698     5016.573
317.593     5017.221
317.42     5011.875
318.788     5010.336
319.166     5014.224
318.13     5017.383
317.245     5019.084
316.818     5019.813
316.623     5018.031
317.146     5015.358
317.206     5009.202
316.894     5001.831
318.275     4998.186
319.242     4995.594
319.381     4987.413
319.646     4984.416
319.771     4986.198
319.312     4986.846
318.675     4978.179
319.107     4970.484
320.311     4967.406
321.122     4964.409
321.615     4959.63
321.01     4958.253
320.382     4961.736
319.464     4965.138
318.309     4962.951
317.103     4954.284
318.408     4952.016
319.034     4952.583
318.667     4947.075
318.446     4937.031
319.887     4934.925
320.433     4935.492
320.16     4931.037
319.758     4925.124
319.94     4926.906
319.317     4928.85
318.73     4922.532
319.009     4915.566
319.377     4912.974
319.942     4912.65
320.012     4912.569
318.623     4906.008
318.851     4904.145
319.232     4907.223
318.353     4904.307
317.836     4899.852
317.334     4896.369
318.078     4895.397
318.316     4894.83
317.33     4883.409
318.612     4879.359
319.408     4876.524
320.164     4871.502
320.571     4864.698
320.522     4861.053
321.157     4863.807
320.449     4861.296
320.26     4853.034
320.578     4853.358
320.113     4854.492
319.821     4853.52
319.354     4849.794
318.441     4844.205
319.4     4840.56
320.393     4841.37
319.535     4836.186
319.011     4832.055
319.513     4826.061
321.164     4823.712
321.269     4816.584
321.269     4816.26
320.608     4818.528
320.05     4819.581
319.354     4813.02
319.218     4809.699
319.214     4807.431
319.735     4807.026
319.458     4802.814
318.786     4800.87
318.383     4799.736
318.696     4800.546
318.233     4796.253
317.545     4791.636
317.702     4790.421
318.021     4789.287
318.16     4783.455
317.983     4783.941
316.595     4782.564
316.936     4772.844
319.339     4762.719
320.391     4762.314
319.172     4762.233
319.236     4757.778
320.324     4751.379
320.44     4751.055
319.136     4751.946
318.809     4748.382
319.675     4739.553
320.629     4738.905
319.233     4742.712
318.013     4744.332
317.496     4739.229
317.604     4737.609
316.372     4736.313
316.565     4731.939
317.721     4722.786
318.993     4724.325
316.861     4722.057
317.224     4716.225
317.742     4710.393
317.491     4709.583
317.439     4709.259
317.525     4706.748
317.31     4700.106
317.123     4698.405
317.123     4698.162
317.23     4693.221
317.758     4684.473
318.148     4683.015
318.016     4683.258
317.993     4681.314
317.79     4672.89
318.052     4668.597
318.659     4669.083
318.63     4670.703
317.614     4662.684
317.804     4658.148
318.318     4659.93
317.827     4659.12
317.528     4652.154
317.484     4648.185
317.758     4648.104
317.769     4647.213
317.549     4638.303
318.03     4634.496
318.118     4640.652
316.545     4642.11
315.798     4632.147
316.628     4629.312
316.347     4629.069
316.443     4627.044
316.799     4620.807
316.73     4618.134
316.237     4617.648
316.309     4618.701
315.854     4606.227
317.512     4601.853
317.351     4602.42
317.105     4607.847
315.563     4602.096
315.596     4597.722
315.283     4595.778
315.738     4591.809
316.771     4590.594
315.694     4583.952
315.87     4582.494
316.101     4584.114
315.611     4578.363
316.055     4572.693
315.803     4575.204
314.875     4572.936
315.433     4565.079
316.412     4557.627
316.614     4554.387
317.241     4553.739
317.382     4551.147
317.168     4541.832
317.746     4539.969
317.785     4540.455
317.629     4538.268
317.454     4534.38
316.59     4530.816
317.019     4526.685
318.105     4523.202
318.339     4517.694
317.86     4515.183
317.871     4516.398
317.563     4517.127
316.847     4509.756
316.854     4506.759
316.932     4503.924
317.725     4496.877
319.172     4487.967
319.6     4484.889
319.595     4490.235
318.18     4493.313
317.048     4487.805
316.59     4485.213
316.312     4486.428
315.941     4485.132
315.913     4479.705
315.67     4475.655
315.697     4473.468
316.206     4471.524
316.43     4463.019
316.918     4456.053
317.528     4453.947
318.053     4454.433
317.755     4454.838
316.015     4454.919
314.619     4451.274
315.512     4446.981
316.546     4440.42
316.837     4437.342
316.195     4436.613
316.263     4437.099
316.054     4438.152
314.388     4433.049
314.128     4429.971
314.848     4427.703
315.369     4423.572
315.17     4418.712
314.755     4420.98
313.908     4414.257
315.632     4409.478
315.822     4401.054
316.342     4401.783
315.9     4402.998
315.534     4397.895
315.873     4390.281
316.04     4390.443
315.649     4396.194
314.147     4390.119
314.825     4380.723
315.393     4378.536
315.57     4379.427
315.249     4375.701
315.463     4370.355
314.393     4370.679
314.328     4368.492
314.216     4362.822
313.732     4360.149
313.84     4357.881
314.508     4354.722
314.808     4346.541
314.999     4344.192
314.889     4344.435
314.813     4337.712
316.085     4328.235
316.743     4326.615
316.401     4332.609
314.76     4330.179
314.982     4322.808
315.031     4321.431
314.44     4323.537
313.884     4325.724
313.011     4317.3
313.42     4309.362
314.494     4308.147
314.834     4306.527
314.961     4301.667
314.461     4297.131
314.476     4295.511
314.945     4291.299
315.889     4284.738
315.959     4279.068
316.086     4274.451
317.149     4274.37
317.023     4270.158
316.572     4271.049
314.887     4274.37
313.954     4272.993
314.221     4268.7
313.918     4264.974
313.353     4266.027
312.919     4265.865
312.889     4255.416
314.327     4247.154
314.851     4249.098
314.133     4246.911
314.663     4241.97
314.743     4238.892
313.806     4238.244
313.752     4235.004
314.59     4231.197
314.489     4226.904
313.854     4224.474
314.197     4220.343
315.219     4214.754
315.767     4207.626
315.762     4207.869
315.281     4205.682
315.865     4201.551
316.15     4198.392
315.023     4195.962
315.145     4192.56
316.042     4190.211
315.92     4185.756
315.16     4185.513
314.635     4187.943
314.008     4186.404
313.808     4178.466
313.951     4174.092
314.422     4172.472
314.917     4173.12
314.197     4167.126
313.858     4163.157
314.1     4158.702
315.251     4156.191
315.494     4150.521
315.063     4150.683
314.078     4153.356
313.349     4152.06
313.389     4143.798
313.776     4143.879
312.696     4146.552
311.999     4143.555
312.498     4132.701
313.608     4127.922
313.682     4127.76
313.599     4126.14
313.783     4115.853
314.863     4107.51
315.808     4106.376
316.042     4106.133
315.949     4103.865
314.948     4104.756
313.273     4103.379
313.493     4098.519
314.61     4090.014
315.388     4085.802
314.953     4086.045
314.714     4084.506
315.003     4077.783
315.459     4074.219
314.861     4076.973
313.916     4076.001
314.065     4067.739
315.026     4062.15
314.773     4061.988
314.548     4059.801
315.047     4051.863
316.106     4043.439
316.567     4044.33
316.014     4042.548
316.473     4043.763
315.128     4037.688
314.794     4032.504
315.803     4029.345
316.603     4025.7
316.727     4017.033
317.096     4019.058
316.114     4022.298
315.202     4019.787
315.093     4012.983
314.922     4010.715
314.974     4009.986
314.484     4008.447
312.841     4002.696
313.674     3999.78
314.457     3997.512
314.562     3995.406
313.165     3990.465
313.745     3990.708
313.744     3989.493
313.626     3983.337
313.261     3978.315
313.695     3979.692
313.333     3978.072
313.396     3971.997
313.095     3967.056
313.359     3966.165
313.571     3963.006
314.197     3956.85
314.075     3949.479
314.756     3950.289
314.466     3954.42
313.207     3949.56
312.865     3934.17
315.569     3934.332
315.394     3933.846
315.344     3926.394
315.768     3920.238
315.877     3921.615
315.379     3920.886
315.441     3914.001
315.814     3908.25
315.757     3909.303
315.345     3909.222
315.251     3902.742
315.636     3896.343
315.631     3896.505
315.356     3896.829
315.207     3893.994
314.841     3890.43
313.981     3891.321
313.448     3889.944
313.815     3885.894
313.842     3882.816
312.768     3882.492
312.417     3879.333
313.26     3869.694
314.945     3861.108
315.271     3860.055
315.083     3861.432
314.716     3857.544
314.932     3849.12
315.167     3849.525
314.527     3850.821
314.16     3842.478
315.659     3833.163
316.153     3829.032
316.585     3831.705
315.857     3834.135
314.651     3828.384
314.236     3829.599
313.159     3827.088
313.813     3824.739
313.955     3814.29
314.773     3808.215
315.513     3808.944
315.303     3807.81
315.263     3803.274
314.577     3804.732
313.125     3807
312.447     3801.249
313.606     3791.124
314.458     3788.451
314.039     3789.666
313.647     3785.292
314.582     3777.516
314.928     3773.142
314.815     3771.279
315.238     3768.768
315.687     3764.88
315.086     3762.612
314.312     3761.235
314.521     3761.559
314.287     3752.73
315.151     3749.895
314.386     3749.004
314.434     3744.549
315.522     3741.795
314.814     3737.34
314.354     3735.396
314.677     3733.371
315.133     3727.701
315.308     3723.246
314.764     3723.003
314.597     3720.978
315.084     3715.875
315.25     3712.635
314.302     3708.99
315.043     3706.155
315.751     3704.292
315.164     3702.024
313.884     3702.753
313.273     3700.647
313.772     3691.413
315.292     3683.394
315.54     3684.123
314.961     3684.771
314.752     3677.724
315.762     3674.322
314.605     3677.319
313.29     3680.397
312.422     3673.674
313.562     3664.44
314.05     3666.627
312.751     3666.222
312.843     3659.661
313.998     3650.022
314.609     3647.916
314.429     3649.86
313.847     3645.567
314.476     3639.087
313.413     3637.062
313.938     3633.093
314.559     3631.473
313.022     3627.099
313.193     3624.021
313.972     3621.51
314.299     3620.133
312.808     3618.351
312.141     3613.167
313.444     3611.709
313.564     3610.98
311.99     3605.715
312.167     3608.874
311.209     3607.902
311.252     3600.045
311.71     3594.294
311.89     3590.325
312.828     3586.113
313.772     3578.985
314.098     3570.399
314.909     3569.346
314.995     3574.692
313.448     3569.589
313.408     3559.464
314.539     3554.037
315.813     3555.576
315.334     3559.95
312.793     3557.034
311.796     3549.663
313.515     3547.071
314.127     3548.286
312.613     3543.264
312.136     3538.971
312.991     3536.46
313.597     3532.653
313.507     3529.818
312.404     3528.765
312.301     3524.067
313.464     3524.31
312.446     3519.045
311.923     3510.702
313.706     3511.35
313.486     3508.029
313.487     3494.502
315.13     3493.206
314.944     3491.343
315.409     3488.832
315.373     3485.592
314.237     3488.184
312.871     3489.156
312.596     3480.651
314.285     3470.769
314.93     3467.286
315.096     3470.769
314.104     3466.719
314.594     3456.432
315.4     3453.84
315.322     3452.706
315.54     3450.519
315.681     3443.472
315.607     3439.179
315.762     3442.743
314.743     3440.718
314.915     3430.998
315.638     3428.244
315.303     3430.188
314.759     3429.864
314.529     3421.926
314.777     3419.415
314.293     3419.901
314.022     3416.904
314.516     3406.212
315.629     3402.486
315.333     3398.76
316.248     3396.168
316.776     3388.554
317.126     3385.8
316.397     3382.884
317.064     3377.781
318.288     3371.787
318.328     3374.703
315.966     3378.834
314.675     3381.345
313.894     3377.619
313.477     3374.136
312.768     3375.189
312.251     3372.435
312.911     3362.553
314.299     3361.095
312.929     3358.665
313.256     3353.238
314.624     3346.353
315.344     3342.546
314.453     3344.409
313.614     3342.708
313.968     3333.474
315.388     3327.48
315.085     3326.913
314.779     3327.723
314.536     3322.863
314.963     3320.028
313.719     3317.841
313.754     3315.006
314.5     3308.202
315.53     3306.42
314.078     3310.551
312.418     3310.065
312.485     3303.342
313.535     3296.862
313.199     3296.538
312.601     3295.971
312.742     3289.896
313.777     3282.363
313.796     3281.958
313.078     3282.849
312.808     3277.098
313.905     3269.97
313.784     3270.618
312.637     3271.995
311.859     3264.057
312.012     3252.474
314.116     3251.259
314.377     3252.636
313.715     3250.125
312.479     3241.458
313.621     3239.352
314.157     3245.508
312.215     3244.698
310.662     3232.386
312.66     3226.554
314.089     3230.037
312.955     3229.308
311.491     3217.482
313.218     3213.27
314.225     3216.51
313.193     3213.432
312.455     3205.98
312.926     3203.55
313.426     3201.201
313.927     3199.5
312.906     3194.721
312.48     3191.643
313.069     3191.157
313.109     3192.048
311.576     3183.138
312.231     3182.409
312.188     3182.814
312.006     3178.602
311.913     3171.96
311.826     3168.234
312.456     3167.667
312.486     3164.265
312.383     3154.707
313.036     3149.199
314.089     3152.52
313.13     3153.492
311.954     3142.881
312.81     3136.563
313.989     3135.51
314.249     3137.13
313.022     3134.457
311.739     3127.734
312.963     3126.033
313.364     3126.357
312.577     3121.902
311.67     3116.475
312.38     3114.126
312.985     3112.506
312.923     3106.188
312.591     3102.219
312.849     3099.708
313.461     3100.68
312.707     3097.359
311.56     3094.281
311.459     3093.309
311.745     3092.823
311.453     3084.642
311.66     3077.433
312.509     3077.838
312.295     3077.271
312.115     3077.271
310.23     3068.928
311.276     3062.043
313.069     3057.507
314.032     3054.753
312.997     3060.666
310.072     3058.479
310.598     3050.379
312.626     3044.061
312.61     3046.329
310.531     3044.304
310.913     3041.874
311.366     3036.69
311.19     3035.151
310.058     3028.833
311.595     3024.54
312.561     3019.032
312.487     3017.169
311.326     3017.331
311.088     3016.116
311.317     3009.555
311.671     3007.611
310.384     3009.96
309.542     3007.368
310.106     2995.461
312.097     2992.95
310.971     2992.302
310.807     2991.006
311.089     2986.794
311.181     2982.339
310.4     2980.962
310.388     2979.423
310.74     2970.27
312.207     2961.765
312.516     2960.388
312.41     2958.039
312.931     2952.936
313.486     2948.643
312.636     2947.185
312.414     2945.241
312.874     2939.166
313.794     2935.197
312.825     2937.789
311.428     2936.331
311.77     2929.365
313.033     2927.664
311.491     2927.259
310.809     2922.561
311.983     2916.891
312.989     2911.707
312.392     2913.57
310.974     2912.112
311.263     2903.121
313.234     2895.588
313.274     2893.644
312.723     2892.996
312.501     2891.457
311.011     2887.65
310.857     2885.382
311.394     2886.84
310.705     2882.142
310.194     2874.69
310.88     2875.095
310.688     2874.528
310.634     2866.995
311.032     2860.353
311.323     2859.057
311.432     2858.895
311.328     2856.141
310.514     2849.661
310.716     2848.203
310.936     2849.58
310.405     2846.34
309.864     2840.103
309.816     2839.05
309.907     2838.321
310.028     2832.408
310.225     2826.657
309.979     2824.794
310.228     2823.903
310.34     2823.174
309.318     2819.853
308.382     2814.021
309.553     2810.781
310.338     2808.837
309.829     2803.086
309.373     2802.114
309.2     2801.79
309.229     2797.578
309.346     2790.936
309.17     2787.291
309.604     2782.107
310.887     2784.132
309.504     2779.353
308.789     2777.49
308.743     2781.459
307.664     2779.92
307.353     2771.577
307.535     2766.879
308.114     2766.555
308.111     2764.287
307.999     2757.159
307.852     2755.62
307.557     2754.405
307.791     2753.595
307.455     2746.953
307.246     2739.177
308.414     2736.828
308.977     2734.317
309.205     2731.968
307.894     2725.569
308.542     2723.139
309.106     2724.921
308.262     2722.977
306.858     2717.55
307.158     2715.687
307.618     2717.793
306.751     2713.014
306.225     2705.157
307.077     2705.805
306.736     2709.045
305.577     2704.428
305.092     2694.546
306.295     2692.359
306.699     2689.848
307.232     2685.96
306.689     2676.645
307.668     2673.648
308.293     2671.947
308.615     2673.81
306.528     2671.947
305.303     2668.788
305.898     2665.548
306.641     2658.825
307.155     2648.376
308.182     2648.781
307.806     2654.775
306.123     2653.479
305.2     2646.594
305.167     2645.379
305.254     2642.544
305.947     2637.036
306.284     2631.852
305.718     2631.366
305.442     2628.774
306.118     2616.948
308.287     2615.328
306.697     2613.384
306.705     2613.303
306.663     2607.552
307.328     2604.636
306.094     2607.228
304.845     2605.608
305.261     2596.131
307.025     2593.296
305.743     2592.972
305.145     2589.489
305.953     2583.252
306.979     2579.04
306.102     2576.853
305.911     2575.395
306.237     2567.862
307.714     2561.787
307.375     2561.301
306.657     2561.139
306.647     2557.17
307.221     2551.5
306.67     2548.665
306.367     2548.26
306.475     2544.939
306.966     2536.677
307.226     2535.138
306.51     2534.409
306.615     2526.633
308.367     2524.527
305.865     2523.393
306.02     2524.689
305.379     2519.586
305.019     2511.405
305.826     2510.352
305.938     2509.785
305.889     2502.738
306.105     2498.202
305.809     2496.582
306.088     2494.719
306.422     2489.454
306.325     2481.516
306.841     2480.301
306.907     2481.516
306.399     2476.98
306.219     2470.824
306.154     2470.419
305.994     2468.637
306.306     2462.319
306.68     2455.272
306.716     2453.004
307.037     2453.733
306.821     2453.733
305.737     2448.306
305.173     2447.01
305.086     2445.39
305.497     2442.312
305.323     2439.477
304.11     2438.424
303.896     2432.268
305.485     2425.707
306.297     2417.607
306.425     2414.772
306.618     2416.959
306.034     2412.099
306.504     2405.052
306.293     2401.164
306.714     2401.731
306.504     2399.382
306.42     2394.441
305.7     2387.88
306.644     2385.855
307.089     2383.83
307.04     2378.241
306.508     2375.244
306.418     2378.97
305.366     2381.157
304.341     2374.272
304.181     2369.655
304.402     2373.867
303.168     2372.976
303.011     2361.393
304.183     2352.807
305.404     2350.134
306.032     2349.081
305.966     2345.193
305.123     2339.361
305.436     2337.741
305.752     2339.28
305.062     2332.638
305.054     2326.077
305.424     2323.647
305.972     2321.379
306.356     2317.167
305.789     2315.547
304.731     2319.192
303.543     2319.435
303.236     2312.955
303.432     2307.771
303.219     2305.827
303.569     2303.64
304.036     2299.185
303.776     2292.786
303.709     2293.191
303.348     2297.484
302.092     2289.465
302.978     2276.181
304.662     2274.966
304.654     2274.885
304.628     2270.754
304.582     2264.193
304.405     2260.872
304.906     2257.551
305.765     2254.068
305.609     2252.529
304.035     2250.18
304.182     2243.619
305.847     2238.759
306.217     2233.089
305.66     2235.924
304.393     2235.762
304.389     2233.413
304.278     2225.394
304.3     2223.612
304.096     2223.855
303.947     2219.643
304.386     2212.029
304.384     2207.25
304.926     2204.901
305.474     2204.334
305.03     2201.661
303.732     2202.309
302.643     2205.792
301.635     2203.524
301.776     2192.103
302.863     2187.324
303.159     2186.838
303.199     2186.595
302.795     2178.657
302.958     2169.585
304.193     2168.856
304.324     2169.585
303.803     2163.186
303.699     2159.703
303.395     2157.597
303.794     2150.145
305.533     2147.553
304.461     2146.824
303.107     2143.746
303.66     2139.129
303.201     2141.964
300.944     2143.422
300.392     2139.696
301.196     2130.381
302.09     2126.979
301.386     2129.895
300.398     2128.842
300.51     2125.359
299.997     2116.773
300.559     2112.723
301.392     2113.695
301.038     2111.508
300.305     2106.972
299.73     2103.975
300.155     2099.763
301.104     2097.171
300.611     2094.417
299.503     2093.931
299.29     2091.096
299.951     2088.099
299.676     2083.644
298.848     2081.943
298.77     2079.594
299.28     2074.329
299.716     2066.877
299.697     2065.5
299.595     2066.067
299.418     2063.313
299.299     2054.403
299.648     2052.864
299.38     2053.593
299.075     2050.353
299.217     2042.172
299.309     2037.393
299.814     2035.206
300.319     2035.692
299.626     2029.941
299.127     2026.053
299.279     2029.05
298.47     2026.296
298.772     2017.71
299.024     2009.286
300.276     2007.828
300.585     2010.339
299.479     2007.099
298.426     2000.7
299.048     2001.267
298.797     2000.214
298.699     1990.008
299.43     1987.092
298.97     1986.525
299.132     1984.743
299.318     1980.369
298.694     1977.453
298.087     1976.238
298.185     1969.839
299.686     1962.306
300.025     1956.717
299.984     1960.524
298.737     1963.764
297.689     1955.097
298.462     1944.648
299.617     1942.056
300.139     1943.595
299.56     1942.056
298.434     1936.872
298.068     1931.121
299.328     1930.959
299.281     1923.426
300     1912.896
300.966     1918.161
299.251     1919.376
298.795     1913.301
299.199     1904.148
299.713     1905.606
298.945     1907.226
298.402     1902.042
298.684     1892.889
299.14     1889.892
299.524     1889.568
299.526     1889.73
298.472     1886.409
297.378     1884.384
297.454     1880.901
298.304     1875.15
298.901     1867.86
298.77     1864.377
299.078     1863.405
299.274     1858.707
299.747     1852.389
299.347     1849.797
299.37     1848.906
299.57     1847.772
299.267     1841.535
298.777     1836.027
299.393     1837.323
298.969     1835.865
298.82     1829.061
298.618     1827.684
298.059     1827.522
298.049     1823.067
298.79     1815.291
298.894     1813.995
298.15     1811.808
298.628     1808.406
299.156     1802.736
298.731     1796.904
299.08     1794.393
299.629     1792.206
299.891     1789.209
298.905     1783.944
298.982     1782.972
299.015     1780.947
299.234     1773.9
299.381     1769.04
299.297     1767.906
299.147     1766.205
297.989     1760.292
298.082     1754.865
299.397     1755.675
298.918     1753.164
298.097     1748.385
297.687     1743.444
298.71     1743.12
298.659     1741.095
297.83     1734.129
297.903     1731.861
298.161     1733.805
297.505     1728.135
297.827     1723.113
297.24     1715.013
299.015     1715.256
298.882     1714.284
298.041     1705.86
298.318     1701.729
298.988     1700.433
299.26     1695.249
299.652     1688.85
299.358     1686.015
299.546     1686.339
299.327     1681.641
299.733     1674.675
299.558     1672.326
299.595     1671.597
299.684     1666.17
300.373     1658.637
300.27     1659.285
299.408     1660.095
299.129     1661.31
298.099     1656.207
297.364     1654.344
297.019     1654.344
297.019     1651.104
297.351     1642.032
297.67     1637.415
297.916     1637.253
297.912     1636.038
297.841     1626.561
298.352     1625.589
297.5     1624.212
297.778     1621.458
298.075     1616.517
297.476     1612.629
297.36     1607.931
298.444     1603.233
299.371     1599.183
298.603     1595.052
298.467     1590.435
299.551     1592.379
298.68     1587.195
298.293     1580.391
298.707     1582.902
297.816     1584.603
297.152     1577.151
297.491     1573.263
296.922     1570.347
297.51     1571.724
296.969     1566.54
296.825     1562.085
296.376     1560.384
296.619     1557.549
297.153     1552.203
297.184     1547.505
296.673     1545.399
296.892     1543.374
297.322     1539.486
297.1     1534.869
296.378     1536.813
295.533     1539.648
294.682     1532.115
295.564     1524.177
295.696     1523.853
295.293     1526.04
294.61     1519.236
295.456     1511.703
295.448     1507.977
295.899     1509.597
295.367     1507.653
295.038     1502.145
294.495     1498.986
294.722     1500.768
294.115     1496.475
294.507     1486.026
295.245     1485.864
294.546     1483.515
295.078     1480.032
295.438     1475.739
294.498     1473.633
294.106     1471.365
294.616     1467.072
295.277     1462.455
294.455     1461.078
293.795     1463.022
293.193     1460.511
293.43     1455.327
292.886     1457.514
291.192     1454.274
291.945     1447.713
293.316     1441.881
292.981     1439.694
292.306     1440.423
291.959     1436.049
292.841     1425.843
293.772     1424.061
292.878     1422.684
293.082     1415.637
294.719     1408.266
294.948     1403.892
294.634     1402.353
294.919     1404.135
294.191     1397.979
294.19     1389.717
294.782     1392.147
293.902     1396.197
291.09     1389.069
291.253     1383.399
292.502     1384.857
291.971     1382.589
291.191     1377.567
290.74     1374.975
291.089     1374.165
291.21     1371.573
290.696     1361.934
291.276     1357.884
291.935     1361.772
290.803     1360.233
290.129     1352.619
290.169     1347.03
291.196     1346.058
291.356     1346.868
290.145     1342.251
289.338     1336.095
290.411     1330.749
291.689     1329.777
291.059     1326.537
289.901     1321.191
290.695     1321.515
290.487     1320.381
289.995     1312.2
290.086     1303.047
291.853     1306.53
290.85     1309.041
289.507     1301.184
289.507     1293.894
290.603     1291.302
291.242     1288.062
291.563     1281.42
291.297     1277.289
291.43     1275.588
291.741     1277.208
290.809     1271.376
290.385     1271.619
289.225     1270.08
289.551     1267.407
289.869     1258.011
290.41     1253.718
290.329     1255.986
289.597     1253.07
290.064     1242.459
291.083     1242.459
289.714     1241.649
289.767     1236.465
290.87     1229.337
291.091     1230.714
289.234     1229.58
289.363     1230.552
288.84     1223.343
289.141     1218.402
288.869     1216.863
289.079     1217.754
288.652     1213.461
288.27     1207.791
288.097     1203.093
289.065     1199.367
289.87     1192.239
290.365     1190.538
289.044     1191.429
288.501     1187.055
289.551     1183.005
289.336     1180.17
288.181     1182.6
287.128     1184.301
286.569     1175.148
287.872     1169.64
287.34     1168.263
287.25     1166.481
287.609     1161.297
287.944     1156.842
287.115     1155.627
286.928     1153.44
287.417     1146.474
288.458     1136.268
289.09     1134.648
288.837     1138.617
287.705     1137.483
287.313     1133.838
286.279     1136.43
284.856     1134.243
285.302     1128.897
286.054     1120.311
286.306     1116.99
286.333     1115.046
286.767     1109.7
287.608     1104.354
286.949     1106.946
285.289     1106.865
285.158     1106.541
284.823     1101.681
284.14     1096.821
284.34     1093.176
285.144     1090.665
285.403     1084.752
285.111     1081.998
284.566     1081.674
284.441     1083.294
283.699     1075.761
283.881     1071.711
283.576     1068.633
284.197     1063.935
285.218     1054.053
286.131     1051.299
285.281     1052.514
284.746     1051.299
284.886     1045.386
284.847     1043.442
283.728     1039.878
284.378     1035.342
285.424     1033.803
284.334     1031.049
283.336     1030.32
283.273     1028.214
283.729     1019.304
282.872     1016.388
283.297     1018.251
282.711     1018.575
281.419     1013.796
280.729     1008.045
281.889     1004.886
282.616     1003.185
281.99     997.92
281.42     995.49
281.562     994.842
281.572     990.468
281.769     984.474
281.33     983.178
281.16     983.421
280.937     979.29
281.112     974.187
280.425     969.489
281.014     968.76
281.14     968.76
280.419     962.766
279.874     955.395
281.04     955.881
280.9     958.473
279.592     954.585
278.555     949.482
279.021     951.102
278.467     943.893
279.863     934.659
280.299     926.316
281.476     925.587
281.539     926.721
280.778     921.294
280.235     915.786
280.619     913.923
280.974     911.979
281.097     909.225
279.968     900.882
280.908     897.561
281.588     898.452
281.04     898.776
279.158     894.402
278.967     894.645
278.754     894.078
278.7     890.109
278.011     883.629
278.201     883.143
278.141     882.9
278.011     877.878
277.766     872.532
277.522     871.317
277.53     872.775
276.994     872.532
275.579     862.407
276.568     855.765
278.066     853.497
278.518     850.905
277.809     841.833
278.427     839.484
278.764     835.272
279.713     828.63
280.232     827.253
278.693     826.362
278.493     824.094
278.982     817.938
279.529     813.888
278.577     818.586
276.85     821.097
276.096     817.614
275.951     813.159
275.038     806.274
276.374     801.819
277.509     795.096
278.433     786.672
278.584     786.429
277.986     790.317
276.838     785.943
277.231     778.248
277.256     771.363
278.36     766.584
279.455     764.397
279.407     764.316
277.307     765.936
275.985     760.833
277.277     755.082
278.258     751.599
277.175     753.705
275.635     758.241
274.309     755.568
274.527     749.817
274.049     748.764
273.282     744.633
274.247     737.991
275.713     731.349
275.626     729.162
274.793     725.031
275.715     725.679
275.242     719.442
275.189     718.227
274.107     717.498
274.16     714.501
274.706     708.993
274.48     705.267
273.899     702.756
274.268     696.762
275.656     692.469
275.29     693.036
273.438     693.765
272.959     692.145
273.154     685.989
273.364     688.176
271.007     690.282
270.129     686.88
270.92     675.621
272.654     672.543
271.558     672.381
271.18     669.06
271.966     664.686
272.011     662.58
270.035     658.935
270.928     655.371
270.894     646.542
271.205     647.595
270.35     649.134
269.829     647.676
269.271     643.059
268.443     640.305
268.583     639.495
268.646     639.414
267.841     630.909
268.019     625.158
268.847     619.245
270.334     616.815
270.298     613.494
269.093     607.905
269.804     609.687
269.255     610.578
268.417     603.936
268.156     597.456
268.989     597.375
268.942     595.269
268.935     589.68
268.383     584.658
268.659     585.711
268.262     585.63
267.805     583.119
266.489     577.854
266.74     575.91
267.148     573.642
267.421     569.106
266.783     561.087
267.573     561.897
267.173     562.14
266.755     556.794
266.428     551.529
266.405     550.152
266.614     547.155
267.15     543.51
266.516     538.65
266.264     539.379
265.738     540.432
265.21     541.485
263.413     532.008
264.213     526.176
265.463     530.631
264.149     532.332
262.295     524.88
262.502     517.59
264.157     517.266
263.985     517.266
262.69     510.057
262.733     506.007
263.418     501.471
264.491     500.58
263.559     493.128
263.635     490.941
263.708     492.642
263.154     493.047
261.983     487.134
261.532     485.433
261.475     483.651
261.814     481.14
261.572     477.9
260.357     471.582
261.341     468.666
261.95     470.853
260.609     467.127
259.518     465.183
259.346     463.644
259.704     461.295
259.636     456.273
258.906     449.874
259.728     446.31
260.557     445.257
260.201     440.964
259.281     434.079
260.165     437.643
259.119     440.964
257.77     427.356
259.414     425.817
258.714     427.275
258.151     426.465
257.893     420.309
257.555     419.256
256.615     417.798
256.856     412.695
257.848     404.433
258.214     402.975
257.308     401.841
257.473     393.336
259.483     386.451
259.529     387.747
257.715     388.314
257.358     382.158
258.773     374.139
259.158     371.547
258.312     373.167
257.696     374.625
257.112     368.955
257.066     367.983
255.635     366.039
255.864     364.5
256.027     361.665
255.388     358.263
254.552     354.294
255.321     350.001
256.276     348.543
255.343     348.867
253.362     346.032
253.696     340.038
255.142     333.396
255.723     327.969
255.228     329.022
254.515     330.48
253.99     321.408
255.351     318.654
253.568     320.841
252.864     319.302
252.216     312.822
251.907     312.012
251.57     312.336
251.368     310.797
250.941     302.13
251.13     299.376
251.206     303.345
250.106     304.236
249.126     297.837
248.721     292.653
249.303     292.653
249.182     289.818
249.222     283.338
248.891     278.154
249.374     275.805
249.884     277.182
248.996     274.752
247.585     267.543
248.507     262.926
249.58     261.306
249.507     260.658
247.763     258.147
247.327     258.228
247.206     256.203
247.382     251.1
246.753     248.994
245.972     249.966
245.539     246.564
246.115     241.704
245.61     236.115
245.763     235.386
245.747     236.601
245.049     232.713
244.296     224.856
244.954     224.046
245.006     225.99
244.34     223.803
243.397     218.7
242.999     215.622
243.446     216.594
242.992     215.136
241.938     210.438
241.454     210.762
241.067     211.896
240.596     207.279
240.538     203.067
239.807     204.606
239.06     200.394
240.02     197.073
239.695     192.942
238.906     187.758
239.846     183.546
240.827     180.954
240.455     177.309
239.426     177.228
238.921     176.904
238.871     175.122
238.414     171.558
237.28     166.941
237.879     166.131
238.027     165.807
237.323     160.38
236.654     159.408
236.118     162
235.348     164.511
233.999     158.274
233.577     151.713
234.495     150.255
234.795     146.043
235.275     140.292
234.714     138.186
234.327     137.781
234.351     135.837
234.39     132.597
233.28     131.301
232.599     130.167
232.775     129.357
232.438     125.55
231.479     120.285
231.756     117.855
232.299     117.531
231.959     113.157
231.256     108.783
231.143     109.188
230.898     107.406
231.147     104.166
230.369     100.116
229.848     97.281
230.256     94.284
230.787     88.938
230.839     87.561
229.405     88.938
228.696     88.209
228.769     84.645
228.398     81.648
227.312     81.243
226.989     81.567
226.744     78.489
226.391     75.249
225.27     75.411
224.753     73.548
225.15     71.847
224.487     61.155
225.311     58.401
225.561     55.404
226.234     49.896
226.824     52.731
224.046     52.002
223.582     47.709
224.564     43.173
224.989     43.578
222.833     45.765
221.513     47.628
220.9     44.226
221.181     41.391
219.888     39.852
219.193     37.341
219.257     33.129
218.396     30.861
217.99     30.618
217.981     28.512
218.068     22.923
217.553     20.898
216.971     20.574
216.889     20.655
216.473     17.496
215.346     14.256
214.894     14.499
214.719     13.446
214.657     10.53
213.655     11.583
211.963     14.175
211.051     15.147
210.539     11.016
209.893     8.262
209.127     9.801
208.521     11.907
207.718     15.633
205.113     13.608
204.042     11.826
204.28     11.826
204.043     10.854
202.775     9.639
201.33     10.125
200.88     9.396
200.827     8.667
199.657     7.128
198.283     5.265
198.501     4.536
198.542     3.645
197.527     3.159
195.766     4.617
194.962     5.67
194.476     5.751
193.38     7.533
190.899     8.667
190.054     8.424
190.008     8.343
189.072     6.885
187.418     5.67
187.205     6.075
186.991     6.48
186.041     5.751
184.161     5.346
183.516     5.346
183.416     5.022
182.697     3.726
180.947     1.62
180.703     1.377
180.694     0.891
180.176     0.891
178.081     2.916
176.556     4.698
176.023     5.832
175.162     5.184
173.256     4.941
172.309     4.941
172.162     4.536
171.875     3.807
170.111     4.212
168.834     4.293
168.67     4.374
168.28     4.131
166.439     4.293
165.138     4.374
165     3.321
164.965     1.782
163.506     0.648
162.435     0.567
162.314     1.215
161.82     2.997
159.592     4.293
157.703     4.374
157.429     5.022
157.019     5.346
155.359     3.969
154.11     3.645
153.964     4.698
153.499     5.67
151.745     5.022
150.133     4.536
149.931     4.374
149.779     3.645
148.673     3.078
147.003     2.106
146.841     1.134
146.889     1.458
145.565     2.754
143.309     3.402
142.73     3.078
142.669     3.078
141.537     3.24
139.499     4.05
138.798     4.536
138.532     5.265
137.406     5.346
135.341     5.103
134.811     5.184
134.7     5.022
133.853     5.184
131.762     5.103
131.052     4.941
130.953     3.321
130.59     2.187
128.828     1.944
128.188     2.592
127.878     2.916
127.091     3.483
124.876     3.24
124.025     3.402
123.882     3.402
123.339     4.455
121.026     4.617
119.925     3.969
119.482     4.698
117.334     5.67
115.916     5.994
115.651     5.427
115.434     4.617
113.796     4.941
112.441     4.455
112.35     3.888
112.169     3.078
110.595     2.43
109.352     3.159
108.968     3.888
108.499     4.212
106.676     4.05
105.187     5.022
104.754     5.103
104.516     4.374
103.105     4.536
101.382     4.86
101.059     5.508
100.686     5.103
99.314     4.536
97.697     4.374
97.44     5.022
97.056     5.832
95.466     4.698
93.905     2.835
94.086     1.944
94.202     3.078
92.747     3.564
90.685     2.835
90.411     3.159
90.129     4.293
88.732     3.807
86.908     4.131
86.306     4.293
86.11     4.455
85.13     4.05
83.174     3.402
82.736     3.888
82.511     4.536
