Distance_nm     Force_uN
0     2.754
0.23     0.891
1.662     0.972
6.106     1.539
13.857     0.324
21.756     -1.944
28.997     -2.916
36.749     -1.134
44.253     -0.81
51.577     -0.729
59.246     -0.405
66.668     -0.729
73.942     -1.62
81.66     -2.106
89.033     -0.486
96.439     2.187
104.206     5.265
111.299     5.994
118.903     3.321
126.555     -0.648
133.73     -2.754
141.35     -2.025
148.855     -0.081
156.194     -0.324
164.028     -1.944
171.467     -2.349
178.938     -0.081
186.574     0.405
193.914     -0.648
201.451     -2.511
209.186     -3.888
216.543     -3.645
224.393     -1.863
231.881     0.567
239.155     4.05
247.103     2.025
254.707     -0.162
269.798     0.162
277.072     1.377
284.659     2.106
292.558     1.458
299.684     -0.324
307.6     -2.592
315.45     -1.134
322.609     1.944
330.442     1.782
338.309     0
345.764     -0.567
353.614     -0.486
361.151     -0.567
368.491     0.243
376.308     1.539
383.697     2.511
391.284     3.321
399.118     1.62
406.589     -0.567
414.406     0
422.141     0.162
429.514     0.648
437.578     0.81
445.214     0.405
452.603     2.187
460.651     1.134
468.369     -0.324
475.89     -0.81
483.806     0
491.327     0.567
499.161     0.243
507.076     -0.567
514.564     0.324
522.414     1.053
530.199     0.648
537.588     -0.567
545.701     -2.187
553.617     -2.025
561.237     -0.324
569.35     1.944
577.003     2.754
584.589     2.835
592.604     2.268
600.092     2.511
607.794     1.944
615.809     0.162
623.445     0.324
631.41     1.134
639.293     -0.162
646.83     0.162
654.911     0.972
662.777     -0.162
670.463     -1.215
678.494     -2.268
685.982     -2.268
693.782     0.324
701.912     1.944
709.647     2.673
717.629     2.592
725.512     3.159
733.131     5.994
741.097     6.885
749.012     4.05
756.813     1.296
764.729     0.567
772.266     0.243
780.33     0.729
788.46     0.972
795.866     -0.891
803.963     -2.025
812.109     -2.268
819.811     -1.458
827.842     0.729
835.676     1.701
843.196     -0.162
851.326     -2.997
859.275     -2.754
867.076     1.053
875.222     4.617
883.023     5.265
890.955     3.726
899.151     2.592
906.803     4.536
914.719     7.938
922.717     6.966
930.501     2.754
938.862     -2.025
946.745     -3.645
954.381     -3.24
962.494     -2.997
970.476     -2.43
978.556     -0.891
986.818     1.458
994.47     2.511
1002.501     0.567
1010.631     -0.891
1018.465     0.405
1026.907     1.782
1034.823     2.349
1042.64     1.134
1051     0.162
1058.834     2.592
1066.766     6.156
1075.176     6.237
1082.977     3.564
1090.909     0.324
1099.187     -2.025
1107.037     -2.673
1115.134     -2.43
1123.296     -2.106
1131.13     -1.62
1139.408     -1.296
1147.653     0.567
1155.585     1.134
1163.83     1.701
1171.993     1.539
1180.106     -0.648
1188.467     -1.053
1196.333     1.782
1204.298     5.994
1212.757     8.1
1220.607     4.779
1228.787     0.891
1237.097     0.891
1244.964     2.43
1253.291     2.673
1261.454     0.324
1269.304     -3.483
1277.697     -4.779
1285.646     -4.374
1293.792     -4.212
1302.268     -3.321
1310.233     -0.243
1318.478     2.997
1326.871     2.673
1334.918     1.053
1343.229     1.944
1351.343     5.184
1359.209     6.318
1367.701     4.455
1375.781     2.835
1383.944     1.863
1392.551     2.997
1400.385     3.969
1408.63     3.321
1424.906     1.539
1433.398     -1.62
1441.709     -4.05
1449.592     -2.592
1458.051     -1.134
1466.312     -0.405
1474.31     -2.025
1482.851     -2.997
1490.981     -1.782
1498.93     1.701
1507.537     5.265
1515.716     6.318
1523.879     4.941
1532.338     3.969
1540.451     3.564
1548.976     4.779
1557.27     6.966
1565.4     7.452
1574.007     4.941
1582.252     2.106
1590.349     -0.972
1599.039     -2.268
1607.119     -2.025
1615.298     -1.296
1623.905     -2.268
1631.903     -3.888
1640.132     -3.483
1648.377     -1.377
1656.425     2.268
1664.818     5.022
1673.26     6.48
1681.538     6.075
1690.096     5.427
1698.324     7.047
1706.257     6.723
1714.847     6.804
1723.273     6.237
1731.485     1.944
1739.977     -0.405
1747.926     -0.486
1756.401     -1.296
1764.828     -0.162
1772.908     -0.648
1781.482     -2.835
1789.793     -3.078
1797.89     -2.025
1806.513     -0.162
1814.906     1.863
1823.135     2.916
1831.627     3.159
1839.773     4.86
1848.232     6.237
1856.691     8.748
1864.755     9.315
1873.313     6.156
1881.805     2.592
1889.819     0.81
1898.41     0.405
1906.836     0.648
1915.245     -0.81
1923.951     -2.187
1932.41     -1.782
1940.82     -1.701
1949.378     -2.025
1957.458     -1.215
1966.032     0.081
1974.771     1.863
1982.802     2.997
1991.195     3.402
1999.654     4.698
2007.932     6.642
2016.654     9.153
2024.998     9.558
2033.029     5.427
2041.718     1.944
2049.93     1.782
2058.258     2.349
2067.062     1.62
2075.274     -0.486
2083.635     -2.268
2092.324     -3.078
2100.553     -1.782
2109.16     0
2117.734     1.458
2126.012     2.025
2134.882     1.782
2143.259     2.916
2151.454     6.399
2160.226     9.963
2168.57     9.234
2177.144     6.804
2185.833     5.103
2194.111     4.131
2202.587     5.589
2211.144     4.779
2219.356     2.997
2227.996     1.458
2236.472     0
2244.7     -0.729
2253.456     -1.782
2261.898     -3.969
2270.439     -3.969
2279.178     -1.215
2287.374     1.944
2296.014     3.726
2304.802     3.078
2313.113     3.807
2321.818     6.48
2330.393     8.505
2338.703     8.829
2347.541     6.723
2355.983     5.346
2364.36     7.452
2373.296     8.343
2381.344     4.698
2389.819     0.486
2398.739     -0.162
2406.902     0.486
2415.295     -0.81
2423.951     -3.645
2432.542     -4.779
2441.297     -3.402
2449.657     -0.324
2457.968     4.374
2466.97     7.938
2475.38     9.477
2483.707     9.234
2492.643     7.533
2501.102     5.265
2509.907     4.779
2518.629     5.184
2526.89     6.966
2535.662     7.128
2544.417     6.237
2552.745     5.589
2561.681     3.402
2570.288     -0.891
2578.615     -3.726
2587.436     -3.159
2595.78     0.405
2604.354     1.215
2613.422     -0.081
2621.897     -1.296
2630.373     0.729
2639.358     5.67
2647.916     7.776
2665.476     5.265
2673.606     4.698
2682.558     7.128
2691.116     7.452
2699.591     4.536
2708.528     2.349
2716.921     3.726
2725.544     5.994
2734.546     5.103
2742.89     -0.081
2751.579     -1.944
2760.45     0.486
2768.942     1.215
2777.713     0.081
2786.139     -0.567
2794.648     -0.324
2803.798     1.701
2812.504     4.131
2821.111     5.427
2829.948     5.589
2838.489     6.723
2847.36     8.343
2856.214     8.181
2864.574     5.994
2873.461     5.346
2882.348     5.427
2890.708     4.86
2899.611     4.131
2908.383     3.078
2917.006     2.997
2925.975     2.349
2934.484     1.944
2943.107     1.863
2952.109     -0.405
2960.65     -0.729
2969.472     1.053
2978.325     3.888
2986.735     5.589
2995.572     5.67
3004.426     7.047
3013.099     6.642
3022.134     6.318
3030.758     7.209
3039.579     6.237
3048.68     3.726
3057.237     2.916
3065.844     3.483
3074.583     2.916
3083.338     3.807
3092.357     4.131
3101.507     1.539
3110.114     -0.405
3119.264     -0.324
3127.904     2.187
3136.412     2.106
3145.414     2.997
3153.775     6.399
3162.415     6.561
3171.548     5.022
3180.304     4.293
3189.141     4.293
3198.127     2.592
3206.52     2.997
3215.357     4.779
3224.343     6.399
3233.147     6.237
3242.347     4.212
3251.102     3.645
3259.545     3.807
3268.547     1.944
3277.17     -2.268
3286.04     -2.754
3295.108     0.648
3303.715     3.483
3312.866     3.483
3321.851     3.24
3330.31     5.994
3339.312     7.047
3348.265     6.723
3357.069     4.455
3366.203     2.673
3374.876     3.726
3383.615     5.184
3392.699     4.698
3401.438     6.399
3410.571     7.371
3419.606     5.103
3428.213     2.592
3437.364     0
3446.464     0.405
3455.039     0.891
3464.172     0.162
3473.108     0.405
3481.946     1.377
3491.244     2.268
3499.966     3.078
3508.82     4.698
3517.971     8.424
3526.759     11.583
3535.958     8.262
3544.96     1.863
3553.501     1.296
3562.536     4.698
3571.522     5.265
3580.244     5.022
3589.625     3.564
3598.462     3.564
3607.3     4.698
3616.664     4.05
3625.37     2.511
3634.437     -0.081
3643.456     -0.405
3652.129     -0.243
3661.147     0.405
3670.117     4.131
3678.773     9.072
3688.055     11.34
3697.04     9.153
3706.042     5.103
3715.341     2.997
3724.26     4.536
3733.361     4.941
3742.594     0.972
3751.299     -3.483
3760.351     0.324
3769.534     5.832
3778.273     5.265
3787.341     4.293
3796.31     4.941
3805.098     3.483
3814.396     -0.972
3823.447     -0.891
3832.4     3.969
3841.517     9.072
3850.289     11.583
3859.456     9.315
3868.655     4.293
3877.262     1.782
3886.528     3.888
3895.727     6.075
3904.416     5.913
3913.715     4.293
3922.815     2.835
3931.62     2.187
3941.033     1.053
3949.92     0.891
3967.974     0.405
3977.025     0.729
3986.225     1.782
3995.358     3.726
4004.179     6.318
4013.511     7.452
4022.694     8.262
4031.367     6.318
4040.533     3.483
4049.65     5.103
4058.669     9.315
4068.132     9.477
4076.788     4.86
4085.807     4.05
4095.22     6.318
4104.09     3.402
4113.438     -1.782
4122.769     -3.888
4131.36     -3.402
4140.576     -3.24
4149.545     -0.486
4158.531     3.888
4168.026     7.209
4177.144     9.72
4186.047     9.963
4195.444     7.452
4204.281     6.48
4213.234     8.262
4222.565     10.773
4231.666     11.178
4240.898     8.667
4250.197     8.1
4259.051     6.48
4268.398     2.349
4277.236     0.324
4285.974     -0.081
4295.404     0.324
4304.505     -0.324
4313.655     -0.486
4323.003     1.539
4331.939     5.427
4341.205     7.452
4350.585     8.1
4359.472     6.642
4368.721     4.86
4377.904     5.832
4386.922     9.234
4396.122     11.34
4405.321     11.34
4414.505     8.586
4423.786     5.994
4432.854     5.994
4442.037     5.67
4451.336     4.212
4460.157     1.377
4469.422     -0.81
4478.835     -0.891
4487.887     0.243
4497.333     2.268
4506.45     5.184
4515.337     5.994
4524.932     6.237
4534.082     5.427
4543.298     5.103
4552.711     7.452
4561.483     10.206
4570.913     11.178
4580.458     10.53
4589.246     9.477
4598.544     8.262
4607.777     5.346
4616.861     4.212
4626.373     4.779
4635.622     4.941
4644.723     1.701
4654.153     -2.916
4663.27     -4.698
4672.453     -4.131
4681.965     -1.944
4690.902     5.103
4700.233     11.745
4709.696     12.555
4718.747     7.614
4728.21     10.935
4737.656     11.745
4746.675     5.913
4756.138     4.941
4765.469     11.016
4774.57     9.234
4783.901     6.075
4793.018     7.371
4801.493     3.159
4810.347     -1.458
4819.415     -0.486
4828.96     -0.243
4838.242     -2.511
4847.475     -1.539
4857.003     2.511
4866.137     3.159
4875.386     4.941
4885.03     9.72
4894.295     9.882
4903.626     10.044
4913.188     12.15
4922.256     9.963
4931.834     7.938
4941.214     9.234
4950.233     9.072
4959.943     5.508
4969.356     3.159
4978.457     2.673
4987.936     0.162
4996.938     -2.268
5006.253     -2.349
5015.864     1.62
5025.129     3.24
5034.51     2.835
5044.088     1.782
5053.386     3.24
5063.046     8.748
5072.377     11.907
5081.692     12.231
5091.237     11.826
5100.601     10.449
5109.933     9.72
5119.741     8.343
5128.908     7.047
5138.272     6.399
5147.817     2.916
5157.016     -1.377
5166.726     -3.321
5176.238     -3.24
5185.388     -2.106
5195.049     0.324
5204.364     1.458
5213.629     0.081
5223.339     -1.296
5232.62     1.863
5241.803     6.237
5251.694     8.586
5260.976     10.368
5270.34     12.069
5279.984     12.474
5289.397     11.745
5298.893     10.611
5308.29     6.966
5327.216     3.483
5336.744     3.321
5346.158     0.486
5355.917     -2.106
5365.149     -2.673
5374.629     -0.567
5384.24     -0.162
5393.505     -2.187
5403.116     -3.159
5412.546     -2.187
5421.614     -0.648
5431.554     3.483
5441.099     5.184
5450.299     3.564
5459.959     5.913
5469.488     10.449
5479     11.34
5488.808     8.262
5498.024     5.589
5507.405     3.078
5517.082     -0.81
5526.38     -1.782
5536.057     -0.324
5545.75     -2.511
5554.982     -5.913
5564.626     -5.103
5574.007     -2.997
5583.535     -1.539
5593.393     -1.134
5602.938     -2.349
5612.5     -0.972
5622.127     2.835
5631.343     2.997
5640.921     1.539
5650.713     4.617
5660.127     8.343
5669.853     8.991
5679.595     10.611
5688.992     8.748
5698.752     5.427
5708.083     4.455
5717.397     1.944
5727.124     -3.402
5736.603     -6.48
5746.148     2.268
5756.039     8.829
5765.304     -0.729
5774.783     -8.667
5784.444     -4.455
5793.693     1.863
5803.501     7.857
5813.178     15.633
5822.756     14.823
5832.778     3.564
5842.225     -0.81
5851.737     3.645
5861.743     6.885
5871.041     12.15
5880.454     18.306
5890.115     12.15
5899.594     -2.997
5909.403     -9.396
5919.014     -8.505
5928.378     -7.128
5938.186     -1.134
5947.649     1.458
5957.21     -2.754
5967.019     -2.43
5975.873     1.215
5985.5     0.324
5995.259     0.648
6004.656     5.913
6014.514     7.047
6024.191     2.673
6033.571     1.863
6043.561     3.321
6053.057     2.916
6062.536     5.913
6072.558     7.371
6081.922     -4.293
6091.468     -5.103
6101.26     -8.991
6110.624     -10.206
6120.613     -3.726
6130.389     0.567
6139.72     -0.162
6149.594     -0.324
6159.353     0.405
6168.8     -0.081
6178.805     1.458
6188.4     5.103
6198.159     6.804
6208.214     6.318
6217.414     6.237
6226.992     5.265
6236.965     -0.243
6246.362     -4.617
6256.22     -4.86
6265.979     -4.293
6275.376     -2.997
6285.349     -3.159
6295.026     -6.966
6304.34     -10.692
6314.379     -12.636
6323.974     -12.231
6333.519     -8.019
6343.475     -4.05
6353.152     -2.025
6363.043     -2.511
6373.016     -3.402
6382.577     -4.293
6392.336     -4.374
6402.013     -2.835
6411.706     -0.567
6421.976     0.729
6431.768     0.81
6441.379     -2.673
6451.319     -7.614
6460.749     -9.477
6470.376     -11.988
6480.316     -14.337
6489.894     -14.742
6499.917     -14.985
6509.84     -15.309
6519.32     -14.661
6529.342     -12.069
6538.903     -9.234
6548.531     -5.508
6558.8     -3.888
6568.395     -7.452
6578.335     -9.963
6588.505     -15.309
6597.952     -24.219
6607.678     -33.129
6617.733     -42.849
6627.344     -54.675
6637.35     -72.009
6647.158     -91.692
6656.72     -109.269
6666.759     -124.011
6676.436     -140.535
6686.129     -154.467
6696.299     -165.726
6706.124     -176.337
6716.048     -195.048
6725.988     -207.846
6745.457     -219.996
6755.512     -236.439
6765.271     -250.452
6775.31     -262.197
6785.102     -279.855
6794.828     -294.84
6805.114     -312.822
6814.807     -330.399
6824.204     -347.328
6834.309     -362.475
6843.837     -377.217
6853.728     -390.42
6863.898     -401.436
6873.559     -418.041
6883.614     -435.051
6893.554     -452.871
6903.182     -466.236
6913.336     -474.984
6923.095     -490.698
6932.903     -506.412
6943.205     -519.372
6952.997     -529.335
6962.806     -546.264
6972.828     -566.271
6982.39     -585.144
6992.61     -603.774
7002.599     -618.03
7012.177     -632.934
7022.413     -646.785
7032.337     -664.605
7042.096     -682.02
7052.168     -697.653
7061.91     -715.23
7071.735     -735.237
7081.922     -750.789
7091.797     -766.584
7101.951     -784.485
7111.973     -798.741
7121.354     -812.835
7131.508     -827.415
7141.596     -843.777
7151.305     -856.899
7161.476     -869.535
7171.367     -880.389
7181.126     -910.845
7191.51     -928.989
7201.384     -942.03
7211.357     -957.825
7221.511     -978.561
7230.974     -999.54
7241.095     -1019.547
7251.381     -1030.482
7260.992     -1044.657
7271.311     -1062.153
7281.251     -1077.381
7290.977     -1090.665
7301.46     -1102.005
7311.466     -1120.554
7321.209     -1138.617
7331.461     -1157.895
7341.467     -1170.693
7351.342     -1183.572
7361.463     -1201.068
7371.304     -1216.296
7381.507     -1231.443
7391.546     -1246.671
7401.371     -1265.706
7411.69     -1283.688
7421.564     -1304.586
7431.422     -1322.406
7441.773     -1339.092
7451.746     -1356.345
7461.884     -1371.249
7472.005     -1382.508
7481.665     -1401.624
7491.787     -1420.335
7501.941     -1436.778
7511.766     -1452.087
7522.018     -1471.608
7532.057     -1489.914
7542.063     -1508.301
7552.596     -1521.747
7562.453     -1533.492
7572.081     -1551.474
7582.301     -1569.699
