Distance_nm     Force_uN
0.037     7.614
0.032     1.377
2.27     1.458
3.107     5.427
3.48     8.181
5.223     12.798
6.266     15.957
6.503     17.253
9.282     22.275
9.277     22.599
10.973     32.643
12.199     36.45
12.468     30.699
13.905     30.456
15.264     34.587
15.364     35.964
18.186     44.712
18.233     45.927
19.486     53.379
21.066     54.918
21.292     57.267
22.419     57.915
24.23     62.37
24.251     61.56
26.915     67.554
27.194     66.663
28.042     71.037
29.779     76.626
30.1     75.816
30.88     76.464
33.117     84.645
33.064     84.078
35.518     95.256
36.039     96.066
36.613     94.608
38.403     97.362
38.893     103.518
39.382     105.543
42.015     108.783
42.273     111.861
44.047     117.045
44.884     115.992
45.169     120.528
47.791     125.793
47.801     126.198
49.655     132.192
50.665     136.566
50.902     137.781
52.545     141.669
53.74     143.856
55.283     148.797
56.589     152.928
58.073     154.872
59.453     156.573
59.6     160.542
62.422     165.24
62.58     167.832
62.601     168.885
65.313     181.116
65.523     182.331
66.587     189.783
68.545     192.78
68.545     189.216
71.173     197.478
71.446     195.939
72.231     204.849
74.068     209.304
74.421     205.659
75.153     210.924
77.464     213.921
78.086     214.326
79.897     220.806
80.371     223.479
80.871     224.694
83.382     233.847
83.34     233.523
85.604     241.542
86.294     241.704
86.625     239.679
89.347     244.053
89.347     240.084
91.222     247.293
92.243     257.337
92.438     259.038
95.228     262.845
95.228     263.574
96.876     268.515
98.14     272.16
98.372     274.752
99.835     284.715
101.252     287.226
101.325     289.494
104.126     298.566
104.195     296.217
105.442     299.133
107.19     307.962
107.217     309.42
110.065     317.763
110.334     318.573
111.208     322.785
112.992     325.458
113.293     326.268
114.103     332.667
116.283     339.876
117.01     343.278
118.8     345.546
119.305     347.247
119.99     349.434
121.885     353.727
122.327     357.21
122.838     359.073
125.37     367.74
125.323     368.793
127.561     376.083
128.35     381.186
128.593     377.946
130.425     385.479
131.336     389.772
131.483     391.716
134.242     400.302
134.253     403.461
136.201     409.779
137.343     414.72
137.454     412.047
139.107     412.938
140.344     414.477
140.413     412.128
143.293     424.278
143.361     423.549
144.804     426.06
146.362     433.593
147.684     430.434
149.237     430.839
149.41     434.484
150.49     436.023
152.406     443.07
153.407     448.173
155.139     450.036
155.444     455.625
156.281     458.379
158.035     462.591
158.408     471.42
159.177     473.04
161.546     487.134
161.515     483.894
164.095     493.533
164.574     494.586
165.126     497.502
167.643     501.552
167.575     501.147
169.849     512.811
170.613     509.166
170.907     507.465
172.724     514.35
173.603     521.073
173.866     522.45
176.699     530.307
176.867     527.877
178.563     532.413
179.711     538.812
179.847     539.865
182.712     549.18
182.722     549.261
184.296     556.956
185.649     558.819
185.792     556.551
188.756     572.427
188.824     569.754
190.004     570.483
191.683     569.673
191.894     577.611
192.899     586.197
194.837     590.733
194.805     587.979
197.564     600.858
197.896     601.425
198.712     605.394
201.044     609.201
201.013     610.821
201.676     613.413
204.035     622.242
204.482     623.295
206.325     625.644
206.92     627.507
207.441     629.127
209.916     636.579
209.874     638.118
212.111     646.947
212.959     652.455
213.228     658.287
215.939     661.608
215.907     663.633
217.834     674.73
218.914     675.135
219.03     681.048
221.867     686.07
221.867     686.475
223.494     691.254
224.842     694.737
224.953     693.927
226.39     698.787
227.796     703.89
227.775     705.996
230.544     718.632
230.628     715.878
231.839     721.467
233.598     727.218
236.351     730.701
236.541     732.645
237.373     732.807
239.1     734.751
239.279     746.415
241.816     756.135
242.201     758.646
242.712     758.97
244.512     764.397
244.865     772.578
245.412     775.98
247.687     784.161
247.977     783.999
249.756     787.482
250.235     788.292
250.598     790.155
253.026     803.844
252.941     802.872
254.916     808.218
255.758     814.617
255.795     821.502
258.417     828.306
258.322     825.39
260.081     825.633
261.007     832.68
261.113     835.677
263.866     837.459
263.887     839.565
265.288     847.989
266.599     851.391
266.541     851.148
267.831     859.491
269.4     858.033
270.521     869.454
272.043     871.155
272.169     873.423
273.222     880.065
275.012     884.196
275.818     891.81
277.54     899.019
277.624     893.511
280.135     904.932
280.535     907.362
281.02     912.222
282.805     917.811
283.157     919.674
283.726     924.372
286.053     934.416
286.006     932.877
288.322     941.625
288.886     942.759
289.18     946.971
290.965     949.725
291.739     951.831
292.029     956.286
294.661     968.679
294.54     966.168
296.388     967.383
297.352     967.788
297.425     972.729
299.131     980.262
300.084     983.907
300.205     982.611
302.901     992.412
302.985     990.225
304.402     996.3
305.691     1005.696
305.681     1004.562
308.403     1019.061
308.429     1013.31
309.582     1017.522
311.183     1019.952
311.183     1016.307
313.921     1029.996
314.079     1033.641
313.947     1034.046
316.843     1043.28
317.59     1045.305
319.37     1051.866
319.559     1056.888
322.155     1064.178
322.545     1071.306
322.934     1058.589
324.735     1064.34
325.114     1074.951
325.646     1074.789
328.068     1083.942
327.926     1085.238
330.089     1087.83
330.737     1093.986
331.142     1093.095
333.659     1107.837
333.522     1108.485
335.565     1109.214
336.444     1116.504
336.513     1119.42
338.113     1117.638
339.103     1125.576
339.193     1125.009
341.941     1135.539
342.004     1139.022
343.468     1143.072
344.784     1153.035
344.768     1150.281
347.606     1161.702
347.569     1166.886
348.759     1164.456
350.265     1171.665
350.275     1170.45
351.392     1173.285
353.129     1185.354
354.093     1190.7
355.798     1192.968
355.935     1199.772
356.751     1208.358
358.763     1211.355
358.71     1208.763
361.158     1219.698
361.543     1219.293
362.153     1222.533
364.512     1226.016
364.375     1228.203
366.665     1235.331
367.229     1235.088
367.55     1243.35
369.466     1249.83
370.098     1246.347
370.446     1255.257
373.015     1263.762
373.157     1259.874
374.795     1268.055
375.663     1272.672
375.911     1274.94
378.564     1278.828
378.506     1278.423
380.291     1287.009
381.376     1285.875
381.392     1285.389
384.161     1293.327
384.251     1297.053
385.288     1304.748
387.109     1310.337
387.004     1316.493
389.731     1323.135
389.926     1323.216
390.816     1330.506
392.564     1335.042
392.68     1333.827
395.254     1342.089
395.586     1341.279
396.271     1347.354
398.45     1354.563
398.914     1355.778
401.246     1366.875
401.151     1363.797
403.505     1369.224
404.115     1371.654
404.426     1373.841
407.011     1385.505
406.922     1386.396
409.08     1392.309
409.965     1399.518
410.165     1397.736
412.745     1408.428
412.718     1412.478
414.44     1414.665
415.535     1423.413
415.656     1422.684
418.331     1435.158
418.384     1433.214
419.831     1438.398
421.121     1444.716
421.179     1448.685
424.028     1455.813
424.107     1458.243
425.312     1464.48
427.05     1475.901
427.002     1475.82
429.782     1480.194
429.951     1482.948
430.877     1487.484
432.573     1496.88
432.789     1497.042
435.395     1501.983
435.716     1499.796
436.342     1503.765
438.169     1512.108
438.459     1517.778
441.018     1522.881
441.413     1521.747
441.897     1517.211
443.713     1524.096
444.219     1536.651
446.504     1540.701
447.215     1545.966
447.431     1550.583
449.263     1554.309
450.058     1562.328
450.289     1560.384
453.017     1571.319
453.164     1577.961
454.828     1583.388
455.855     1584.441
455.97     1589.22
458.803     1593.351
458.803     1594.971
460.44     1604.934
461.778     1608.417
463.199     1611.9
464.647     1613.52
464.694     1617.327
465.921     1623.078
467.585     1626.48
468.68     1643.247
470.386     1645.839
470.423     1643.247
473.176     1654.425
473.382     1654.344
474.214     1658.313
476.03     1662.768
476.204     1662.363
478.863     1671.678
479.226     1673.298
479.852     1681.641
482.174     1691.199
482.148     1693.062
485.091     1696.626
484.975     1698.813
487.292     1707.48
487.966     1712.988
488.334     1714.77
490.951     1722.627
491.156     1722.87
492.941     1730.808
493.847     1739.475
494.068     1740.609
496.837     1756.728
496.811     1754.946
498.501     1755.675
499.717     1760.616
499.775     1763.937
502.602     1773.252
502.713     1767.015
504.124     1772.847
505.546     1780.38
506.925     1783.782
508.436     1790.748
508.562     1792.53
511.353     1799.496
511.511     1804.518
512.532     1808.487
514.238     1813.59
514.428     1810.674
517.123     1821.528
517.397     1823.391
518.171     1825.821
520.319     1839.024
520.277     1836.351
522.815     1845.099
523.304     1852.632
523.794     1849.716
526.169     1859.841
526.09     1858.788
528.512     1867.374
529.185     1877.904
529.533     1877.175
532.123     1884.384
532.081     1883.736
534.198     1891.755
535.056     1896.21
535.303     1893.375
537.115     1897.425
538.141     1907.064
538.294     1910.79
541.09     1922.616
541.105     1924.56
542.732     1927.719
544.117     1933.551
544.117     1934.442
547.023     1940.112
547.092     1936.548
548.366     1938.411
549.898     1948.131
550.035     1956.555
551.235     1959.39
553.078     1965.708
553.036     1968.705
555.868     1976.967
556     1983.042
556.985     1990.008
559.085     1992.276
559.828     2002.968
561.628     2006.451
561.981     2003.13
562.692     2006.046
565.072     2014.146
565.588     2025.081
568.025     2027.673
567.941     2033.586
570.295     2045.979
571.021     2039.904
573.143     2050.272
573.901     2058.129
574.149     2060.316
577.002     2070.198
577.229     2071.17
578.977     2078.217
579.972     2075.544
581.809     2084.454
583.025     2089.476
583.115     2092.959
585.968     2106.972
586.047     2111.67
587.622     2119.77
589.038     2122.119
589.07     2119.203
591.881     2136.78
592.023     2134.269
593.229     2133.216
594.987     2143.341
596.093     2153.952
598.031     2157.759
597.978     2159.055
600.784     2171.205
601.063     2171.691
601.795     2169.018
603.696     2178.09
604.08     2180.196
604.775     2181.168
607.076     2189.349
607.618     2189.268
609.577     2193.399
610.114     2195.667
610.63     2199.312
613.194     2204.901
613.573     2209.599
615.442     2218.428
616.242     2219.562
618.501     2229.363
619.343     2235.033
619.57     2238.759
622.339     2245.887
622.302     2245.32
624.219     2255.688
625.382     2257.308
625.456     2258.604
628.346     2272.536
628.494     2277.72
629.989     2283.228
631.474     2287.197
632.911     2289.951
634.459     2297.322
634.585     2301.048
635.833     2304.288
637.66     2312.955
637.66     2310.606
640.466     2321.379
640.74     2324.538
641.741     2328.021
643.815     2332.881
644.668     2340.333
646.5     2348.19
646.827     2348.919
647.553     2350.053
649.938     2355.156
649.849     2359.773
652.418     2371.923
652.976     2372.571
653.392     2374.92
655.988     2382.939
655.972     2382.048
658.304     2389.662
658.936     2391.201
659.326     2399.058
662.174     2398.41
664.28     2411.127
665.275     2419.713
665.596     2422.953
668.408     2429.19
668.36     2429.595
670.108     2447.01
671.504     2442.393
671.562     2443.203
674.484     2464.02
674.742     2456.163
676.153     2459.727
677.769     2476.251
679.08     2477.223
680.686     2486.214
680.817     2483.379
683.729     2493.666
683.955     2497.149
684.998     2498.769
687.051     2515.617
688.025     2516.265
689.847     2516.427
690.184     2522.988
690.968     2524.77
693.264     2528.82
693.906     2530.845
695.87     2539.836
696.36     2542.914
698.903     2555.55
699.608     2556.441
700.061     2555.307
702.678     2569.158
702.646     2568.429
705.021     2578.392
705.763     2579.526
706.021     2586.006
708.854     2597.589
709.069     2596.05
710.86     2602.044
711.965     2603.583
713.75     2612.898
715.129     2619.54
715.24     2621.403
718.204     2629.422
718.388     2635.578
719.884     2636.226
721.4     2647.647
722.811     2654.613
724.417     2657.853
724.612     2660.04
727.539     2666.115
727.75     2665.305
728.776     2672.433
730.814     2684.016
730.814     2685.069
733.636     2696.247
734.015     2689.848
734.821     2694.951
737.121     2707.911
737.785     2707.263
739.722     2716.821
740.27     2713.986
742.75     2724.354
743.392     2725.812
743.982     2727.432
745.903     2728.89
746.625     2733.831
747.077     2738.691
749.905     2749.545
750.189     2753.757
752.037     2760.804
753.301     2765.016
756.228     2774.817
756.26     2778.3
758.208     2779.515
759.398     2789.235
761.067     2787.534
762.425     2795.31
762.625     2799.765
765.552     2815.803
765.61     2814.75
767.09     2818.8
768.843     2827.629
768.911     2829.411
771.844     2836.701
772.07     2842.533
773.16     2845.449
775.208     2845.368
776.188     2852.253
778.046     2857.923
778.425     2864.322
781.2     2874.609
781.658     2880.846
782.353     2883.276
784.333     2887.164
784.791     2889.027
787.397     2902.311
787.987     2903.364
788.481     2902.068
791.235     2913.084
791.667     2915.271
793.615     2923.938
794.426     2931.876
796.537     2936.412
797.564     2937.303
797.869     2936.898
799.659     2943.945
800.786     2947.509
802.776     2955.042
803.992     2958.282
804.213     2960.712
807.241     2968.002
807.267     2972.376
808.894     2981.529
810.547     2985.417
810.615     2983.23
813.532     2996.19
813.68     3000.078
815.038     3010.932
816.886     3015.306
816.97     3018.465
819.929     3031.263
820.198     3029.724
821.198     3033.936
823.388     3034.341
824.231     3042.036
826.168     3046.977
826.6     3052.242
829.327     3062.691
829.791     3064.311
830.459     3068.928
833.05     3076.461
833.076     3076.866
835.651     3087.396
836.382     3092.58
836.761     3091.932
839.531     3105.216
839.905     3103.434
841.795     3111.858
842.764     3117.042
844.859     3126.438
845.98     3129.111
846.281     3132.351
849.282     3134.862
849.366     3137.697
852.372     3152.844
852.678     3155.436
854.278     3156.813
855.81     3168.882
857.353     3172.527
858.98     3178.116
859.101     3176.091
862.06     3188.889
862.26     3193.506
863.508     3192.534
865.293     3199.095
865.556     3208.491
868.504     3212.541
868.878     3218.049
869.815     3217.401
872.074     3228.498
872.869     3237.732
874.801     3244.293
875.28     3246.966
878.007     3254.823
878.629     3255.228
879.234     3262.113
881.861     3265.839
881.856     3265.029
884.341     3277.584
885.142     3286.251
885.521     3290.706
888.401     3294.918
888.748     3301.641
890.591     3311.118
891.691     3308.526
893.681     3317.274
894.956     3321.081
895.214     3318.246
898.241     3326.67
898.294     3329.829
900.026     3344.652
901.463     3343.437
901.589     3346.596
904.738     3359.394
904.817     3357.045
906.265     3362.958
908.139     3369.924
909.382     3380.778
911.119     3385.638
911.482     3387.987
912.562     3394.629
914.81     3401.514
915.752     3405.807
918.064     3409.776
918.069     3411.963
920.87     3429.459
921.317     3424.437
922.028     3429.864
924.634     3440.151
924.676     3445.902
927.235     3457.161
927.872     3458.457
928.425     3463.641
931.226     3472.065
931.626     3478.383
933.58     3483.729
934.58     3479.355
934.917     3483.729
937.823     3488.103
938.071     3495.312
939.84     3504.708
941.103     3502.359
943.014     3514.752
944.315     3515.643
946.216     3519.288
947.758     3527.955
947.874     3528.522
950.986     3536.622
951.312     3538.809
954.329     3544.641
954.529     3551.769
955.845     3552.984
957.572     3558.087
957.841     3566.106
959.015     3569.751
961.252     3582.63
962.237     3578.418
964.164     3579.309
964.575     3592.755
967.476     3600.369
967.928     3603.366
968.56     3602.799
970.529     3608.874
971.187     3618.837
973.788     3627.018
974.536     3633.579
975.057     3635.766
977.785     3644.19
977.842     3640.95
980.18     3646.296
981.07     3649.698
981.454     3656.502
984.461     3669.867
984.782     3667.68
986.593     3675.294
987.83     3683.07
988.109     3687.282
991.142     3700.647
991.384     3703.158
992.979     3708.423
994.453     3717.495
996.112     3718.791
997.697     3721.14
997.902     3725.19
999.324     3735.072
1001.172     3737.745
1002.551     3749.004
1004.267     3750.948
1004.641     3752.811
1007.542     3763.989
1007.858     3767.958
1008.938     3773.79
1010.817     3776.868
1011.244     3788.127
1014.181     3790.638
1014.734     3791.286
1015.429     3807.243
1017.925     3811.536
1017.962     3807.405
1020.589     3819.96
1021.258     3818.583
1021.868     3819.636
1024.632     3830.166
1024.627     3831.381
1027.107     3836.97
1028.013     3841.668
1028.318     3848.391
1031.256     3853.575
1031.324     3853.251
1033.33     3866.049
1034.868     3869.613
1035.036     3872.124
1038     3885.246
1038.153     3890.349
1039.906     3895.776
1041.502     3897.477
1042.965     3907.197
1044.924     3917.403
1045.045     3914.244
1048.083     3917.889
1048.404     3924.612
1049.578     3928.338
1051.758     3934.818
1051.816     3934.332
1054.669     3949.722
1055.101     3954.663
1056.075     3953.124
1057.976     3958.227
1058.497     3961.062
1059.234     3966.975
1061.861     3978.963
1062.472     3977.019
1065.199     3992.004
1065.262     3995.325
1067.684     3997.026
1068.532     4001.157
1068.995     4003.911
1071.928     4014.522
1072.402     4014.036
1074.255     4019.544
1075.329     4026.996
1075.682     4030.722
1078.699     4044.492
1079.025     4039.47
1080.794     4045.383
1082.158     4054.779
1084.022     4061.016
1085.443     4073.004
1085.706     4071.384
1088.723     4078.674
1088.913     4084.668
1090.482     4087.584
1092.13     4094.55
1092.419     4101.84
1095.494     4104.351
1095.842     4105.323
1097     4108.644
1099.101     4119.66
1099.143     4124.925
1102.154     4132.701
1102.633     4139.991
1103.481     4143.15
1106.003     4153.761
1106.793     4162.266
1108.851     4171.176
1109.362     4171.176
1112.089     4175.55
1112.79     4177.818
1113.316     4184.865
1116.222     4185.351
1116.691     4194.099
1118.66     4202.037
1119.618     4200.984
1120.05     4206.168
1123.062     4216.212
1123.462     4223.016
1125.331     4225.851
1126.563     4230.63
1128.616     4243.185
1129.985     4243.752
1130.243     4244.4
1133.313     4253.715
1133.423     4255.983
1135.155     4273.56
1136.877     4275.909
1137.045     4278.825
1140.083     4288.383
1140.41     4285.143
1141.7     4295.673
1143.858     4300.533
1146.907     4296.24
1147.349     4315.032
1148.349     4314.546
1150.634     4313.088
1151.53     4326.696
1153.525     4333.662
1154.125     4332.042
1156.952     4341.438
1157.563     4350.186
1158.321     4345.974
1160.859     4359.663
1161.559     4362.417
1164.408     4377.321
1164.434     4375.377
1166.893     4383.963
1167.846     4392.63
1168.325     4392.873
1171.205     4411.422
1171.61     4412.556
1173.521     4412.394
1174.727     4426.569
1176.744     4431.348
1178.055     4433.616
1178.434     4438.962
1181.572     4448.925
1181.63     4444.956
1183.425     4459.374
1185.115     4463.262
1185.178     4459.293
1188.284     4473.063
1188.59     4474.521
1189.906     4479.786
1191.959     4494.204
1193.27     4494.852
1195.113     4498.335
1195.529     4504.734
1198.472     4508.784
1198.867     4508.703
1199.904     4513.644
1202.374     4530.978
1202.479     4530.492
1205.196     4537.215
1205.917     4543.047
1206.659     4545.558
1209.344     4557.87
1210.039     4557.06
1212.777     4568.076
1212.84     4569.048
1215.262     4579.74
1216.236     4586.544
1216.647     4589.622
1219.706     4599.99
1220.122     4595.778
1222.038     4610.034
1223.276     4617.891
1225.34     4629.474
1226.619     4629.798
1226.951     4631.904
1230.125     4642.434
1230.268     4641.786
1232.021     4641.138
1233.732     4652.559
1233.858     4657.662
1236.965     4659.363
1237.36     4669.164
1238.655     4682.043
1240.708     4682.043
1240.824     4684.554
1243.867     4693.707
1245.41     4700.511
1247.316     4708.044
1247.805     4705.209
1248.769     4707.477
1251.217     4719.708
1251.249     4721.166
1254.186     4733.316
1254.797     4724.244
1255.571     4726.026
1258.209     4746.519
1258.899     4747.005
1260.931     4751.622
1261.721     4758.75
1264.211     4772.115
1265.148     4774.626
1265.696     4781.997
1268.649     4791.879
1268.728     4790.097
1271.024     4793.742
1272.219     4801.356
1272.556     4799.655
1275.636     4819.176
1275.762     4821.768
1277.758     4823.388
1279.243     4830.921
1279.448     4835.133
1282.596     4848.822
1282.907     4839.831
1284.36     4852.062
1286.24     4858.785
1287.782     4860.648
1289.82     4874.094
1289.941     4874.661
1293.132     4883.328
1293.369     4884.786
1294.601     4888.593
1296.922     4896.936
1296.954     4896.531
1299.966     4917.429
1300.545     4916.781
1301.477     4921.803
1304.051     4935.735
1304.883     4936.788
1306.873     4941
1307.553     4946.67
1310.217     4957.038
1311.038     4957.686
1311.722     4962.627
1314.534     4974.21
1314.592     4971.618
1317.045     4981.662
1318.088     4985.064
1318.488     4989.924
1321.515     5000.049
1321.721     4996.809
1323.906     5008.554
1325.196     5016.168
1325.443     5014.953
1328.66     5024.025
1329.013     5027.022
1330.645     5028.885
1332.303     5035.608
1332.503     5039.253
1335.731     5049.864
1336.099     5053.428
1337.505     5054.481
1339.432     5068.656
1340.859     5073.597
1342.675     5079.753
1343.102     5077.08
1346.161     5091.012
1346.55     5093.604
1349.651     5101.866
1350.199     5097.897
1351.084     5105.511
1353.532     5117.58
1353.632     5116.284
1356.549     5127.3
1357.286     5135.238
1360.034     5138.397
1360.808     5143.338
1361.477     5151.843
1364.278     5169.258
1364.236     5167.152
1366.763     5170.392
1367.768     5175.09
1368.374     5182.137
1371.359     5191.776
1371.506     5191.533
1373.565     5201.901
1374.876     5205.789
1375.313     5208.624
1378.472     5218.506
1378.619     5218.911
1380.478     5225.391
1382.163     5229.279
1382.326     5233.977
1385.438     5246.451
1385.69     5247.423
1387.249     5252.85
1389.318     5264.514
1389.455     5263.299
1392.561     5275.611
1393.035     5275.854
1394.188     5280.39
1396.505     5287.194
1396.61     5292.459
1399.601     5304.123
1400.074     5304.69
1400.959     5309.793
1403.612     5323.644
1404.539     5319.108
1406.556     5328.99
1407.293     5332.959
1410.167     5348.268
1410.873     5352.642
1411.499     5352.885
1413.574     5359.446
1414.569     5363.577
1417.001     5382.207
1417.986     5381.559
1418.491     5386.014
1421.566     5397.921
1421.682     5400.594
1423.925     5410.719
1425.252     5414.04
1425.552     5414.769
1428.769     5425.623
1429.069     5432.751
1430.743     5437.368
1432.47     5441.013
1432.665     5441.013
1435.824     5453.244
1436.245     5452.515
1437.645     5458.509
1439.646     5462.964
1441.231     5473.737
1443.084     5484.429
1443.432     5484.591
1446.549     5492.61
1446.964     5497.146
1448.16     5495.445
1450.576     5506.218
1450.682     5510.997
1453.741     5522.904
1455.252     5528.655
1457.231     5533.677
1457.953     5538.294
1458.737     5537.322
1461.554     5546.07
1462.275     5553.441
1464.339     5557.248
1465.223     5565.186
1467.793     5573.286
1468.814     5573.043
1469.388     5577.741
1472.484     5595.156
1472.594     5591.43
1474.801     5602.284
1476.18     5605.2
1476.496     5604.147
1479.629     5614.434
1479.808     5613.381
1481.766     5623.263
1483.456     5628.042
1483.64     5631.201
1486.71     5646.996
1487.221     5650.479
1488.621     5651.613
1490.495     5658.66
1490.706     5660.928
1493.981     5674.86
1494.413     5673.321
1495.629     5678.505
1497.924     5691.141
1497.988     5692.761
1500.968     5699.808
1501.578     5698.107
1502.568     5702.481
1505.19     5718.843
1505.332     5718.762
1508.165     5735.448
1508.886     5733.585
1509.639     5740.551
1512.393     5746.95
1513.13     5748.084
1515.146     5755.293
1516.157     5757.723
1518.758     5771.412
1519.748     5770.359
1520.306     5772.708
1523.37     5787.045
1523.454     5788.017
1525.739     5799.195
1526.977     5800.977
1527.398     5806.404
1530.631     5822.442
1530.841     5824.386
1532.837     5830.137
1534.574     5836.05
1534.774     5837.103
1537.981     5852.007
1538.165     5853.141
1539.781     5863.995
1541.508     5869.341
1541.956     5872.338
1545.072     5881.41
1545.42     5885.379
1546.826     5893.56
1549.058     5898.987
1549.216     5896.152
1552.275     5909.355
1552.728     5908.545
1553.823     5915.187
1555.871     5922.396
1556.545     5921.667
1559.43     5939.649
1560.199     5944.752
1562.947     5943.213
1563.837     5950.584
1564.442     5950.017
1567.343     5961.519
1568.017     5963.544
1570.039     5969.133
1571.124     5983.146
1573.603     5988.411
1574.609     5995.458
1575.241     5991.165
1577.142     5992.704
1578.495     6002.262
1578.821     6004.287
1581.949     6014.898
1582.433     6020.082
1584.197     6022.593
1585.818     6028.587
1587.777     6034.824
1589.33     6043.572
1589.693     6049.161
1591.262     6057.585
1593.189     6063.336
1594.721     6067.305
1596.569     6074.514
1597.064     6076.134
1600.176     6090.228
1600.587     6091.038
1601.792     6098.733
1604.193     6103.188
1604.298     6107.805
1607.389     6120.036
1607.947     6121.251
1608.974     6127.083
1611.648     6137.127
1611.759     6142.635
1614.644     6151.059
1615.429     6154.137
1616.118     6161.184
1618.919     6163.938
1619.646     6164.1
1621.699     6174.711
1622.805     6171.228
1623.268     6175.764
1626.296     6191.883
1626.933     6205.005
1628.802     6211.971
1630.113     6217.398
1632.319     6225.012
1633.677     6228.009
1634.167     6229.062
1635.973     6235.542
1637.478     6242.103
1637.789     6242.508
1640.985     6251.418
1641.464     6256.764
1643.017     6265.188
1644.965     6269.238
1646.666     6278.472
1648.393     6282.522
1648.83     6283.899
1652.005     6297.993
1652.363     6296.697
1653.663     6303.987
1656.053     6311.763
1656.227     6312.33
1659.312     6319.863
1659.797     6325.776
1660.95     6329.664
1663.482     6343.515
1663.619     6348.213
1666.552     6346.836
1667.257     6348.051
1668.142     6366.924
1671.064     6366.519
1671.706     6369.435
1674.618     6390.9
1674.702     6387.984
1677.298     6388.875
1678.44     6406.371
1680.915     6408.315
1682.02     6414.714
1682.552     6419.007
1685.732     6427.431
1685.916     6434.478
1688.133     6430.833
1689.744     6438.447
1690.086     6441.282
1693.261     6451.731
1693.456     6452.784
1695.32     6455.538
1697.152     6467.445
1697.378     6465.177
1700.522     6482.754
1700.974     6484.212
1704.26     6495.228
1704.612     6503.814
1706.081     6503.571
1707.982     6513.939
1708.488     6523.578
1709.588     6523.173
1712.141     6532.407
1713.289     6537.996
1715.306     6540.831
1716.006     6547.797
1716.948     6552.009
1719.581     6555.654
1719.686     6559.218
1722.561     6576.552
1723.287     6578.01
1724.061     6578.658
1726.999     6580.197
1727.12     6584.814
1729.784     6599.961
1730.743     6603.201
1731.406     6608.142
1734.586     6627.42
1734.686     6623.532
1737.013     6629.769
1738.445     6639.57
1738.772     6638.76
1741.973     6646.617
1742.178     6650.586
1744.29     6663.465
1745.911     6670.593
1746.111     6671.565
1749.333     6677.802
1749.56     6680.394
1751.381     6693.192
1753.05     6696.756
1753.54     6695.784
1756.72     6703.155
1757.068     6704.127
1758.663     6717.168
1760.948     6720.894
1761.064     6721.299
1764.186     6744.708
1764.649     6744.627
1765.781     6753.537
1767.798     6761.637
1768.493     6762.69
1771.573     6771.357
1772.284     6772.248
1773.115     6778.89
1775.948     6792.174
1776.074     6794.685
1778.849     6799.545
1779.87     6804.648
1783.466     6814.125
1783.63     6814.368
1786.194     6825.951
1787.362     6828.381
1787.863     6829.434
1791.016     6848.874
1791.206     6850.332
1793.449     6851.628
1794.913     6868.071
1795.26     6867.261
1798.551     6875.199
1799.03     6878.844
1800.704     6881.679
1802.557     6891.156
1802.778     6891.075
1806.064     6901.443
1806.553     6905.574
1808.022     6909.138
1810.113     6921.126
1811.713     6929.631
1813.524     6938.055
1814.067     6938.379
1817.268     6951.015
1817.657     6957.171
1819.068     6957.981
1821.448     6968.025
1821.548     6966.891
1824.591     6980.985
1825.207     6984.225
1826.255     6982.605
1829.035     7002.369
1829.161     6998.481
1832.031     6993.702
1832.947     7003.746
1835.648     7009.821
1836.543     7012.575
1837.338     7020.837
1839.418     7028.775
1840.597     7035.579
1843.056     7041.573
1844.161     7046.757
1844.772     7063.605
1848.042     7070.895
1848.21     7070.166
1850.374     7083.126
1851.817     7085.556
1852.322     7081.263
1854.096     7088.958
1855.729     7099.083
1857.666     7106.859
1859.319     7111.8
1859.819     7112.367
1862.973     7122.006
1863.252     7125.003
1864.847     7139.34
1866.632     7145.739
1867.285     7150.923
1870.513     7159.671
1871.129     7155.216
1872.276     7163.073
1874.783     7175.871
1874.893     7174.17
1877.936     7180.083
1878.536     7183.404
1879.584     7202.925
1882.327     7197.903
1883.259     7212.159
1885.36     7220.097
1886.355     7220.259
1887.039     7224.876
1889.998     7234.677
1890.772     7243.101
1892.826     7248.852
1894.621     7249.986
1897.791     7262.703
1897.949     7264.404
1900.37     7275.015
1901.76     7279.632
1902.124     7284.087
1905.399     7297.209
1905.572     7294.698
1907.673     7297.695
1909.395     7309.764
1909.695     7308.144
1913.017     7318.269
1913.307     7323.615
1915.076     7328.637
1917.187     7337.304
1917.392     7336.17
1920.678     7344.999
1921.225     7353.018
1922.436     7354.395
1924.879     7368.651
1924.963     7371.081
1928.159     7384.041
1928.833     7386.471
1929.854     7386.147
1932.534     7397.244
1932.65     7402.833
1935.599     7406.64
1936.509     7416.765
1937.336     7420.248
1940.305     7432.803
1940.421     7428.267
1943.17     7434.99
1944.144     7445.844
1944.844     7448.76
1947.934     7454.835
1948.066     7455.726
1950.593     7469.658
1951.757     7473.06
1952.394     7474.032
1955.585     7483.833
1955.821     7486.749
1958.017     7496.388
1959.628     7498.413
1959.965     7500.519
1963.261     7522.47
1963.572     7520.121
1965.446     7524.576
1967.378     7543.125
1967.578     7544.826
1970.837     7551.954
1971.185     7550.982
1972.801     7557.3
1975.044     7566.21
1975.239     7565.319
1978.55     7584.759
1979.003     7585.731
1980.356     7594.884
1982.931     7599.501
1983.131     7603.47
1986.227     7615.62
1986.922     7613.919
1987.875     7622.991
1990.644     7631.415
1990.797     7632.387
1993.666     7641.621
1994.667     7649.559
1995.346     7661.466
1998.405     7664.382
1999.152     7674.993
2001.158     7681.068
2002.411     7681.311
2002.954     7680.42
2006.118     7685.604
2006.65     7694.028
2009.951     7701.075
2010.556     7699.86
2013.789     7714.116
2013.968     7713.144
2016.053     7717.356
2017.622     7725.699
2018.154     7733.637
2021.386     7743.924
2021.66     7747.488
2023.44     7744.491
2025.193     7746.84
2025.688     7752.672
2028.942     7769.196
2029.363     7775.271
2030.874     7782.318
2032.801     7788.474
2033.522     7796.655
2034.638     7799.895
2037.176     7807.59
2038.529     7807.995
2040.556     7817.553
2041.267     7826.787
2042.178     7830.594
2044.895     7839.018
2045.921     7840.881
2048.048     7844.688
2049.017     7854.327
2049.728     7855.704
2052.771     7862.832
2053.656     7871.256
2055.709     7873.443
2056.894     7888.347
2057.42     7887.861
2060.505     7900.254
2061.248     7900.983
2063.238     7905.357
2064.628     7918.155
2065.028     7919.775
2068.25     7931.277
2068.887     7937.757
2070.698     7944.642
2072.431     7942.455
2074.373     7948.287
2076.011     7951.446
2076.558     7961.166
2078.085     7967.646
2080.191     7976.88
2081.976     7981.74
2083.819     7987.977
2084.366     7992.837
2085.772     7996.077
2088.115     8003.043
2089.5     8014.545
2091.558     8018.919
2092.106     8016.651
2093.159     8021.997
2095.918     8038.197
2096.071     8039.655
2099.272     8051.319
2100.14     8050.104
2100.977     8050.509
2103.847     8064.036
2104.084     8062.254
2106.916     8076.348
2108.017     8076.024
2108.585     8088.417
2111.676     8098.056
2111.923     8099.919
2114.472     8106.561
2115.604     8110.206
2116.262     8113.608
2119.421     8124.219
2119.621     8125.515
2121.937     8146.818
2123.391     8147.628
2125.781     8152.407
2127.224     8154.513
2127.803     8153.946
2131.167     8166.258
2131.43     8169.498
2133.326     8177.193
2135     8182.134
2135.579     8182.863
2138.87     8195.418
2139.291     8198.901
2140.802     8202.951
2142.797     8208.459
2143.382     8219.232
2146.641     8232.111
2147.141     8236.728
2148.436     8238.024
2150.516     8244.261
2151.364     8239.968
2154.38     8261.838
2155.139     8265.24
2156.155     8267.427
2158.208     8275.284
2159.261     8281.278
2162.136     8290.107
2163.068     8295.453
2163.878     8299.908
2165.995     8315.298
2167.211     8320.158
2169.796     8325.828
2170.934     8326.071
2171.634     8324.613
2173.666     8336.844
2175.214     8346.564
2177.462     8353.125
2178.926     8358.066
2179.494     8365.356
2182.822     8371.917
2183.08     8371.35
2185.144     8378.721
2186.771     8388.765
2187.308     8392.41
2188.908     8396.379
2191.046     8410.635
2191.267     8412.903
2194.637     8419.95
2195.284     8417.52
2196.59     8425.458
2198.975     8429.265
2200.423     8439.147
2202.487     8444.007
2203.197     8447.895
2204.282     8450.73
2206.962     8459.154
2208.036     8460.288
2210.184     8469.765
2211.011     8475.921
2213.949     8490.42
2214.77     8490.015
2215.691     8497.872
2217.797     8502.975
2219.024     8504.109
2221.741     8519.985
2222.731     8522.415
2223.531     8525.412
2225.563     8534.484
2226.969     8539.425
2229.486     8545.986
2230.702     8554.41
2231.392     8551.575
2234.703     8571.42
2234.845     8571.582
2237.041     8577.495
2238.51     8581.869
2239.078     8586.81
2242.49     8595.963
2243.048     8603.415
2246.418     8614.836
2246.802     8618.805
2248.624     8629.335
2250.493     8631.603
2251.151     8637.921
2254.405     8645.778
2254.884     8649.261
2256.379     8660.358
2258.412     8668.134
2259.101     8668.782
2262.339     8677.935
2262.86     8677.53
2264.082     8676.963
2266.225     8686.845
2267.057     8694.297
2267.978     8695.269
2270.879     8704.665
2271.79     8715.438
2273.922     8724.024
2275.038     8727.831
2277.908     8737.146
2278.908     8735.121
2279.708     8738.604
2282.904     8756.343
2283.647     8755.128
2285.674     8762.499
2287.174     8767.359
2287.58     8769.465
2290.912     8786.313
2291.176     8788.338
2293.403     8797.653
2295.156     8804.052
2295.446     8805.672
2298.91     8817.579
2299.442     8816.931
2301.1     8819.604
2303.285     8832.564
2303.559     8833.617
2306.928     8847.549
2307.534     8850.303
2308.924     8851.842
2311.304     8859.294
2311.535     8863.02
2314.852     8875.251
2315.484     8884.647
2316.616     8888.778
2319.254     8898.903
2320.496     8901.738
2322.608     8909.676
2323.529     8912.673
2324.44     8916.075
2327.33     8922.717
2328.378     8926.686
2330.526     8936.649
2331.553     8944.263
2334.391     8952.444
2335.375     8960.22
2336.276     8962.974
2339.498     8974.638
2339.661     8980.065
2342.33     8989.38
2343.515     8985.087
2344.22     8994.159
2347.522     9010.035
2347.764     9011.412
2350.033     9014.004
2351.755     9019.188
2352.123     9018.864
2355.519     9031.986
2355.851     9034.659
2357.778     9041.058
2360.058     9039.438
2363.469     9052.479
2363.891     9059.526
2365.486     9063.819
2367.429     9072.243
2368.081     9081.315
2369.377     9077.832
2371.967     9093.87
2373.31     9103.995
2376.053     9116.712
2376.195     9117.765
2379.422     9117.684
2380.08     9127.728
2381.197     9131.454
2383.324     9145.143
2384.377     9144.171
2387.399     9164.502
2388.273     9168.39
2389.115     9171.306
2392.306     9174.951
2392.532     9182.16
2395.217     9186.534
2396.297     9190.422
2397.086     9199.17
2399.134     9207.108
2400.593     9208.971
2402.683     9227.358
2404.294     9229.626
2404.968     9234.648
2408.243     9245.583
2408.601     9245.178
2410.507     9255.789
2412.281     9264.294
2412.976     9259.434
2416.383     9272.313
2416.872     9272.718
2418.394     9282.357
2420.889     9292.482
2421.121     9288.837
2424.38     9301.311
2424.933     9301.554
2426.349     9305.685
2428.998     9318.321
2429.198     9319.941
2432.357     9333.063
2433.246     9338.004
2434.152     9342.864
2437.127     9341.892
2437.258     9340.677
2440.259     9360.927
2441.386     9370.728
2442.039     9376.479
2445.177     9384.579
2445.993     9387.819
2448.057     9393.975
2449.42     9401.184
2449.905     9400.536
2453.364     9414.144
2454.085     9418.275
2456.017     9421.92
2457.644     9427.104
2459.835     9436.257
2461.351     9439.983
2462.014     9444.924
2463.725     9452.052
2465.71     9461.124
2467.753     9469.062
2469.506     9472.464
2470.133     9471.816
2473.524     9489.474
2473.95     9487.773
2475.561     9496.197
2478.009     9503.163
2481.595     9505.836
2482.127     9516.123
2483.564     9520.659
2485.644     9523.332
2486.523     9536.616
2489.65     9545.202
2490.329     9547.713
2491.53     9553.221
2494.563     9567.153
2494.736     9569.097
2497.664     9573.147
2498.553     9581.895
2499.433     9584.325
2502.75     9605.385
2502.502     9596.07
2499.57     9590.319
2499.475     9589.509
2497.674     9587.403
2496.347     9581.247
2496.263     9582.624
2493.32     9570.555
2493.141     9573.228
2491.793     9569.745
2490.15     9558.729
2490.077     9565.128
2487.192     9550.224
2487.055     9547.146
2484.148     9537.75
2483.911     9534.834
2482.858     9534.105
2481.063     9524.142
2480.774     9522.765
2478.004     9511.749
2477.73     9508.266
2476.946     9511.668
2474.503     9500.652
2474.556     9503.649
2471.981     9493.605
2471.391     9488.664
2470.854     9487.854
2468.317     9476.271
2467.837     9477.567
2465.916     9468.9
2465.231     9463.716
2463.062     9454.158
2462.03     9451.242
2461.714     9444.519
2458.913     9449.298
2458.945     9451.161
2456.981     9435.366
2455.786     9432.45
2455.628     9430.101
2452.748     9416.412
2452.574     9411.066
2450.989     9404.586
2449.389     9402.804
2447.878     9392.436
2446.304     9395.757
2446.214     9391.464
2443.334     9377.613
2443.134     9380.205
2441.934     9374.292
2440.28     9372.348
2440.043     9370.08
2436.932     9357.687
2436.932     9354.771
2434.062     9355.257
2433.689     9351.126
2432.836     9348.858
2430.456     9337.761
2429.814     9336.303
2427.908     9330.633
2427.339     9326.988
2424.775     9314.595
2424.043     9307.629
2423.543     9308.439
2420.963     9295.317
2421.016     9296.775
2418.725     9295.317
2417.825     9294.588
2417.436     9292.077
2414.608     9281.952
2414.529     9277.902
2412.497     9275.958
2411.27     9271.908
2411.07     9273.609
2408.222     9256.842
2407.98     9255.87
2406.384     9251.253
2404.926     9248.985
2403.346     9245.502
2401.846     9237.564
2401.609     9237.321
2398.74     9224.766
2398.566     9224.685
2397.313     9228.168
2395.596     9221.202
2395.354     9216.504
2392.432     9203.301
2392.048     9202.329
2391.2     9200.79
2388.989     9191.151
2389.047     9189.774
2386.24     9173.493
2385.709     9175.923
2385.003     9174.222
2382.46     9162.234
2382.413     9167.499
2379.907     9155.835
2379.243     9154.053
2378.722     9152.352
2376.037     9138.582
2375.579     9141.255
2373.678     9135.909
2372.725     9130.887
2370.503     9118.98
2369.514     9114.039
2369.256     9112.662
2366.26     9105.534
2366.212     9106.506
2364.359     9098.082
2363.043     9094.275
2362.827     9094.518
2359.831     9081.477
2359.61     9085.527
2358.073     9081.558
2356.525     9072.567
2356.446     9075.645
2353.408     9066.573
2353.182     9060.255
2351.886     9054.666
2350.001     9047.214
2349.949     9044.136
2347.069     9028.746
2346.769     9028.179
2343.852     9020.16
2343.499     9023.319
2340.677     9007.362
2340.203     9002.259
2339.461     9002.745
2337.513     8998.047
2336.892     8993.268
2334.296     8981.199
2333.654     8977.878
2333.159     8978.526
2330.389     8967.51
2330.426     8967.672
2328.031     8959.086
2326.978     8954.469
2326.635     8955.198
2323.824     8946.045
2323.755     8946.693
2321.649     8931.789
2320.502     8932.518
2320.27     8930.655
2317.316     8917.371
2317.248     8917.614
2315.458     8912.43
2313.915     8906.436
2313.747     8908.866
2310.672     8894.529
2310.498     8893.962
2309.119     8889.102
2307.36     8885.133
2307.323     8881.731
2304.322     8868.933
2303.948     8872.659
2302.885     8867.556
2300.758     8859.537
2300.674     8860.266
2297.767     8848.359
2297.346     8848.764
2296.393     8843.256
2294.145     8833.536
2293.276     8831.997
2291.355     8822.034
2290.828     8826.57
2290.149     8826.489
2287.559     8813.529
2286.885     8810.937
2284.963     8800.731
2284.236     8792.955
2281.788     8779.59
2280.93     8777.241
2280.503     8777.16
2277.592     8769.87
2277.534     8768.574
2275.402     8760.96
2274.349     8760.474
2273.991     8757.477
2271.026     8750.997
2270.921     8751.564
2269.078     8743.221
2267.704     8733.096
2267.346     8731.314
2264.356     8726.211
2264.203     8722.647
2262.713     8721.027
2261.097     8715.114
2260.828     8711.793
2257.827     8697.861
2257.564     8699.481
2256.311     8698.266
2254.247     8689.518
2254.2     8688.465
2251.277     8677.611
2250.914     8671.212
2249.909     8675.505
2247.618     8663.598
2247.587     8667.972
2244.222     8657.118
2244.191     8652.42
2241.532     8648.694
2240.805     8642.781
2240.247     8639.865
2237.567     8633.709
2237.52     8632.008
2235.13     8620.02
2234.187     8615.97
2233.834     8614.998
2230.965     8599.932
2230.539     8599.77
2228.738     8595.639
2227.59     8592.075
2227.322     8589.24
2224.326     8578.305
2224.063     8583.003
2222.367     8574.174
2220.846     8573.607
2220.667     8570.205
2217.539     8552.385
2217.35     8555.382
2215.855     8552.952
2213.996     8550.198
2213.922     8546.148
2210.89     8530.839
2210.568     8532.54
2209.326     8529.057
2207.257     8526.303
2206.183     8517.474
2204.287     8508.159
2203.945     8508.645
2202.976     8507.916
2200.565     8495.361
2199.775     8494.794
2197.811     8488.8
2197.206     8487.828
2196.469     8484.102
2193.852     8467.902
2193.21     8468.145
2191.204     8459.964
2190.425     8454.051
2187.945     8449.434
2187.118     8441.577
2186.639     8429.832
2183.738     8432.343
2183.675     8429.832
2181.427     8423.109
2180.237     8419.302
2179.952     8414.766
2176.994     8411.364
2176.725     8408.61
2175.03     8398.485
2173.571     8394.921
2173.44     8397.27
2170.312     8381.556
2170.017     8379.126
2166.985     8372.16
2166.743     8369.487
2165.263     8361.225
2163.247     8355.555
2163.247     8359.038
2160.182     8342.271
2159.872     8340.651
2158.74     8335.386
2156.513     8331.903
2156.444     8331.498
2153.543     8316.432
2152.969     8314.083
2150.205     8308.413
2149.7     8308.656
2148.926     8304.687
2146.988     8295.696
2145.519     8290.512
2143.561     8289.54
2142.871     8276.661
2140.333     8276.499
2139.465     8271.396
2139.054     8269.209
2136.069     8262.324
2136.037     8256.654
2133.752     8253.414
2132.625     8236.647
2132.341     8236.647
2129.229     8231.949
2129.124     8232.84
2127.181     8224.659
2125.712     8213.724
2125.539     8217.774
2122.506     8202.222
2122.348     8201.412
2120.7     8196.714
2118.973     8187.642
2118.773     8186.022
2115.709     8178.003
2115.388     8182.296
2114.161     8178.003
2112.145     8170.794
2112.092     8168.526
2109.075     8156.943
2108.628     8154.027
2107.627     8146.575
2105.342     8151.111
2104.373     8140.824
2102.383     8134.263
2101.794     8131.509
2099.056     8124.867
2098.445     8123.004
2097.624     8121.627
2095.586     8110.611
2094.812     8105.103
2092.269     8094.006
2091.448     8091.9
2090.89     8084.286
2088.02     8076.996
2087.941     8075.781
2085.556     8065.575
2084.44     8062.659
2084.108     8061.363
2081.171     8052.615
2081.049     8053.668
2078.938     8047.755
2077.606     8045.811
2077.359     8037.711
2074.268     8030.097
2073.968     8023.455
2072.331     8022.969
2070.762     8016.084
2070.641     8018.19
2067.487     8005.473
2067.145     8001.585
2065.823     7998.507
2063.801     8000.775
2063.749     8000.856
2060.653     7983.684
2060.258     7987.005
2059.2     7982.388
2056.899     7974.531
2055.872     7966.836
2053.903     7961.247
2053.324     7960.68
2050.539     7950.555
2049.981     7947.396
2049.175     7943.427
2047.206     7937.109
2046.501     7928.847
2043.084     7923.663
2043.026     7924.392
2040.63     7916.778
2039.535     7907.301
2039.093     7906.734
2036.16     7900.254
2036.118     7900.254
2033.812     7895.07
2032.622     7884.216
2032.232     7885.917
2029.131     7871.256
2028.821     7875.63
2027.125     7871.418
2025.567     7863.075
2023.798     7853.517
2022.25     7849.872
2021.987     7846.47
2020.528     7843.068
2018.749     7828.569
2017.28     7830.27
2015.532     7821.036
2015.137     7820.793
2013.931     7816.986
2011.736     7808.157
2010.477     7811.64
2008.656     7803.378
2008.098     7796.817
2005.233     7784.1
2004.775     7781.832
2003.733     7775.919
2001.795     7769.844
2001.169     7766.928
1998.373     7756.074
1997.715     7756.479
1996.988     7750.809
1994.935     7743.438
1994.135     7743.924
1991.608     7735.338
1990.713     7731.855
1990.255     7730.397
1987.264     7716.465
1987.211     7715.898
1984.863     7711.767
1983.657     7701.156
1983.31     7701.561
1980.272     7692.894
1979.882     7687.548
1978.103     7676.208
1976.671     7674.102
1974.897     7665.273
1973.317     7666.974
1972.875     7659.36
1971.369     7654.581
1969.574     7655.067
1968.094     7636.113
1966.072     7635.627
1966.036     7638.381
1962.871     7622.262
1962.529     7620.399
1961.302     7618.698
1959.402     7610.274
1958.933     7610.031
1955.921     7603.47
1955.532     7598.61
1954.505     7596.585
1952.036     7591.644
1951.973     7589.214
1949.151     7578.522
1948.435     7578.36
1947.761     7571.475
1945.002     7567.344
1944.939     7569.369
1942.338     7555.518
1940.943     7545.312
1938.973     7542.801
1937.826     7532.676
1935.53     7522.713
1934.419     7517.691
1933.914     7518.015
1930.871     7508.538
1930.728     7508.781
1928.744     7505.622
1927.348     7500.276
1927.08     7495.983
1923.963     7486.83
1923.726     7483.914
1921.936     7473.222
1920.346     7469.658
1919.967     7465.527
1916.839     7459.533
1916.613     7459.938
1915.139     7460.667
1913.006     7445.115
1912.927     7444.71
1909.942     7435.881
1909.584     7430.778
1908.489     7431.993
1905.993     7421.301
1905.883     7419.276
1902.924     7413.525
1902.445     7406.073
1901.66     7404.21
1899.007     7393.437
1898.149     7388.901
1896.037     7387.281
1895.237     7377.156
1894.695     7374.807
1891.82     7366.626
1891.215     7362.333
1889.219     7356.339
1888.166     7351.074
1885.75     7337.466
1884.649     7337.466
1884.328     7335.846
1882.427     7327.908
1881.148     7323.21
1879.347     7318.593
1877.715     7314.057
1877.336     7308.468
1875.941     7302.474
1873.977     7298.262
1872.519     7290.081
1870.339     7281.171
1870.297     7282.548
1867.269     7279.875
1866.864     7278.255
1865.616     7273.314
1863.168     7270.155
1863.073     7264.647
1860.277     7255.089
1859.619     7251.768
1856.687     7242.372
1856.055     7239.942
1855.323     7235.244
1853.28     7232.085
1852.459     7227.792
1849.848     7217.424
1848.937     7213.941
1848.368     7211.106
1845.356     7209.405
1845.335     7211.43
1842.924     7194.339
1841.913     7189.398
1841.492     7183.485
1838.365     7172.55
1838.201     7172.064
1834.758     7163.316
1834.389     7157.727
1832.694     7153.353
1831.046     7146.954
1830.867     7144.929
1827.64     7132.455
1827.266     7131.726
1825.829     7128.648
1823.786     7118.523
1822.412     7118.847
1820.521     7110.18
1820.111     7098.273
1817.262     7100.622
1816.662     7091.712
1815.715     7091.226
1813.666     7084.098
1812.924     7072.515
1810.181     7067.736
1809.407     7063.929
1808.786     7064.901
1805.79     7053.561
1805.674     7056.882
1803.226     7047.729
1802.115     7042.302
1801.699     7041.897
1798.74     7031.934
1798.624     7034.04
1796.445     7027.236
1794.939     7019.136
1794.665     7018.569
1791.511     7011.036
1791.39     7009.578
1789.479     7003.989
1787.773     6994.107
1787.531     6994.107
1784.461     6982.443
1784.014     6980.094
1782.582     6976.206
1780.518     6969.969
1780.386     6968.673
1777.248     6957.009
1776.775     6957.252
1773.679     6948.828
1773.258     6943.482
1772.068     6937.245
1769.54     6926.715
1769.477     6927.444
1766.576     6922.341
1765.908     6919.506
1765.081     6906.627
1762.422     6904.845
1762.296     6905.817
1759.469     6890.913
1758.689     6887.673
1758.289     6883.623
1755.246     6877.143
1755.078     6874.875
1752.777     6861.591
1751.413     6864.993
1751.118     6861.105
1747.907     6850.737
1747.538     6842.151
1745.895     6836.238
1744.258     6835.671
1743.974     6836.157
1740.809     6825.06
1740.478     6814.125
1739.098     6807.969
1736.982     6814.206
1735.492     6794.037
1733.591     6791.769
1733.159     6792.822
1729.621     6777.837
1729.558     6777.837
1726.515     6771.114
1725.941     6772.005
1725.041     6768.036
1722.34     6757.344
1721.539     6751.431
1719.455     6744.789
1718.638     6736.122
1715.895     6731.505
1715.158     6726.159
1714.395     6724.458
1711.462     6718.95
1711.362     6715.305
1708.819     6704.856
1707.661     6705.423
1707.25     6701.292
1704.165     6695.784
1704.007     6694.731
1701.78     6682.662
1700.295     6672.861
1699.995     6674.076
1696.857     6661.602
1696.399     6656.661
1694.662     6655.365
1693.008     6647.994
1692.835     6647.184
1689.723     6637.545
1689.286     6634.062
1687.764     6631.146
1685.79     6622.479
1684.232     6615.675
1682.405     6608.385
1681.91     6602.796
1678.83     6591.456
1678.414     6589.431
1677.192     6585.462
1674.681     6572.421
1674.623     6575.904
1671.585     6569.829
1671.095     6565.05
1670.195     6556.95
1667.421     6550.875
1667.242     6550.632
1664.388     6550.632
1663.677     6544.233
1662.956     6537.024
1660.113     6521.796
1660.023     6517.746
1657.417     6511.347
1656.311     6508.026
1655.832     6505.92
1652.758     6500.169
1652.189     6496.605
1650.299     6489.639
1648.977     6481.863
1648.572     6477.894
1645.418     6466.311
1645.002     6467.769
1643.27     6459.993
1641.559     6446.466
1639.658     6439.824
1638.089     6434.802
1637.668     6430.266
1636.089     6423.867
1634.198     6423.867
1632.698     6415.038
1630.834     6411.636
1630.35     6402.807
1627.185     6398.595
1626.854     6396.975
1625.522     6386.445
1623.137     6379.722
1623.079     6375.591
1619.535     6366.519
1619.372     6367.248
1616.418     6354.288
1615.697     6352.344
1614.844     6347.646
1612.017     6332.904
1611.227     6332.661
1609.19     6322.536
1608.274     6323.184
1605.557     6317.028
1604.678     6313.545
1604.062     6310.305
1601.045     6299.289
1600.871     6298.317
1598.402     6290.055
1597.149     6284.871
1596.769     6283.008
1593.605     6267.699
1593.437     6268.914
1591.336     6261.867
1589.778     6256.197
1587.787     6257.493
1586.34     6247.854
1585.876     6250.203
1582.622     6234.165
1582.354     6227.928
1580.722     6223.392
1578.689     6217.641
1578.563     6216.993
1575.288     6208.083
1574.957     6203.061
1573.64     6192.693
1571.64     6187.833
1571.108     6193.422
1568.065     6183.135
1567.475     6177.141
1566.433     6171.066
1563.79     6162.642
1562.805     6156.891
1560.71     6150.654
1559.978     6151.95
1557.214     6141.177
1556.382     6135.264
1555.618     6132.105
1552.696     6123.924
1552.028     6121.413
1549.916     6114.204
1548.805     6112.989
1548.379     6110.235
1545.325     6097.275
1544.735     6095.412
1541.534     6080.913
1541.034     6080.346
1539.286     6072.003
1537.765     6069.978
1535.722     6064.065
1534.174     6055.155
1533.763     6053.535
1530.409     6043.167
1529.967     6039.279
1528.456     6035.391
1526.492     6028.425
1524.923     6028.101
1522.67     6018.948
1521.438     6013.278
1519.458     6006.96
1518.911     6006.15
1515.783     5995.377
1515.241     5994
1514.214     5991.246
1511.282     5975.694
1508.486     5977.395
1507.717     5968.323
1507.001     5962.815
1504.027     5950.908
1503.863     5952.528
1501.226     5940.864
1500.13     5944.104
1499.604     5939.73
1496.482     5927.58
1496.276     5922.315
1493.217     5920.371
1492.696     5915.916
1491.617     5907.816
1488.926     5903.199
1488.753     5899.311
1485.831     5887.809
1485.051     5890.563
1482.256     5882.382
1481.398     5882.058
1480.624     5883.273
1477.612     5870.556
1477.028     5863.671
1473.969     5855.328
1473.347     5849.982
1470.262     5837.913
1469.709     5836.941
1466.419     5824.305
1464.265     5814.423
1462.67     5808.267
1459.069     5796.765
1457.036     5790.123
1455.088     5789.718
1453.382     5773.68
1451.161     5764.365
1447.975     5752.701
1447.37     5748.003
1444.179     5742.495
1443.616     5735.853
1440.462     5727.753
1439.757     5725.485
1436.798     5714.793
1436.05     5708.88
1433.165     5700.699
1432.265     5692.275
1429.464     5687.415
1428.479     5679.558
1425.746     5673.807
1424.751     5670.648
1422.05     5655.177
1420.882     5654.286
1418.523     5647.239
1417.254     5638.167
1414.906     5624.073
1413.39     5624.073
1413.089     5621.886
1409.846     5608.278
1409.341     5605.929
1406.082     5587.056
1405.582     5588.109
1402.312     5582.034
1400.369     5574.258
1398.642     5569.641
1398.158     5564.538
1394.899     5560.164
1394.388     5550.849
1391.171     5548.905
1390.703     5544.126
1389.476     5538.294
1386.896     5530.437
1385.769     5523.714
1383.095     5517.801
1379.299     5491.476
1378.477     5493.177
1375.545     5476.572
1374.823     5476.653
1371.838     5464.908
1371.096     5462.559
1367.884     5452.596
1367.426     5449.923
1364.188     5440.284
1363.656     5433.318
1360.471     5424.732
1359.955     5424.003
1356.47     5413.311
1354.385     5405.454
1352.653     5397.03
1350.694     5387.715
1348.767     5380.506
1347.072     5370.138
1344.929     5363.091
1341.675     5351.913
1341.106     5354.343
1337.879     5343.732
1337.252     5341.545
1334.157     5328.261
1333.441     5331.663
1330.418     5320.161
1329.565     5314.167
1326.664     5293.674
1325.954     5292.621
1325.027     5295.375
1322.158     5287.275
1321.32     5276.259
1318.193     5271.318
1315.545     5261.031
1314.529     5256.333
1313.881     5256.738
1310.717     5246.937
1310.074     5242.806
1306.863     5233.491
1306.689     5229.279
1304.483     5215.185
1302.825     5216.805
1300.84     5200.524
1299.239     5198.904
1298.781     5195.097
1295.422     5184.81
1295.164     5185.539
1293.595     5179.059
1291.426     5171.445
1287.919     5162.778
1287.603     5154.678
1286.177     5155.083
1284.181     5147.064
1283.602     5141.88
1280.411     5136.129
1279.853     5134.266
1278.848     5130.54
1276.131     5117.58
1275.062     5117.418
1272.946     5111.91
1272.145     5105.835
1269.323     5102.838
1268.386     5087.853
1267.87     5090.688
1264.632     5076.432
1264.079     5075.703
1260.836     5066.631
1260.204     5060.637
1256.972     5049.864
1256.429     5042.655
1252.923     5027.346
1251.006     5021.514
1249.037     5010.66
1245.499     5003.127
1244.925     5000.292
1241.682     4985.55
1241.135     4986.36
1237.96     4975.02
1237.433     4975.101
1234.216     4958.82
1233.511     4958.334
1230.42     4943.511
1229.725     4941.972
1226.698     4929.66
1226.003     4928.931
1225.161     4920.669
1222.249     4913.865
1221.317     4908.195
1218.295     4897.503
1218.1     4900.014
1215.51     4890.132
1214.278     4885.434
1211.787     4875.714
1210.44     4873.122
1208.155     4863.564
1206.796     4862.754
1206.254     4857.894
1202.853     4842.747
1202.374     4842.828
1199.12     4830.354
1198.846     4831.974
1197.098     4819.824
1194.939     4820.877
1193.286     4813.344
1191.412     4806.783
1190.875     4805.649
1187.605     4797.306
1187.168     4794.876
1185.805     4790.664
1183.341     4784.994
1183.204     4784.508
1180.039     4770.09
1179.276     4760.532
1178.36     4753.971
1175.48     4746.033
1174.622     4742.55
1171.705     4732.83
1170.873     4740.768
1168.746     4730.724
1167.73     4721.004
1164.982     4713.795
1163.897     4706.262
1161.286     4705.29
1160.238     4697.676
1159.574     4693.788
1156.358     4686.417
1155.789     4676.778
1153.82     4670.784
1152.246     4665.762
1150.14     4667.625
1148.66     4661.793
1148.123     4655.556
1144.832     4640.571
1144.253     4638.384
1142.626     4635.792
1140.678     4622.346
1138.972     4618.863
1137.13     4609.467
1136.63     4604.121
1133.297     4588.326
1132.812     4592.376
1131.549     4589.865
1128.948     4579.578
1127.742     4576.581
1125.736     4566.942
1125.025     4560.138
1121.935     4553.091
1121.15     4547.664
1120.308     4543.533
1117.386     4526.442
1116.47     4526.199
1114.285     4521.744
1112.647     4518.423
1109.562     4503.6
1108.899     4498.011
1106.867     4493.151
1105.582     4493.88
1102.997     4487.562
1101.654     4486.509
1099.285     4471.686
1098.021     4468.77
1097.468     4461.156
1094.173     4452.651
1093.951     4451.436
1091.977     4438.152
1090.019     4434.75
1089.824     4432.806
1086.38     4419.279
1085.875     4421.628
1084.353     4415.229
1082.205     4413.204
1080.584     4400.163
1078.699     4396.437
1078.141     4391.577
1074.971     4387.284
1074.455     4389.147
1073.16     4370.193
1070.559     4369.707
1069.38     4359.339
1067.247     4355.208
1066.389     4356.342
1063.446     4339.332
1062.651     4335.444
1059.655     4331.475
1058.597     4326.372
1057.986     4325.643
1054.901     4313.412
1054.185     4309.767
1052.105     4307.256
1050.8     4294.134
1048.32     4290.003
1047.093     4289.841
1046.551     4282.794
1043.25     4271.454
1042.997     4269.267
1040.785     4256.064
1039.132     4252.905
1038.859     4255.254
1035.515     4241.403
1034.999     4240.512
1031.688     4232.493
1031.361     4226.58
1029.718     4224.636
1027.855     4216.293
1027.228     4205.196
1023.943     4196.043
1023.564     4198.878
1022.1     4197.744
1019.652     4183.083
1019.41     4179.843
1016.177     4167.207
1015.419     4167.207
1014.476     4168.908
1011.681     4159.755
1010.696     4154.571
1008.548     4148.334
1007.648     4139.829
1004.773     4132.458
1003.888     4127.679
1003.093     4127.436
1000.045     4116.339
999.855     4107.672
997.239     4102.002
995.965     4091.229
995.475     4083.858
992.195     4080.456
991.61     4082.481
989.72     4075.029
988.114     4066.848
985.903     4061.259
984.392     4055.508
983.881     4049.514
980.564     4035.177
980.301     4027.32
978.516     4022.46
976.416     4013.307
976.237     4015.413
972.767     4002.453
972.262     3994.029
970.845     3984.066
968.497     3977.991
967.107     3970.863
964.548     3969.648
964.348     3966.975
961.163     3963.735
960.615     3952.557
959.468     3945.348
956.688     3943.971
956.567     3941.946
953.508     3924.045
952.655     3927.042
951.886     3922.344
948.869     3917.727
948.285     3906.549
946.231     3905.739
944.362     3897.558
941.098     3886.218
940.872     3882.816
938.697     3876.093
937.202     3871.557
936.696     3868.56
933.301     3857.22
933     3860.298
931.068     3850.902
929.004     3834.135
928.736     3835.755
925.361     3826.683
924.882     3829.032
923.492     3825.792
921.091     3813.723
919.722     3808.458
917.7     3800.844
916.995     3796.875
915.858     3794.202
913.23     3780.27
912.125     3777.921
909.987     3770.064
909.097     3764.718
906.138     3757.185
905.359     3753.621
904.301     3751.11
902.232     3747.708
901.268     3743.496
898.478     3736.368
897.535     3734.991
896.898     3726.972
893.676     3720.33
893.476     3720.573
890.923     3706.074
889.764     3701.457
888.996     3698.703
885.779     3688.254
885.557     3683.799
883.236     3679.587
881.551     3672.783
881.282     3674.241
877.976     3664.44
877.355     3657.717
875.912     3654.072
873.622     3640.626
872.205     3636.657
870.194     3630.177
869.573     3630.015
866.367     3616.407
865.703     3614.463
864.682     3610.818
861.912     3601.503
860.812     3598.425
857.99     3586.518
857.843     3585.627
854.936     3570.885
853.925     3569.265
853.172     3566.916
850.082     3553.794
849.892     3555.009
847.223     3551.445
845.965     3547.395
845.438     3543.75
842.2     3534.192
841.526     3529.089
839.473     3521.313
838.025     3512.16
835.687     3497.013
834.255     3494.421
833.75     3487.698
830.354     3477.492
830.085     3477.33
826.41     3464.775
825.842     3463.317
824.394     3456.675
822.177     3450.114
820.556     3445.983
818.65     3437.964
818.076     3436.425
814.759     3428.892
814.301     3426.948
812.995     3418.281
810.379     3408.804
810.21     3409.452
807.025     3397.95
806.43     3396.492
805.424     3391.227
802.465     3372.516
802.286     3374.703
799.406     3372.273
798.38     3361.176
797.706     3355.587
794.578     3352.995
793.82     3345.786
791.683     3338.091
790.482     3337.605
787.939     3329.586
786.723     3328.047
786.023     3323.349
782.785     3310.146
782.59     3311.928
780.305     3302.451
778.588     3297.186
778.304     3296.538
774.845     3282.849
774.361     3280.176
772.718     3270.375
770.617     3262.923
768.906     3251.826
767.079     3246.156
766.479     3242.835
763.178     3230.523
762.788     3230.523
761.346     3224.61
759.319     3218.13
758.624     3218.535
755.412     3206.304
754.775     3202.74
753.585     3194.802
750.868     3190.833
750.679     3186.864
747.593     3178.602
746.688     3177.873
745.893     3174.552
742.876     3163.374
742.034     3155.76
739.896     3147.822
738.769     3146.202
736.01     3139.884
734.978     3132.837
734.415     3132.675
731.046     3119.715
730.74     3117.204
728.666     3110.076
726.849     3100.599
726.565     3100.032
723.174     3090.555
722.911     3091.446
721.074     3081.321
718.873     3074.112
718.683     3071.439
715.303     3057.426
714.735     3059.613
713.466     3052.647
710.744     3042.603
707.479     3032.397
706.974     3026.565
705.789     3026.727
703.036     3015.144
702.878     3012.309
699.861     3013.929
698.982     3001.212
698.134     3000.24
695.117     2990.601
694.959     2988.171
692.137     2980.071
691     2973.348
690.347     2973.267
687.167     2961.441
686.393     2954.07
684.34     2942.001
682.96     2940.543
680.628     2940.867
679.012     2939.328
678.575     2932.443
675.247     2917.863
674.636     2910.978
672.804     2905.308
671.067     2900.043
670.745     2896.965
667.334     2886.678
666.739     2884.815
665.212     2879.712
663.011     2869.506
661.358     2867.805
659.452     2864.241
658.815     2855.412
655.498     2849.013
655.029     2845.935
653.75     2838.159
651.154     2831.841
650.954     2829.654
647.895     2815.155
646.974     2810.133
646.063     2810.052
643.199     2800.332
642.193     2792.556
639.998     2784.618
639.055     2781.945
636.165     2774.655
635.191     2771.172
634.38     2764.044
631.263     2750.031
631.063     2748.33
628.483     2736.018
627.057     2732.859
626.614     2733.426
623.292     2725.326
622.697     2719.575
620.786     2709.126
619.101     2709.207
616.932     2698.515
615.463     2693.979
614.873     2691.144
613.12     2684.34
611.188     2678.022
609.329     2671.866
607.56     2667.411
606.992     2662.632
603.633     2652.426
603.301     2650.401
601.711     2647.971
599.268     2633.796
599.063     2630.718
595.83     2622.618
594.019     2616.867
591.939     2614.437
591.076     2606.499
588.027     2594.511
587.343     2586.654
586.326     2586.978
584.12     2580.822
583.115     2576.286
580.282     2570.778
579.335     2565.756
578.529     2562.759
575.465     2548.422
575.259     2548.179
572.574     2538.378
571.179     2527.848
570.674     2528.01
567.362     2513.349
567.178     2508.975
564.772     2510.595
563.076     2502.171
562.723     2501.118
559.407     2493.342
558.885     2482.569
557.19     2474.307
555.274     2468.88
555.042     2466.207
551.646     2456.973
551.098     2456.487
549.593     2451.708
547.287     2442.798
545.723     2438.586
543.775     2431.62
543.127     2430.648
539.894     2418.984
539.331     2418.741
538.236     2408.859
536.114     2401.974
535.256     2399.463
532.223     2388.447
531.37     2381.238
530.502     2375.811
527.38     2368.521
527.195     2372.652
524.558     2359.368
523.273     2352.969
522.804     2350.782
519.487     2343.411
518.819     2337.903
516.881     2327.049
515.333     2321.541
513.127     2312.712
511.616     2310.768
510.932     2311.254
507.546     2301.939
507.251     2301.615
505.409     2287.197
503.692     2277.882
503.071     2279.34
499.717     2267.028
499.18     2269.377
497.79     2261.358
495.379     2258.523
495.179     2254.311
491.851     2234.871
491.167     2237.463
490.072     2228.148
487.371     2221.587
486.218     2208.951
484.038     2202.957
483.196     2208.384
480.163     2192.022
479.357     2188.782
476.22     2189.754
475.24     2183.031
474.598     2182.302
471.402     2169.666
470.623     2164.968
467.427     2152.899
467.206     2148.768
464.742     2148.12
463.515     2140.182
462.725     2133.621
459.466     2119.77
459.277     2117.664
457.039     2111.508
455.233     2105.514
454.928     2104.785
451.621     2096.442
450.979     2087.208
449.405     2083.32
447.341     2072.223
447.083     2071.575
443.671     2059.425
443.087     2055.375
441.713     2054.241
439.386     2038.527
437.901     2040.228
435.879     2033.991
435.163     2029.536
431.894     2023.299
431.325     2018.277
430.346     2011.392
427.387     1992.6
427.229     1991.142
424.296     1984.662
423.375     1983.285
422.664     1982.88
419.531     1972.512
419.321     1972.512
416.715     1962.954
415.398     1954.611
414.951     1953.882
411.602     1940.841
411.034     1929.177
409.096     1921.401
407.348     1927.638
405.158     1915.731
403.668     1914.354
403.104     1910.304
399.74     1898.154
399.461     1898.883
397.608     1890.702
395.491     1886.247
395.228     1885.599
391.89     1872.801
391.49     1869.561
389.921     1862.757
387.457     1852.47
387.288     1847.853
383.987     1834.002
383.287     1837.485
382.218     1829.709
379.444     1832.949
378.312     1820.637
376.242     1815.21
375.3     1808.892
372.299     1800.468
371.525     1795.851
370.493     1789.695
367.434     1787.751
367.292     1784.673
364.596     1770.741
363.543     1765.962
362.785     1761.507
359.584     1754.622
358.889     1753.569
355.488     1737.288
354.919     1737.693
353.003     1734.858
351.381     1720.683
349.233     1717.524
347.685     1709.343
347.106     1707.318
343.757     1691.928
343.457     1690.632
341.599     1682.613
339.482     1668.438
339.287     1668.519
335.944     1666.17
335.265     1665.036
334.028     1663.173
331.448     1652.481
331.337     1652.076
328.115     1638.387
327.399     1634.742
326.399     1631.178
323.456     1620.891
322.497     1617.732
319.57     1603.962
319.407     1603.962
316.543     1601.775
315.669     1593.594
314.863     1590.435
311.778     1571.562
311.615     1568.808
308.887     1560.303
307.624     1553.742
307.008     1554.147
303.749     1547.991
303.101     1542.24
301.142     1537.461
299.605     1529.361
297.341     1522.314
295.862     1515.834
295.362     1510.002
293.645     1505.952
291.75     1494.855
289.812     1486.674
288.101     1478.169
287.459     1476.954
284.305     1469.826
283.952     1471.122
282.22     1463.67
279.893     1459.944
279.703     1455.975
276.418     1444.392
275.76     1440.261
274.628     1433.457
271.922     1426.977
270.742     1422.036
268.657     1419.444
267.862     1411.587
267.041     1407.294
264.224     1409.157
263.292     1391.58
261.171     1385.019
260.081     1385.424
257.306     1369.629
256.269     1370.358
255.542     1362.015
252.325     1354.806
252.11     1354.077
249.635     1337.067
248.171     1335.366
247.782     1330.344
244.481     1316.979
243.849     1314.873
240.484     1304.019
239.9     1303.614
236.525     1291.221
236.278     1290.816
234.451     1278.342
232.371     1264.41
232.218     1268.217
228.828     1258.74
228.191     1252.341
226.811     1251.288
224.389     1245.294
223.036     1239.867
221.014     1232.01
220.335     1237.437
217.197     1220.103
216.602     1214.109
215.47     1213.947
212.706     1206.333
212.548     1199.853
209.574     1191.348
208.552     1186.812
207.768     1186.083
204.772     1173.123
204.045     1168.02
201.918     1155.789
200.707     1150.686
198.106     1148.742
196.985     1138.131
196.369     1141.533
193.157     1134.729
192.926     1133.595
190.577     1125.495
189.224     1118.124
188.556     1113.183
185.276     1100.142
184.728     1098.846
183.001     1091.637
181.095     1083.942
179.226     1081.998
177.552     1072.602
177.068     1069.524
173.772     1058.751
173.103     1051.704
171.76     1057.536
169.354     1052.595
168.043     1040.607
165.985     1028.457
165.337     1025.703
162.241     1017.198
161.667     1016.145
160.52     1020.843
157.708     1003.671
157.571     1002.78
154.639     987.309
153.733     987.471
153.006     981.963
150.005     974.673
149.2     963.009
147.094     954.585
145.915     953.856
143.282     937.251
142.155     935.631
141.423     929.718
139.47     920.16
138.075     921.699
135.753     908.091
134.21     908.172
133.831     906.876
130.567     899.424
130.072     890.028
128.429     883.062
126.297     881.766
123.001     866.133
122.643     866.052
121.011     867.267
118.8     857.871
118.621     858.843
115.309     852.12
114.735     847.017
113.556     843.939
111.097     832.842
109.823     828.711
107.806     814.86
107.011     811.701
104.047     800.928
103.389     802.872
102.394     800.928
99.54     787.077
99.361     784.485
96.566     779.544
95.586     769.5
95.002     765.126
92.011     756.54
91.248     755.892
89.205     745.686
88.078     741.312
87.589     741.879
84.377     731.754
83.84     725.274
80.592     721.062
80.418     717.498
78.307     702.594
76.685     698.787
76.438     696.033
73.115     682.749
72.821     685.098
71.141     684.774
69.146     672.867
68.909     673.029
65.739     657.477
65.239     651.159
63.917     652.86
61.696     643.626
60.385     636.741
58.426     630.423
57.805     628.317
54.74     618.759
54.203     617.787
53.156     612.603
50.544     598.266
50.434     598.671
47.501     592.029
46.706     582.876
46.022     580.365
43.068     581.013
42.389     567.405
39.446     556.227
39.351     555.741
36.929     542.376
35.718     542.862
35.292     541.566
32.233     525.933
31.801     525.69
29.932     524.151
28.516     516.861
26.515     506.574
25.178     504.387
24.777     494.262
21.676     482.922
21.471     482.112
19.765     473.364
18.012     475.227
17.912     472.716
14.442     464.778
13.447     458.136
11.562     450.198
11.036     447.768
8.14     441.612
7.54     437.562
6.708     425.331
4.175     413.667
4.128     418.689
1.459     408.402
0.601     405.324
0.132     402.489
