Distance_nm     Force_uN
-0.427     1.134
0.18     1.215
10.743     1.296
17.529     0.081
30.474     -0.486
42.938     0.648
49.055     1.458
61.773     1.62
68.111     1.701
80.819     1.053
87.018     0.972
99.887     0.405
112.93     -0.81
119.16     -0.243
131.57     0.972
138.259     0
151.02     0
157.379     0.405
170.146     0.486
176.597     0.324
189.164     1.296
195.577     1.296
208.85     0.324
215.15     0.81
228.046     0.972
241.287     -0.324
247.889     -0.891
260.574     0.081
267.035     0.405
280.19     0.162
286.58     0.648
299.621     0.891
305.926     1.701
324.714     1.215
331.477     0.648
344.901     -0.162
351.405     -0.081
364.235     1.458
370.847     1.458
384.27     0.891
397.958     -0.567
404.592     -0.567
417.68     0.405
424.033     1.458
437.283     1.863
443.981     1.782
457.89     0
464.42     0.567
477.654     1.215
484.298     1.458
498.04     0.081
504.873     -0.324
518.36     -0.405
524.901     0.081
538.222     0.405
544.93     0.405
558.267     0.891
571.49     1.62
578.15     1.782
591.918     0.486
598.632     0.567
611.72     1.701
618.699     0.972
625.418     0.891
639.014     0.243
652.577     -0.081
659.48     -0.648
672.594     0.729
679.308     0.729
692.818     0.243
699.58     0.405
713.267     0
726.371     1.134
733.16     1.134
746.945     -0.162
753.756     -0.729
766.796     0.891
773.445     1.053
787.273     -0.891
793.853     -0.648
807.184     -0.648
820.213     0.648
826.884     0.486
840.178     0.405
846.698     0.81
860.121     0.405
866.803     0.324
880.286     -0.243
893.261     1.296
899.867     1.377
913.479     0.243
920.599     -1.377
933.492     0.648
940.12     1.053
953.365     1.377
960.106     1.053
973.923     -0.405
987.227     -0.162
993.509     1.296
1006.5     3.24
1013.398     2.43
1027.56     -0.162
1034.247     0.081
1047.346     1.215
1053.963     1.701
1067.709     1.053
1074.752     0.324
1081.924     -0.567
1102.162     -0.081
1108.908     0.243
1122.74     -0.081
1129.491     0.162
1142.589     1.863
1156.826     0.243
1164.014     -0.891
1177.587     -0.081
1184.278     0.729
1198.401     -0.243
1205.336     -0.486
1219.356     -1.215
1232.777     0.486
1239.619     0.891
1253.574     1.215
1260.768     0.405
1274.674     0.405
1281.414     1.215
1295.147     2.268
1302.384     1.377
1316.657     0.567
1323.753     0.324
1337.928     0.567
1345.072     0.486
1359.275     0.324
1366.273     0.891
1380.826     0.081
1394.699     1.377
1401.557     2.349
1415.938     1.134
1423.044     1.377
1437.278     2.025
1444.745     1.134
1459.492     0.162
1474.146     -0.405
1481.203     0.324
1495.733     0.729
1503.239     -0.243
1517.758     0
1524.949     0.567
1539.414     1.458
1553.695     2.673
1560.974     2.997
1575.795     2.43
1583.407     1.62
1598.02     0
1604.949     0
1619.711     0.081
1627.059     0.405
1642.246     -0.891
1657.115     -0.891
1664.49     -0.729
1678.948     0.81
1686.334     1.377
1701.267     1.62
1708.647     1.944
1723.926     0.972
1731.538     0.648
1746.675     0.729
1761.715     1.377
1769.419     0.81
1785.318     -2.025
1793.135     -2.673
1807.802     -0.162
1822.771     1.458
1830.226     2.187
1845.6     2.106
1853.541     1.215
1868.888     0.891
1884.278     1.215
1891.954     1.62
1907.592     1.458
1915.802     -0.162
1931.581     -1.053
1939.51     -1.539
1962.715     -0.486
1977.991     1.215
1985.974     0.891
2001.778     1.134
2017.469     1.296
2025.36     1.134
2040.792     2.187
2048.721     1.863
2064.693     1.215
2072.779     0.405
2088.853     -0.891
2104.631     -0.891
2112.419     -0.405
2128.277     -0.648
2135.996     -0.162
2151.395     1.458
2167.048     2.592
2175.144     1.782
2191.034     1.944
2206.962     1.539
2215.221     0.405
2231.165     0.243
2239.423     -0.891
2255.729     -2.511
2271.764     -2.511
2279.661     -2.106
2294.795     0.567
2302.433     1.296
2318.226     1.539
2334.358     1.215
2342.384     1.053
2358.144     2.349
2366.212     2.511
2382.674     0.972
2399.368     -0.972
2415.408     -0.405
2423.476     -0.324
2439.845     -0.729
2448.081     -0.972
2463.354     2.349
2471.579     2.025
2488.044     2.187
2496.323     2.268
2496.323     2.268
2496.096     3.564
2488.613     3.645
2475.325     3.402
2468.502     4.05
2455.397     3.564
2448.748     3.645
2435.427     3.645
2429.048     2.268
2415.851     2.025
2409.159     1.701
2396.044     0.648
2382.702     0.648
2376.063     0.405
2362.165     2.511
2355.44     2.754
2341.741     4.05
2334.805     5.022
2321.291     5.427
2308.263     3.321
2301.592     3.078
2288.509     1.863
2281.984     1.215
2268.146     2.187
2261.395     2.106
2248.377     0.648
2241.366     1.539
2227.944     1.215
2220.89     2.268
2206.728     4.374
2193.036     4.617
2186.279     4.293
2173.095     2.835
2166.241     3.078
2152.446     3.645
2145.722     2.997
2132.517     1.377
2125.911     0.486
2112.036     0.729
2098.064     1.539
2091     2.268
2077.222     2.511
2063.078     3.645
2055.986     4.293
2042.344     3.564
2035.496     3.483
2021.962     1.944
2014.855     2.673
2001.251     1.377
1994.457     0.729
1980.582     0.648
1966.142     2.106
1959.24     1.539
1944.789     3.159
1937.639     3.645
1923.533     3.645
1916.41     4.05
1902.148     4.374
1888.323     3.645
1881.524     2.754
1867.749     1.296
1853.498     1.539
1846.305     2.025
1832.092     1.782
1817.955     1.215
1810.476     2.349
1796.031     3.24
1788.822     3.483
1774.134     4.698
1766.829     5.103
1752.838     3.564
1738.788     2.025
1724.392     1.782
1709.835     2.025
1702.664     1.782
1688.382     1.377
1681.098     1.296
1666.196     2.349
1651.536     2.916
1644.112     3.159
1629.086     4.617
1621.77     4.374
1607.197     4.212
1599.929     3.969
1585.588     3.159
1579.004     2.43
1564.803     1.863
1550.246     1.215
1542.957     0.891
1528.002     1.458
1520.546     1.701
1505.6     3.483
1498.024     4.293
1483.139     4.374
1468.438     3.645
1461.063     3.807
1455.05     1.377
1449.401     0.567
1434.57     0.972
1419.717     1.377
1412.406     1.053
1397.592     0.405
1389.882     1.296
1374.512     2.592
1366.76     3.402
1351.46     4.212
1336.451     4.212
1328.709     4.86
1313.836     3.888
1306.559     2.835
1291.487     2.187
1284.264     0.81
1268.959     1.215
1254.119     0.081
1246.285     0.81
1230.458     2.592
1222.743     3.078
1207.217     3.969
1191.778     4.293
1184.037     4.698
1168.895     3.807
1161.651     2.43
1146.347     2.187
1131.226     1.215
1123.588     0.81
1107.998     1.377
1100.068     2.187
1084.446     3.159
1068.954     3.159
1061.164     3.24
1045.488     3.969
1029.764     4.698
1022.082     4.536
1006.882     3.24
999.211     3.078
983.967     1.944
968.459     1.863
960.745     1.62
945.178     1.62
937.351     1.62
921.373     2.916
905.374     4.293
897.439     4.536
881.888     4.374
866.72     2.511
858.747     3.321
835.683     1.701
827.927     0.972
812.419     0.567
796.387     1.701
788.291     2.511
773.298     2.673
764.824     4.374
749.09     4.536
741.36     4.131
725.437     4.455
710.07     3.483
702.933     1.782
687.161     1.863
671.309     1.458
663.488     1.215
647.743     0.891
631.539     2.268
623.443     2.835
607.682     2.754
599.742     2.754
583.647     3.726
567.611     4.293
559.553     4.536
544.267     2.592
536.36     2.43
520.793     1.296
504.946     1.296
497.179     0.729
480.944     1.863
464.886     2.592
456.843     2.997
440.721     3.564
432.819     3.483
416.805     4.05
400.483     5.589
392.986     4.05
377.565     2.349
369.982     1.053
354.151     0.729
338.132     1.134
330.062     1.782
314.043     2.025
306.093     1.863
290.014     2.349
273.54     4.617
265.697     4.455
249.851     4.05
234.047     3.645
226.458     2.592
211.064     1.215
203.049     1.539
187.282     1.296
171.317     1.539
163.56     1.134
147.384     2.43
139.276     3.402
123.353     3.888
107.457     4.536
91.9070000000001     3.483
83.9770000000001     3.969
68.6100000000001     2.673
60.9290000000001     2.025
45.0160000000001     2.916
37.4210000000001     2.106
21.9290000000001     1.782
6.27600000000007     1.944
-1.59999999999993     2.268
-17.0979999999999     2.511
