602.904	8017.785
605.6234	8035.686
606.4926	8034.714
607.0344	8015.031
607.7258	8002.962
608.067	7981.74
606.0702	7968.618
605.8022	7948.773
605.2594	7940.106
604.892	7920.18
605.2772	7908.273
605.5042	7885.998
606.1778	7862.427
604.6494	7857.081
606.392	7829.46
606.3942	7807.833
603.6762	7785.153
602.863	7776.81
601.5538	7760.772
601.1	7740.36
601.5532	7727.643
602.2058	7703.262
601.423	7695
601.3888	7673.292
602.9708	7645.347
603.7456	7631.739
603.4724	7610.436
602.9384	7590.186
602.8984	7579.656
602.6816	7558.434
601.6484	7540.371
602.1404	7527.411
602.3634	7504.326
601.1598	7487.397
600.8546	7477.029
600.4656	7456.374
599.579	7437.825
600.223	7424.055
598.8268	7407.612
599.364	7383.15
599.7208	7370.757
599.396	7349.94
597.9424	7332.606
598.3844	7320.051
599.255	7294.455
599.188	7272.18
601.489	7241.4
601.1794	7230.951
599.9246	7213.779
600.2396	7190.289
599.2912	7182.513
596.9588	7169.067
598.2192	7152.948
598.4726	7129.944
597.0196	7112.529
599.0486	7082.154
598.081	7074.945
595.9418	7060.122
597.756	7031.205
596.605	7023.915
596.2764	7002.936
596.6742	6978.798
596.1338	6968.997
596.4976	6945.264
595.2538	6927.282
595.894	6913.35
595.0532	6894.153
594.2976	6875.604
593.6522	6866.613
593.4804	6844.176
592.5574	6824.736
592.7206	6812.829
595.313	6780.105
595.0004	6758.316
595.4592	6745.518
594.1758	6727.212
595.7832	6698.538
596.3284	6673.671
595.274	6665.895
594.1418	6647.022
594.1446	6623.694
594.0324	6612.921
593.613	6591.375
594.663	6575.985
594.8486	6552.009
593.4214	6533.946
593.8042	6521.553
590.3906	6499.764
590.9872	6474.168
589.4174	6468.741
588.0556	6450.354
590.064	6419.25
590.7704	6405.561
590.0208	6384.582
589.2594	6376.401
590.2608	6348.537
589.6926	6327.234
588.798	6319.215
587.8842	6299.208
587.539	6277.5
588.927	6260.49
587.4278	6242.832
587.9076	6217.479
588.3948	6203.547
587.2348	6184.917
585.0036	6169.689
585.3986	6156.324
585.0948	6133.887
585.2252	6109.668
586.4894	6093.711
585.6732	6072.408
584.365	6053.94
582.2016	6050.619
583.3824	6022.026
584.8652	5993.028
584.0742	5983.713
583.5616	5961.924
582.4912	5942.403
581.6142	5933.493
582.67	5906.115
582.864	5881.005
582.9062	5869.098
581.8586	5849.334
581.3984	5826.816
580.684	5817.825
580.701	5793.93
580.4532	5770.278
580.2842	5759.343
580.2012	5735.448
580.9216	5708.799
580.8256	5697.054
580.9992	5672.673
580.4872	5650.803
580.295	5639.22
580.5772	5614.353
579.0354	5595.966
578.271	5574.015
577.662	5564.295
577.4634	5540.481
578.7654	5511.726
578.2898	5501.682
577.0594	5481.756
576.1074	5461.101
575.7972	5449.923
576.3726	5423.679
575.4366	5403.024
574.7654	5393.061
575.9778	5364.387
575.9854	5339.601
575.3438	5329.962
574.4096	5309.064
573.0614	5289.381
572.911	5277.96
573.9716	5249.124
573.713	5238.27
574.5342	5210.568
576.1636	5179.464
576.2446	5167.314
573.903	5139.45
572.8448	5118.147
573.53	5103.81
574.2074	5076.351
572.8394	5056.506
572.2212	5046.543
571.2224	5025.726
571.7984	4999.401
571.7122	4987.008
571.6778	4962.222
571.6132	4938.003
571.6758	4912.812
571.3112	4901.958
570.3526	4880.574
569.622	4870.935
569.4908	4846.392
569.6958	4820.472
569.583	4809.78
568.9502	4786.938
569.2726	4760.694
568.4476	4751.784
570.2134	4719.951
569.2392	4698.648
568.792	4687.47
568.2096	4665.114
566.145	4647.78
567.043	4631.58
567.166	4606.065
565.5228	4587.192
565.6026	4574.394
567.8752	4540.698
566.261	4521.42
566.081	4509.675
565.5744	4486.266
563.4116	4468.689
563.0742	4457.673
563.4324	4430.781
564.0572	4403.403
564.3302	4377.483
562.9232	4369.788
563.3696	4343.139
564.2778	4314.222
563.3126	4305.069
562.2984	4283.361
562.7168	4268.862
561.489	4248.45
562.3094	4219.371
561.6048	4196.367
559.9986	4190.049
560.7888	4161.537
559.6144	4153.761
558.9654	4130.271
559.7556	4101.759
558.4276	4094.064
558.3422	4068.873
558.0572	4044.573
556.8526	4035.744
555.6434	4014.846
554.8838	3992.247
554.7346	3979.854
557.0836	3945.834
555.4418	3925.827
556.2516	3910.194
556.6306	3882.654
555.9496	3859.164
555.6626	3847.824
556.0992	3820.203
555.6384	3796.146
556.0392	3769.173
555.9584	3756.051
554.4214	3736.206
553.0288	3702.672
552.8598	3690.117
552.2406	3666.789
550.9156	3646.134
550.6708	3633.822
550.1922	3610.008
549.9454	3584.736
550.1468	3571.047
550.2748	3544.722
551.3254	3514.266
550.981	3502.845
552.0898	3472.227
551.3678	3448.737
551.9036	3433.914
551.8168	3408.237
551.1844	3384.666
552.214	3367.575
552.274	3341.25
551.6694	3317.436
551.4166	3304.719
550.678	3282.12
549.0164	3261.951
548.7016	3250.044
548.919	3222.99
547.6104	3201.201
547.7074	3188.241
547.2318	3163.212
547.103	3137.535
546.716	3126.195
546.0752	3102.138
544.5584	3081.726
545.369	3052.485
544.5704	3042.036
544.4564	3016.521
543.935	3004.695
543.2798	2981.367
542.9214	2956.176
543.8862	2939.328
543.1366	2915.919
542.9004	2889.756
541.33	2869.425
541.5974	2855.331
541.9246	2827.629
541.7168	2815.317
539.631	2796.525
539.246	2771.415
540.186	2754.405
539.658	2730.105
540.7882	2699.568
540.26	2687.985
538.8092	2667.168
540.2918	2635.092
539.3564	2625.291
539.6052	2597.508
537.9658	2577.177
538.828	2560.815
537.6846	2538.054
536.3006	2516.589
536.795	2501.685
537.1636	2473.254
535.3186	2453.814
535.9834	2437.776
536.1594	2410.641
536.978	2380.995
536.7662	2367.873
535.3396	2346.489
533.5558	2326.482
532.5572	2316.843
532.5666	2290.194
531.8398	2265.732
531.4696	2254.149
529.0428	2223.207
529.3206	2208.384
528.0444	2186.676
527.6132	2161.323
528.1134	2146.176
528.1172	2119.608
527.8156	2107.134
526.6586	2084.859
525.4954	2061.936
525.6554	2048.166
523.4072	2029.293
523.8382	2014.308
523.2112	1990.008
523.454	1961.415
523.409	1948.455
523.06	1922.535
522.9602	1895.643
523.2996	1881.144
523.483	1852.875
521.1956	1834.974
520.8464	1822.581
523.8416	1784.754
524.3458	1755.837
523.6462	1744.578
522.4792	1722.303
522.5312	1694.763
523.9878	1661.877
524.8632	1645.758
523.6322	1622.673
521.6482	1603.638
522.1302	1588.248
520.574	1566.54
521.5012	1536.408
520.5502	1525.878
519.5524	1502.631
520.8554	1484.001
518.8596	1464.399
518.5994	1438.641
518.51	1411.83
517.9812	1400.328
516.915	1377
516.646	1350.27
516.7036	1336.824
516.234	1310.985
513.7576	1293.084
513.938	1265.22
514.0554	1250.721
513.36	1226.34
512.158	1203.66
512.505	1188.675
512.125	1163.565
511.4112	1138.698
510.9736	1127.034
510.7474	1100.061
510.2402	1074.303
509.4868	1049.922
509.4516	1036.314
507.9898	1014.687
507.7222	1001.808
508.1042	973.053
507.4188	948.672
506.7352	924.048
506.0934	912.951
505.859	886.545
505.165	861.03
506.2228	843.777
505.2134	819.801
504.173	796.635
503.3678	786.267
503.6944	757.026
499.2636	732.969
500.6342	714.663
500.1116	688.824
497.7568	670.032
497.486	657.72
496.8258	632.772
496.7112	605.718
496.1916	593.649
495.476	569.025
494.3998	545.697
493.715	521.235
497.0798	495.072
493.2628	481.707
492.5922	456.678
491.5598	433.107
491.3248	420.147
490.34	396.495
489.3522	373.248
488.9154	347.166
488.3496	335.664
487.8622	310.068
485.3436	291.519
485.1674	264.951
484.636	253.125
482.0054	236.196
481.6668	210.357
481.628	183.06
482.4254	166.131
481.7246	141.669
479.956	120.285
479.4444	108.621
478.82	83.025
476.8114	62.856
477.0616	34.749
475.1496	27.864
472.4294	11.016
468.2534	-0.729
465.827	-5.67
458.5996	-5.751
451.4312	-6.237
447.516	-4.86
439.868	-4.455
432.3482	-4.212
425.1372	-3.807
421.3584	-3.159
414.1294	-3.969
406.7188	-3.483
403.1364	-3.969
396.0914	-4.779
389.0524	-5.589
385.2748	-5.103
378.144	-5.67
370.736	-5.67
362.991	-4.05
359.2228	-3.483
352.0504	-3.969
344.6376	-3.321
340.9058	-3.483
333.8136	-4.131
327.0828	-5.508
323.2652	-5.427
316.0688	-5.508
308.6362	-5.022
301.1034	-4.374
297.4944	-3.969
290.0482	-3.807
282.3414	-2.349
278.8368	-2.673
271.6862	-3.402
260.6642	-2.997
253.785	-4.05
250.3266	-4.941
243.0262	-4.617
235.823	-4.455
232.1542	-4.617
225.0762	-5.022
217.6152	-4.212
213.9822	-4.212
206.4976	-3.726
198.7372	-2.187
195.485	-3.24
188.372	-4.05
181.1854	-3.969
174.0046	-4.131
170.2832	-4.212
163.3486	-4.941
155.8808	-3.888
152.1138	-3.483
144.907	-3.645
137.5656	-3.321
133.8832	-2.997
126.5728	-2.673
119.4226	-3.321
112.4664	-3.969
105.388	-3.645
101.8642	-4.212
95.145	-5.67
91.2552	-5.022
83.7306	-3.321
76.588	-3.645
72.8254	-3.159
65.6648	-3.078
58.6024	-3.564
55.0688	-3.483
47.9218	-3.078
41.0964	-4.374
37.601	-4.455
30.4782	-4.617
23.4082	-4.617
16.1792	-3.807
12.6216	-4.131
5.4994	-3.564
-1.539	-3.645
